995
999 643 999 589
998 362 998 173
996 2 996 677
2 219 2 799
995 704 995 855
994 500 994 709
992 976 992 52
991 483 991 792
483 700 483 476
987 234 987 494
986 365 986 944
365 163 365 847
982 417 982 694
981 508 981 97
980 210 980 621
978 390 978 688
977 857 977 69
975 948 975 715
972 307 972 769
971 688 971 79
688 451 688 690
451 31 451 178
970 105 970 333
966 452 966 587
962 419 962 931
419 154 419 798
960 775 960 257
958 174 958 829
174 213 174 765
213 11 213 668
11 289 11 555
954 22 954 585
951 888 951 495
888 700 888 278
945 600 945 857
600 745 600 567
745 748 745 316
943 435 943 131
942 109 942 339
941 9 941 652
939 863 939 705
863 673 863 729
936 655 936 357
933 179 933 635
179 239 179 643
931 160 931 976
930 790 930 873
790 14 790 52
14 277 14 696
926 259 926 778
259 449 259 602
922 860 922 718
919 470 919 771
470 122 470 889
122 336 122 914
917 289 917 376
289 249 289 275
249 867 249 188
913 516 913 581
912 562 912 574
910 197 910 515
909 37 909 683
907 593 907 699
593 553 593 347
906 439 906 988
905 914 905 876
914 296 914 808
296 252 296 169
252 592 252 239
903 302 903 26
901 890 901 90
900 609 900 902
899 476 899 487
898 569 898 634
897 882 897 244
882 317 882 886
896 151 896 400
151 467 151 234
895 247 895 985
894 557 894 731
557 890 557 563
890 415 890 42
415 232 415 928
891 778 891 797
889 976 889 406
886 31 886 986
885 429 885 53
880 904 880 60
879 354 879 497
354 416 354 919
877 687 877 985
876 417 876 69
873 834 873 957
871 866 871 950
866 731 866 640
870 874 870 731
874 623 874 109
868 969 868 83
969 571 969 328
865 153 865 840
153 32 153 973
862 167 862 835
861 168 861 553
859 239 859 472
239 130 239 694
858 357 858 50
357 984 357 946
852 619 852 812
848 927 848 617
847 916 847 63
916 492 916 333
846 990 846 653
845 60 845 886
844 892 844 460
843 630 843 478
842 500 842 361
500 908 500 277
841 504 841 851
840 493 840 484
839 527 839 173
527 655 527 750
836 761 836 749
761 332 761 883
835 128 835 507
833 147 833 957
832 587 832 938
587 707 587 919
831 315 831 597
315 700 315 759
828 872 828 759
872 603 872 63
827 668 827 761
826 576 826 596
825 232 825 657
823 284 823 814
284 148 284 469
821 967 821 947
967 580 967 749
820 953 820 262
953 106 953 659
106 475 106 975
475 990 475 851
819 884 819 582
884 121 884 473
817 171 817 637
816 346 816 727
346 857 346 939
813 700 813 734
811 375 811 749
808 152 808 79
806 466 806 448
802 449 802 979
449 990 449 487
800 672 800 761
799 990 799 934
798 436 798 386
436 529 436 209
795 733 795 838
794 567 794 995
793 90 793 140
791 983 791 395
983 147 983 702
787 881 787 505
881 430 881 53
430 135 430 312
783 399 783 873
399 855 399 381
782 964 782 716
781 959 781 333
780 864 780 293
777 154 777 186
776 344 776 565
344 490 344 244
771 857 587 818
770 956 770 587
956 172 956 948
769 955 769 698
768 932 768 931
932 566 932 778
767 50 767 766
50 317 50 551
317 332 317 704
766 347 766 961
347 442 593 297
442 554 442 186
554 147 554 698
764 129 764 930
762 168 762 875
759 491 759 767
758 567 758 498
755 957 755 261
752 337 752 157
750 924 750 563
924 268 924 375
749 128 811 143
747 883 747 657
883 957 800 497
746 260 746 932
260 33 260 922
33 219 33 950
742 997 742 875
741 553 741 497
738 744 738 632
744 162 744 653
737 18 737 163
18 22 18 353
734 156 734 567
156 735 156 724
732 241 732 187
241 635 241 654
730 310 730 467
727 556 727 930
726 23 726 571
725 103 725 678
103 303 103 982
724 457 724 810
457 398 457 854
722 211 722 895
721 19 721 773
720 348 720 263
348 920 348 380
719 701 719 420
717 573 717 395
573 305 573 684
714 608 714 78
608 341 608 637
341 172 341 240
713 509 713 788
712 589 712 270
711 786 711 270
786 754 786 136
710 937 710 464
705 130 346 923
703 751 703 727
751 948 751 602
702 735 702 925
735 934 735 516
699 613 699 553
698 812 769 362
812 577 812 670
697 469 697 774
696 72 696 955
695 104 695 900
692 577 692 396
690 524 688 9
689 34 689 749
686 353 686 523
353 135 353 473
682 517 682 322
679 202 679 333
678 878 678 441
878 673 878 807
677 490 677 505
675 568 675 556
568 663 568 674
671 810 671 823
810 0 810 440
670 509 812 280
509 658 509 452
669 22 669 264
667 789 667 560
789 596 789 481
662 489 662 366
656 191 656 477
654 380 654 984
653 366 653 563
652 519 652 775
650 197 650 832
648 923 648 291
923 55 346 694
55 343 55 204
647 157 647 272
646 492 646 691
645 426 645 257
426 830 426 930
644 773 644 142
773 976 773 659
642 804 642 253
804 335 804 559
638 918 638 937
918 469 918 794
637 429 817 614
636 467 636 484
467 47 467 487
633 935 633 852
935 160 935 599
160 105 160 853
105 232 105 704
629 929 629 476
929 729 929 694
628 687 628 166
687 32 687 257
627 232 627 536
626 824 626 186
625 519 625 538
519 518 519 445
518 639 518 125
624 428 624 188
428 246 428 318
246 269 246 817
622 170 622 673
621 129 980 512
620 175 620 340
175 965 175 742
965 676 965 312
616 180 616 424
614 927 246 382
607 171 607 323
606 731 606 471
605 316 605 975
316 685 316 817
604 273 604 574
602 0 751 543
0 148 0 908
601 765 601 52
599 657 935 335
657 47 747 575
598 957 598 623
597 665 597 654
595 715 595 456
594 39 594 302
591 610 591 414
590 382 590 573
586 358 586 722
585 609 585 658
584 413 584 612
583 640 583 940
640 641 866 603
582 206 582 950
206 801 206 156
581 974 581 988
579 908 579 443
578 668 578 78
668 167 213 321
575 672 747 384
672 266 672 766
266 68 266 474
68 944 68 610
944 739 845 663
574 474 574 199
474 382 474 634
570 171 570 339
171 32 171 733
32 219 32 694
564 224 564 524
224 211 224 648
563 990 653 450
560 774 667 415
774 641 697 169
559 323 559 957
323 639 323 415
558 335 558 779
550 275 550 815
275 772 275 976
549 205 549 974
205 763 205 274
546 38 546 517
545 369 545 359
544 136 544 590
136 142 136 930
543 279 543 990
542 548 542 410
548 254 548 450
540 60 540 982
539 356 539 201
356 439 356 394
538 490 538 159
490 520 490 494
535 134 535 338
134 124 134 658
534 477 534 887
530 520 530 734
520 452 520 576
452 429 509 163
528 521 528 466
521 649 521 947
526 887 526 751
887 277 534 301
523 743 686 135
743 718 743 841
718 541 718 824
522 24 522 555
24 429 24 569
515 464 515 559
514 159 514 153
512 360 512 503
511 104 511 959
510 623 510 517
507 959 507 950
959 864 511 565
506 567 506 967
503 572 503 638
572 352 572 275
502 796 502 893
796 277 796 696
501 391 501 14
391 124 391 284
499 147 499 415
498 200 498 980
497 417 800 275
496 277 496 553
277 553 277 749
495 351 495 634
351 634 351 830
487 818 467 222
818 274 354 803
274 693 274 532
693 104 693 547
486 376 486 302
376 210 376 393
210 191 210 363
485 801 485 416
482 552 482 78
552 516 552 563
481 493 481 437
478 508 478 365
473 69 473 840
471 435 606 216
468 736 468 861
461 167 461 982
460 491 460 794
491 484 491 944
459 373 459 563
373 753 373 547
753 299 753 950
458 976 458 925
976 232 768 345
456 255 456 643
255 494 255 809
454 472 454 468
472 973 859 233
973 335 153 968
450 592 450 152
447 90 447 327
90 208 90 533
208 190 208 567
445 328 445 277
328 902 328 805
902 623 695 765
623 147 623 796
443 728 443 516
728 596 728 532
596 822 596 134
440 34 724 81
438 659 438 465
659 439 659 706
439 180 439 477
180 610 180 32
437 963 437 801
963 202 963 448
202 655 202 816
655 516 655 612
434 306 434 295
306 588 306 878
588 69 588 95
433 386 433 94
386 8 386 927
8 635 8 611
432 429 432 244
429 494 429 991
494 466 490 321
431 244 431 294
244 784 432 7
427 98 427 163
98 493 98 382
493 254 493 515
254 779 254 771
425 168 425 358
424 31 424 746
423 754 423 139
754 566 754 827
422 617 422 546
421 191 421 477
191 556 191 975
420 352 420 312
352 853 352 312
853 70 853 995
418 129 418 715
414 569 591 342
569 448 569 723
412 211 412 866
411 183 411 615
410 541 410 891
409 779 409 510
408 643 408 882
407 385 407 659
406 576 889 402
576 643 520 259
643 556 643 66
405 988 405 226
988 674 988 137
674 64 674 286
64 937 64 310
403 382 403 952
382 394 316 164
402 198 402 93
198 69 198 134
69 661 69 853
401 170 401 821
400 537 400 761
537 307 537 124
397 67 397 473
67 148 67 134
395 326 395 764
393 565 376 3
565 691 511 563
691 188 691 612
392 571 392 197
571 504 726 404
504 613 504 561
389 192 389 792
192 396 192 761
388 957 388 136
957 685 395 634
685 301 685 183
387 680 387 715
680 661 680 235
384 955 657 473
383 757 383 185
381 556 381 986
556 104 556 749
379 704 379 597
704 232 105 321
374 477 374 274
477 700 477 914
372 508 372 398
371 850 371 123
370 763 370 995
368 618 368 964
367 609 367 187
364 337 364 377
337 369 337 899
363 271 363 75
361 516 361 849
359 339 359 559
339 666 339 845
355 993 355 657
350 849 350 63
849 307 849 148
307 990 307 507
349 937 349 435
345 955 754 167
955 948 796 660
342 979 342 821
979 779 979 48
340 150 620 147
150 613 150 731
338 4 535 95
4 729 4 257
729 335 863 310
334 561 334 661
561 45 561 311
333 380 333 767
331 855 331 253
855 326 370 183
330 455 330 904
455 619 455 922
619 612 619 681
612 273 691 144
273 303 273 843
327 661 327 50
661 532 661 150
325 190 325 564
190 70 190 479
324 803 324 657
803 589 354 342
320 829 320 658
318 921 318 845
314 822 314 110
313 756 313 32
312 60 719 267
60 775 60 989
775 121 652 329
311 985 311 736
309 396 309 498
396 567 396 583
308 228 308 339
228 258 228 362
258 82 258 68
304 197 304 665
300 603 300 715
298 129 298 26
129 651 129 574
651 609 651 437
297 589 297 683
293 968 293 536
292 778 292 965
291 792 648 267
290 805 290 358
288 161 288 982
287 390 287 878
390 805 390 976
286 904 286 856
285 462 285 321
462 398 462 178
398 940 398 701
283 168 283 175
280 279 280 561
279 618 279 651
618 760 618 809
278 35 888 26
35 555 35 234
276 815 276 799
267 851 267 707
851 864 851 765
864 109 864 368
109 927 874 78
265 706 265 969
706 715 659 487
715 733 300 681
733 261 733 342
264 22 264 845
263 203 263 677
262 162 820 42
162 37 162 468
37 281 37 330
257 532 687 76
253 893 253 94
893 82 893 602
82 814 82 626
814 658 671 767
251 513 251 650
248 805 248 8
805 369 265 336
369 985 369 638
245 193 245 563
243 660 243 353
242 952 242 525
952 765 403 460
765 666 851 76
240 834 240 985
834 615 834 38
615 748 615 925
238 508 238 651
237 632 237 906
632 665 738 603
665 484 665 765
236 130 236 256
130 375 130 154
231 124 231 561
124 822 124 356
230 524 230 115
524 319 524 563
319 635 319 672
229 807 229 404
807 630 807 117
630 170 630 355
227 70 227 208
226 172 226 798
225 465 225 104
465 867 438 378
223 532 223 24
221 476 221 893
476 435 476 609
220 25 220 946
25 219 25 786
218 663 218 859
663 676 264 37
215 631 215 105
214 580 214 672
212 968 212 761
209 681 209 840
681 968 681 88
207 91 207 516
204 850 204 134
850 940 850 81
201 362 201 18
196 282 196 478
282 875 282 603
875 404 742 639
195 378 195 954
194 513 194 419
513 45 513 381
45 417 45 160
417 760 417 120
189 683 189 547
683 708 683 785
708 31 708 429
187 101 187 603
101 772 101 631
772 634 772 463
186 536 186 346
536 157 536 234
157 641 157 457
641 610 641 66
185 784 185 188
784 247 784 985
184 736 184 114
736 281 852 801
182 305 182 702
305 256 305 899
181 555 181 831
555 299 555 968
178 479 178 649
479 838 479 239
838 809 838 634
809 378 618 168
378 172 378 385
172 927 172 503
177 785 177 25
785 235 297 411
176 159 176 795
159 70 159 606
70 326 70 718
173 271 173 73
271 161 271 157
161 778 161 958
778 837 746 80
837 567 577 767
169 464 296 54
464 435 710 52
165 358 165 945
164 235 164 994
158 701 158 113
149 508 149 209
508 892 508 573
892 937 892 696
146 394 146 0
394 639 124 301
639 739 875 701
145 332 145 759
144 416 691 10
416 38 416 97
38 830 38 547
830 857 351 484
857 9 945 138
143 964 277 468
141 984 141 134
984 183 181 155
183 358 855 985
139 934 139 37
934 435 934 822
138 466 945 115
137 676 581 764
133 723 133 63
723 920 723 760
920 968 920 997
968 801 555 336
132 466 132 680
131 31 131 709
31 217 31 611
127 947 127 817
126 77 126 823
77 964 77 724
964 673 964 217
673 763 622 41
763 567 763 489
125 188 125 644
188 299 188 534
299 335 299 310
335 261 335 993
123 84 123 835
84 343 84 178
343 87 343 541
119 234 119 266
234 92 234 899
92 469 92 709
469 658 469 365
658 281 141 21
281 676 281 931
676 322 676 892
322 435 682 54
118 748 118 123
748 9 748 63
117 142 878 385
116 57 116 97
115 154 115 852
154 294 130 18
294 760 294 290
114 961 114 413
961 57 145 362
57 854 57 559
113 566 113 357
566 233 566 448
112 928 112 922
928 757 323 312
757 541 757 516
111 856 111 931
856 634 286 614
634 990 359 326
110 700 110 753
108 91 108 495
91 484 91 520
107 911 107 95
911 135 911 931
135 921 686 1
921 797 921 739
102 740 102 274
740 904 740 792
100 815 100 49
815 34 550 396
34 435 34 796
99 532 99 246
97 949 97 722
949 163 949 76
163 199 163 448
96 23 96 164
23 39 23 301
39 380 39 463
95 270 95 168
270 484 270 756
484 360 397 380
94 505 94 33
505 360 505 925
360 489 360 930
489 822 489 115
93 466 93 788
89 947 89 773
947 516 342 90
516 301 207 290
88 946 300 547
946 908 357 715
908 589 0 756
589 613 589 93
86 148 86 361
148 617 361 256
85 3 85 72
3 613 3 282
613 937 613 143
81 869 156 468
869 235 869 261
235 380 132 186
80 684 80 79
684 444 684 829
444 635 444 408
79 326 122 186
326 301 495 446
78 940 78 256
940 610 396 563
76 140 76 532
140 603 140 547
603 47 282 498
47 797 47 114
75 533 75 817
533 480 342 76
480 152 480 120
152 303 396 87
303 366 303 182
366 104 366 854
74 121 74 281
121 49 121 843
49 927 49 873
73 128 73 941
128 302 128 265
71 104 71 111
104 801 104 437
66 492 456 75
492 193 492 615
65 302 65 958
63 985 469 295
985 358 784 457
358 301 207 73
62 701 62 756
701 937 398 558
937 9 603 597
61 72 61 716
59 272 59 534
272 824 272 469
824 199 70 467
199 592 199 457
58 547 58 375
547 580 547 50
580 731 580 801
731 256 150 245
56 950 56 266
950 87 507 611
87 666 396 27
666 541 666 700
54 336 54 950
336 321 336 75
321 446 321 453
446 211 495 216
53 155 53 692
155 170 155 250
170 562 170 817
562 302 562 310
302 531 302 375
531 329 531 693
329 200 73 749
200 301 200 208
301 217 59 84
217 867 368 208
52 649 52 817
48 915 48 602
915 709 915 654
709 167 170 602
167 435 111 725
46 269 46 500
269 232 269 557
44 925 44 841
925 256 505 612
256 380 256 145
380 532 397 203
532 72 342 26
72 9 72 786
9 610 9 788
610 739 68 124
43 541 43 362
42 635 42 956
635 609 933 551
609 990 476 63
990 974 520 20
41 974 622 14
974 541 466 892
40 197 40 719
197 822 197 960
36 222 36 14
222 377 234 163
377 295 377 461
30 716 30 385
716 700 782 487
700 801 700 310
29 860 29 965
860 166 860 381
28 611 28 944
611 295 582 867
295 660 469 218
660 938 466 226
938 792 938 233
792 219 429 120
219 617 219 46
27 332 245 517
26 788 197 541
21 19 658 921
19 631 19 925
631 649 631 773
649 779 84 13
779 233 558 617
233 261 938 12
20 997 259 114
997 529 997 694
529 551 529 882
551 385 50 518
385 203 385 239
203 261 473 694
17 904 17 489
904 22 339 365
22 413 83 239
413 739 114 193
16 310 16 555
310 211 562 93
211 541 211 927
541 375 26 759
15 166 15 674
166 51 166 515
51 707 51 344
13 216 353 1
216 989 395 505
989 404 60 346
404 760 404 300
760 867 569 214
867 739 950 42
12 120 339 349
120 247 792 764
247 453 247 816
453 435 213 239
435 739 986 6
10 788 505 398
788 463 788 756
463 168 39 188
168 448 168 931
448 142 487 921
142 193 50 395
7 488 244 75
488 517 488 907
517 250 511 232
250 854 597 75
854 232 995 563
232 375 563 346
375 927 375 921
927 822 226 684
822 739 2 761
739 592 658 664
6 362 365 395
362 147 362 242
147 525 147 385
525 567 362 42
567 592 567 603
592 801 592 335
801 797 852 301
5 948 5 419
948 756 145 312
756 268 93 505
268 829 268 900
829 664 226 346
664 193 585 410
193 553 75 365
553 332 277 76
332 617 332 672
617 797 50 346
797 261 487 346
261 707 261 749
707 993 26 226
993 441 335 930
441 1 168 186
