1000
409 779
266 672
663 218
855 326
634 772
162 262
167 435
857 346
372 508
922 860
578 668
873 834
21 19
603 47
378 809
129 298
313 756
487 818
301 358
413 739
310 211
405 988
91 207
801 592
914 296
389 192
362 6
592 450
484 270
821 967
141 984
738 744
708 31
630 843
692 577
937 349
453 435
837 567
363 271
847 916
797 47
850 371
857 771
299 335
561 334
547 580
707 587
676 965
170 630
146 394
951 888
37 909
618 279
613 937
425 168
822 739
835 128
60 540
418 129
184 736
715 706
647 157
72 9
572 503
332 553
351 495
73 128
566 233
151 896
972 307
320 829
109 942
289 11
737 18
273 604
172 956
589 908
224 211
885 429
706 265
984 183
622 170
659 439
824 272
404 760
665 597
661 327
459 373
952 242
522 24
781 959
883 957
552 482
701 62
728 443
305 182
660 243
103 303
516 361
277 887
779 979
929 729
326 301
284 823
93 466
555 181
130 375
45 513
565 393
974 581
585 609
563 990
0 602
774 560
748 615
985 358
643 999
22 18
232 105
55 923
270 95
39 594
198 69
322 676
655 516
462 285
23 39
574 474
726 23
867 739
867 465
471 435
325 190
134 124
60 845
380 235
249 289
618 368
476 899
466 974
235 869
828 872
110 700
191 656
700 716
861 168
730 310
571 392
167 709
68 266
357 858
509 670
340 150
517 682
7 488
85 3
463 168
797 261
129 764
302 562
138 466
571 969
990 475
932 566
56 950
728 596
786 754
492 66
464 169
864 851
9 748
518 519
58 547
200 498
806 466
104 556
850 204
541 666
693 104
477 700
537 400
881 430
417 760
170 562
142 193
964 77
452 429
743 523
556 381
527 839
114 961
893 253
800 672
280 279
335 804
98 493
901 890
968 293
376 486
671 810
480 533
159 70
281 676
530 520
336 122
774 641
210 980
927 172
356 539
437 963
908 579
505 360
619 852
966 452
232 627
104 695
524 690
799 990
691 565
531 329
613 3
410 541
697 469
43 541
427 98
94 505
556 191
947 89
817 171
591 610
789 596
664 829
451 31
805 290
130 239
974 41
344 490
628 687
173 271
694 301
484 491
223 532
144 416
529 997
237 632
336 321
985 369
516 947
390 805
220 25
115 154
447 90
875 404
332 617
284 148
801 104
778 161
451 688
32 687
241 732
973 335
300 603
401 170
834 615
475 106
723 920
911 135
288 161
267 851
54 336
746 260
120 247
377 222
915 48
752 337
178 479
147 362
649 779
76 140
417 497
347 766
160 931
910 197
136 142
895 247
225 465
22 904
33 260
171 607
641 157
183 358
107 911
814 82
102 740
815 100
315 831
751 703
493 254
490 677
22 954
193 553
751 948
512 360
915 709
244 784
426 830
678 878
360 489
937 892
864 959
308 228
649 521
863 673
870 874
153 32
75 533
70 326
506 567
411 183
196 282
496 277
199 163
838 479
788 10
592 199
606 731
513 251
739 944
743 718
617 797
577 812
878 673
446 321
281 736
238 508
307 537
567 794
956 770
796 277
373 753
860 166
332 761
762 168
916 492
442 554
128 749
177 785
765 952
516 913
775 960
195 378
87 343
510 623
494 429
822 197
326 395
448 569
760 294
810 0
295 660
67 148
435 476
365 986
657 599
256 380
859 239
676 663
57 116
541 211
1 441
246 428
69 661
567 592
610 739
419 154
394 639
875 282
731 580
382 590
24 429
135 353
23 96
179 239
921 797
307 990
534 477
335 558
269 232
867 760
369 805
441 993
513 194
626 824
907 593
643 408
665 632
25 219
213 11
945 600
990 449
31 424
959 507
317 332
613 504
140 603
60 312
302 531
869 81
830 857
624 428
857 9
919 470
47 467
646 492
902 623
420 352
784 247
684 444
955 384
871 866
4 338
524 319
203 385
139 934
77 126
264 22
137 676
665 484
576 406
386 433
570 171
38 830
693 274
516 301
32 171
435 934
53 155
867 249
9 937
924 750
417 45
469 918
216 13
518 639
608 341
59 272
473 69
328 902
258 228
135 430
904 880
109 864
252 296
310 16
934 735
707 993
688 971
170 155
112 928
31 886
399 783
508 892
985 311
219 792
79 326
307 849
394 382
429 637
528 521
541 974
938 660
704 995
657 47
203 263
918 638
317 50
767 50
514 159
347 442
775 121
790 930
360 484
331 855
937 710
645 426
541 375
718 541
429 432
683 708
532 380
200 329
467 151
618 760
136 544
983 791
359 339
435 34
623 874
796 502
449 259
201 362
203 261
775 60
801 485
104 366
277 553
396 567
620 175
573 305
655 936
613 589
519 652
49 927
20 997
735 702
457 724
484 91
131 31
414 569
631 19
130 236
305 256
335 261
970 105
68 944
648 923
658 469
147 623
879 354
920 348
61 72
391 501
586 358
948 756
370 763
402 198
435 322
666 87
364 337
26 788
763 567
580 967
598 957
191 210
903 302
853 352
655 527
612 619
801 700
904 740
920 968
785 235
130 705
294 154
790 14
508 478
324 803
440 34
957 755
212 968
525 147
635 319
129 621
700 813
452 520
968 801
713 509
772 101
232 375
149 508
467 636
757 383
883 747
491 460
864 780
974 990
72 532
937 701
246 269
739 435
856 634
92 469
884 121
365 163
318 921
111 856
316 605
457 398
44 925
613 699
436 798
36 222
186 536
609 900
807 630
366 303
890 415
166 15
343 84
631 215
375 811
948 5
782 964
63 985
72 696
921 135
595 715
609 367
741 553
722 211
504 571
617 219
937 64
674 988
717 573
323 639
357 984
396 309
362 998
492 193
480 152
87 950
34 815
51 707
224 564
820 953
619 455
481 493
175 965
29 860
926 259
83 22
561 45
315 700
541 757
124 231
761 836
147 499
617 148
592 252
745 600
369 545
797 801
439 180
906 439
635 444
610 180
412 211
277 14
680 661
736 468
734 156
358 165
84 123
515 464
795 733
897 882
679 202
992 976
17 904
37 281
961 57
884 819
668 167
413 22
407 385
698 812
938 792
891 778
927 822
30 716
42 635
525 567
666 765
802 449
580 214
57 854
446 211
269 46
701 719
448 142
610 940
818 274
488 517
234 987
82 258
529 551
167 862
435 464
575 672
788 463
179 933
38 416
776 344
712 589
185 784
476 221
940 850
434 306
51 166
377 295
991 483
827 668
629 929
757 928
208 190
303 152
332 145
609 990
731 866
603 872
517 250
651 129
940 78
197 304
35 555
863 939
989 404
108 91
955 345
658 281
142 117
240 834
616 180
649 631
209 681
556 727
413 584
739 592
124 391
350 849
977 857
546 38
162 37
653 366
789 667
865 153
556 643
589 803
229 807
8 386
113 566
202 963
562 912
156 735
572 352
587 832
168 283
610 9
555 299
234 92
669 22
704 379
419 962
415 232
635 609
70 190
250 854
815 276
889 976
2 219
378 172
268 756
40 197
634 351
67 397
216 989
742 997
255 494
754 566
957 388
356 439
105 160
97 949
202 655
733 715
745 748
168 448
642 804
904 286
990 846
301 685
983 147
814 658
500 842
753 299
524 230
268 829
2 996
649 52
147 833
217 867
940 398
608 714
205 549
538 490
174 958
673 763
461 167
520 490
219 32
348 720
979 342
681 968
436 529
19 721
143 964
219 33
552 516
399 855
35 278
792 291
302 128
887 526
390 978
975 948
193 245
438 659
801 206
837 577
462 398
90 208
707 261
733 261
458 976
470 122
491 759
200 301
255 456
248 805
289 917
152 808
455 330
422 617
192 396
472 973
157 536
31 217
132 466
232 976
588 306
905 914
335 729
271 161
868 969
927 109
103 725
49 121
881 787
417 876
583 640
423 754
287 390
765 601
633 935
380 39
454 472
955 769
826 576
994 500
374 477
301 217
890 557
474 382
927 375
64 674
711 786
172 341
316 685
691 188
654 380
550 275
508 981
779 254
568 663
431 244
611 295
106 953
532 661
257 532
675 568
164 235
651 609
158 701
292 778
777 154
453 247
955 948
233 261
241 635
104 511
34 689
176 159
65 302
947 127
686 353
927 848
332 27
941 9
822 124
763 205
369 337
908 946
493 840
55 343
898 569
380 333
28 611
824 199
635 8
70 227
744 162
187 101
612 273
297 589
133 723
4 729
346 816
894 557
256 731
673 964
119 234
118 748
104 71
664 193
700 483
877 687
90 793
416 354
908 500
844 892
328 445
489 662
489 822
841 504
148 86
893 82
160 935
256 925
888 700
644 773
99 532
273 303
704 232
739 639
634 990
553 593
210 376
148 0
188 125
596 822
120 12
567 758
147 554
684 80
233 779
949 163
206 582
70 853
385 551
924 268
548 542
822 314
685 957
232 854
121 74
641 640
403 382
69 588
543 279
943 435
946 88
809 838
658 509
421 191
232 825
172 226
683 189
188 299
417 982
134 535
559 323
197 650
254 548
641 610
882 317
625 519
666 339
576 643
993 355
932 768
837 778
927 614
772 275
494 466
174 213
773 976
150 613
680 387
730 467
863 310
234 536
515 493
208 200
723 569
495 634
725 678
385 378
397 380
52 992
275 289
354 342
607 323
431 294
482 78
466 892
494 490
173 998
131 943
721 773
621 980
153 973
265 128
219 46
922 260
747 657
460 403
312 323
778 926
97 981
466 226
553 496
640 866
395 505
798 419
75 597
75 363
800 275
335 993
443 516
616 424
281 74
719 420
72 786
886 882
557 563
534 188
845 264
295 434
346 563
321 453
66 643
690 688
832 938
275 572
568 674
206 156
386 927
59 534
505 612
775 652
208 227
468 277
671 767
76 687
658 664
702 983
169 296
614 817
773 631
945 115
950 753
178 84
668 213
596 826
874 78
342 90
942 339
846 653
768 345
792 389
688 9
985 240
339 845
720 263
357 936
19 925
65 958
467 70
52 790
784 457
489 763
880 60
76 342
68 258
120 417
226 798
769 972
116 97
560 667
343 541
301 852
57 559
121 843
366 854
676 892
974 466
927 211
509 163
985 784
747 384
75 817
495 216
641 66
988 137
648 267
708 429
310 700
648 291
924 375
442 186
767 333
718 824
52 817
946 357
719 267
108 495
657 355
400 761
685 183
821 401
261 749
73 749
214 569
277 445
905 876
76 949
461 982
448 806
754 167
900 695
404 726
321 285
503 638
181 155
755 261
811 749
111 931
543 751
827 761
201 539
290 294
500 46
852 115
944 28
653 563
603 866
761 800
420 312
777 186
163 234
436 209
32 180
896 400
90 901
841 743
49 873
168 95
514 153
764 395
771 919
284 391
631 101
582 950
171 733
746 932
859 472
393 376
982 540
832 650
591 414
916 333
168 618
75 244
695 765
267 707
976 275
143 613
838 634
109 874
807 117
467 222
424 746
918 794
694 982
0 756
767 759
931 281
282 498
195 954
358 425
332 672
903 26
892 696
158 113
175 742
464 710
376 917
724 77
692 396
297 683
365 478
716 782
341 240
561 504
546 517
439 477
237 906
931 976
190 479
878 306
686 135
477 914
953 659
375 58
717 395
311 561
561 231
188 185
76 277
379 597
301 124
279 651
79 971
878 287
268 900
360 930
976 390
498 758
383 185
602 259
795 838
698 769
759 145
261 869
388 136
781 333
858 50
467 487
480 120
392 197
868 83
871 950
542 410
33 950
93 505
162 468
123 371
602 751
209 149
71 111
574 912
277 749
834 38
787 505
209 840
239 479
603 567
955 696
965 292
995 855
403 952
173 839
672 214
870 731
674 286
72 85
909 683
655 612
250 155
995 853
312 965
239 213
286 856
218 469
882 408
590 573
9 788
628 166
522 555
632 738
611 507
938 233
706 659
921 375
611 31
365 395
327 50
718 70
520 91
582 819
430 312
274 374
53 692
897 244
614 286
269 557
96 164
997 694
786 136
223 24
164 316
150 661
770 587
67 134
765 851
795 176
751 526
153 968
585 410
460 794
359 545
387 715
217 964
875 762
44 841
574 604
254 771
845 886
245 150
939 705
647 272
661 334
922 455
885 53
141 21
115 489
930 335
437 481
487 899
265 969
841 851
511 232
204 55
602 170
925 615
835 123
722 97
759 828
92 709
448 963
273 843
352 312
207 516
737 163
283 175
523 686
508 573
513 381
8 248
754 827
580 801
278 888
497 800
252 239
792 991
163 427
346 694
342 733
131 709
985 895
329 652
25 177
742 639
934 822
586 722
823 126
611 8
925 458
487 659
300 404
476 63
16 555
197 541
968 555
567 734
0 908
767 766
950 507
946 220
975 106
602 893
26 888
124 537
793 140
186 626
196 478
265 336
487 782
53 881
50 551
724 81
264 669
242 525
520 576
772 463
609 476
178 451
441 678
159 606
118 123
914 122
396 550
368 864
97 416
156 724
246 382
386 798
851 76
558 779
83 239
78 714
134 658
259 520
581 913
938 12
119 266
622 673
438 465
725 111
620 147
701 398
173 73
150 731
13 84
30 385
24 569
60 346
906 988
986 6
362 228
365 339
898 634
354 803
774 697
342 591
969 328
105 704
114 413
597 831
107 95
166 515
397 203
865 840
385 147
638 937
99 246
438 378
875 742
476 483
208 567
528 466
933 635
411 615
351 484
605 975
847 365
395 791
538 159
875 701
558 398
533 90
367 187
796 34
929 694
907 699
820 262
415 323
563 750
165 945
396 27
346 226
561 280
302 594
584 612
376 3
985 855
309 498
518 125
429 991
575 747
40 719
744 653
799 934
899 305
550 815
659 407
298 26
372 398
303 182
112 922
734 530
500 277
263 677
679 333
100 49
680 235
995 370
945 857
928 415
954 585
469 295
394 356
355 630
563 396
547 373
657 324
820 42
967 749
866 412
883 761
589 999
490 321
35 234
330 904
364 377
608 637
785 683
654 915
226 405
974 549
143 811
335 592
340 620
776 565
243 353
765 665
18 353
249 188
381 399
290 358
957 559
197 960
230 115
966 587
182 702
757 516
293 536
359 326
651 437
984 654
484 636
48 979
547 140
997 920
487 346
718 922
82 626
457 854
293 780
402 93
491 944
415 499
114 184
547 693
684 573
556 749
524 563
457 199
311 736
382 98
353 1
756 788
432 244
861 553
967 506
199 574
469 365
10 691
638 369
282 603
308 339
527 750
564 325
361 256
102 274
157 457
234 151
535 338
186 132
622 14
767 577
948 956
810 440
799 2
124 356
448 163
532 728
749 836
559 515
284 469
644 142
339 570
473 397
665 304
536 627
563 245
931 962
878 807
36 14
380 348
821 342
696 796
226 684
941 73
63 350
313 32
715 357
169 697
238 651
663 845
817 170
958 829
853 160
849 148
727 816
547 189
563 995
571 726
411 297
773 659
890 42
980 498
914 808
840 484
900 902
882 529
328 805
266 56
193 114
610 68
154 130
353 473
208 368
129 574
310 299
225 104
507 307
236 256
764 581
809 618
921 658
950 54
201 18
50 395
617 558
468 454
239 694
416 485
450 653
495 446
986 944
7 432
804 559
473 657
833 957
674 15
859 218
840 473
817 246
470 889
23 301
505 398
990 543
911 931
186 168
987 494
257 960
964 368
886 986
319 672
821 947
89 773
474 266
941 652
985 877
172 503
980 512
330 37
520 20
797 891
583 396
511 563
563 552
253 94
812 670
534 301
505 677
588 95
792 740
63 133
517 245
503 512
187 732
362 42
103 982
429 120
81 850
925 702
59 84
764 930
114 259
672 766
395 634
788 93
134 596
930 727
194 419
794 995
337 899
321 213
895 722
848 617
318 428
935 335
422 546
270 711
459 563
282 3
812 852
138 945
157 271
50 346
597 603
73 207
741 497
577 837
456 643
257 4
134 198
808 79
145 312
753 110
727 703
215 105
435 349
982 288
656 477
354 919
39 463
729 863
361 86
734 813
752 157
409 510
476 629
141 134
450 548
52 710
919 587
681 300
615 492
554 698
132 680
624 188
601 52
280 812
988 581
160 45
677 996
847 63
654 241
562 310
94 433
748 63
873 783
486 302
54 296
547 38
14 501
802 979
887 534
310 64
322 682
507 835
426 930
830 351
316 817
114 47
385 878
477 421
122 186
553 699
876 69
60 989
931 768
555 336
935 599
381 986
585 658
921 487
645 257
333 970
110 314
667 415
469 272
716 61
681 619
452 509
835 862
253 642
336 75
700 666
204 134
42 950
377 461
947 521
939 346
362 43
623 796
344 51
11 555
290 207
567 600
124 68
300 715
14 696
709 994
78 256
766 961
80 746
759 315
792 764
381 860
361 842
274 205
867 582
765 174
930 136
932 778
823 814
270 712
301 694
884 473
891 410
602 48
598 623
606 471
825 657
361 849
331 253
37 139
517 510
76 532
69 853
359 559
544 590
603 738
26 759
75 456
256 145
873 930
511 959
956 42
889 402
723 760
646 691
735 516
845 318
226 26
349 339
179 643
1 686
756 62
547 300
450 152
113 357
578 78
419 5
816 202
816 247
39 188
505 925
595 456
168 931
468 861
50 518
852 801
362 145
251 650
689 749
693 531
29 965
444 408
302 375
191 975
823 671
872 63
448 566
648 224
474 634
612 691
761 192
187 603
105 321
366 662
244 344
210 363
873 957
87 396
139 423
437 801
69 977
844 460
694 32
18 130
502 893
644 125
317 704
538 625
589 93
786 25
817 127
475 851
95 535
212 761
495 951
242 362
257 687
809 255
233 859
731 894
216 606
161 958
346 923
831 181
756 270
907 488
654 597
682 54
565 511
146 0
724 810
789 481
33 94
234 899
658 320
327 447
489 17
164 994
556 675
365 75
497 879
739 921
22 83
889 406
346 186
342 26
799 276
761 2
221 893
933 551
843 478
316 745
264 37
347 593
694 473
713 788
637 817
524 564
104 437
50 547
178 462
829 684
418 715
370 183
239 385
445 519
362 769
297 593
587 818
681 88
691 144
80 79
852 633
940 583
229 404
156 468
562 93
443 579
978 688
715 975
449 487
41 622
178 649
274 532
796 660
515 910
