1000
621 470
581 319
575 115
498 755
265 140
4 204
829 279
480 279
58 1
835 987
489 629
456 587
505 381
505 351
426 71
584 530
86 643
710 369
126 698
802 691
36 566
902 979
789 555
527 839
290 465
550 657
319 538
602 626
251 436
730 945
463 115
56 202
744 486
773 117
47 440
473 289
219 989
776 964
886 985
124 248
600 133
79 890
778 123
350 791
806 895
638 79
203 682
762 385
786 723
308 924
595 854
397 666
756 865
355 188
334 869
91 610
648 732
92 638
327 721
941 762
807 474
898 128
109 52
519 734
754 918
742 734
110 233
559 592
335 155
537 518
322 188
256 206
278 72
284 617
10 957
850 418
759 468
636 487
288 838
417 727
129 52
601 467
72 388
231 323
698 80
804 54
381 2
799 182
56 110
969 691
89 231
5 329
499 207
63 678
458 881
988 66
413 885
235 580
609 756
390 72
955 359
112 500
777 241
102 999
898 842
205 424
274 272
727 935
133 305
753 30
67 42
652 867
379 87
674 154
217 348
660 839
707 317
289 929
831 699
545 28
691 981
385 997
819 954
160 15
672 417
908 634
190 111
330 531
898 123
213 115
909 734
327 717
995 769
734 523
829 108
750 474
347 351
891 205
673 505
362 761
839 709
403 218
460 885
547 280
718 982
456 60
396 446
795 120
938 970
600 831
592 846
407 879
719 233
727 485
982 310
816 13
809 349
375 648
441 93
835 39
339 958
12 829
340 246
731 418
892 406
85 162
279 744
377 58
342 915
363 750
689 204
135 713
445 797
299 227
69 782
480 14
772 570
896 685
999 940
93 905
70 47
178 362
561 253
749 122
860 96
966 908
73 370
128 539
325 32
415 955
878 100
134 105
588 265
471 210
918 476
871 348
19 134
8 145
697 865
477 336
657 266
245 689
420 263
786 327
581 868
645 540
235 536
312 970
931 239
262 766
751 440
348 453
455 448
76 569
702 85
277 259
143 756
752 661
83 38
472 669
763 523
601 293
127 964
796 52
215 74
891 916
446 274
991 167
101 941
515 136
144 120
732 936
643 877
996 464
919 652
617 768
138 261
359 873
839 963
677 651
539 279
796 620
58 835
417 667
106 282
862 689
244 6
893 644
44 587
388 488
89 890
749 740
6 334
440 384
484 572
527 456
123 432
789 537
107 494
252 590
475 931
564 961
99 456
373 650
576 974
575 482
346 591
994 242
541 792
286 512
736 432
297 374
665 797
630 389
156 1
480 542
325 30
829 534
43 448
957 975
456 769
906 886
69 282
419 689
400 382
251 136
451 337
428 408
471 744
594 838
399 488
811 618
768 896
539 119
983 250
815 540
334 831
592 501
266 341
734 271
191 175
24 440
406 600
36 430
635 737
946 688
468 536
360 883
766 613
607 76
917 785
19 387
986 425
524 543
243 60
169 734
270 988
658 3
72 521
944 946
410 180
599 638
959 739
491 292
819 885
59 351
74 43
200 197
324 972
942 632
390 166
134 693
126 950
407 536
363 111
584 610
939 889
818 556
194 861
582 256
768 562
208 280
995 588
579 152
993 953
480 520
51 894
614 722
26 784
701 704
710 731
594 133
213 861
924 220
725 591
338 5
167 958
652 980
276 653
351 707
672 170
396 226
78 660
870 658
532 594
913 505
651 443
350 423
789 254
820 668
478 469
37 45
157 859
832 917
675 9
513 727
172 774
376 617
472 73
33 230
107 720
946 670
701 606
394 686
451 923
983 486
944 551
330 964
598 798
763 88
997 724
475 888
374 918
672 115
61 757
835 952
965 176
738 995
324 604
451 428
240 325
388 158
708 119
30 132
769 279
978 108
157 301
961 686
214 433
903 789
504 588
462 708
638 847
390 61
926 856
171 574
948 80
543 120
367 645
635 794
532 96
0 760
335 581
618 616
104 300
171 30
716 878
412 320
847 752
391 411
550 74
183 463
713 163
440 149
648 555
249 191
159 361
392 945
427 528
206 943
409 510
718 277
690 659
96 416
72 873
521 20
654 23
471 466
890 260
744 351
905 695
367 743
363 30
821 273
901 380
46 334
995 3
659 501
835 195
729 493
173 436
45 348
354 471
643 496
744 94
329 491
5 405
824 639
131 960
791 411
787 798
787 677
581 910
749 308
403 179
962 31
50 160
801 885
86 275
354 7
686 627
80 95
454 716
940 437
424 157
747 558
334 414
924 192
715 409
996 988
614 988
264 36
653 810
604 422
971 126
846 615
694 550
522 754
103 919
758 452
5 313
725 412
825 60
167 645
701 471
535 812
334 5
672 764
157 309
55 101
923 200
295 14
118 934
65 522
588 326
877 619
665 60
233 933
833 880
285 962
914 468
90 374
213 294
37 228
28 234
659 187
505 225
605 791
932 229
737 89
751 404
578 611
990 769
168 706
508 413
876 683
533 186
768 75
222 796
691 780
261 915
725 907
283 359
277 589
98 599
169 866
554 289
60 645
469 167
420 81
583 43
302 750
154 838
591 406
162 767
964 471
442 363
198 182
624 367
754 642
461 395
567 513
118 351
469 130
690 922
960 201
501 348
246 233
507 301
699 579
353 630
296 1
843 915
233 586
79 581
765 543
891 800
90 21
875 733
853 534
64 657
488 71
727 40
523 492
121 260
830 827
142 172
715 479
892 901
904 621
781 334
580 930
30 600
951 824
789 830
541 604
711 298
386 230
383 434
981 448
53 968
123 303
622 135
659 22
949 406
523 282
789 793
58 83
494 272
324 147
718 962
395 0
977 814
148 367
872 926
463 138
830 269
295 647
318 30
47 663
662 537
141 582
365 995
560 899
566 425
429 364
523 362
496 223
68 754
371 855
984 400
268 684
826 871
790 957
581 634
769 516
625 745
331 819
246 636
321 279
153 10
666 114
112 332
461 490
316 232
519 666
705 641
550 630
235 628
437 715
281 219
578 431
686 351
231 656
727 526
251 840
56 578
211 974
418 297
717 132
459 857
60 160
713 483
470 703
583 449
990 597
330 368
307 854
538 956
74 457
671 19
640 835
494 572
954 402
550 714
603 437
218 748
373 974
213 746
101 299
614 356
334 735
177 620
970 897
726 286
32 48
585 20
469 134
262 444
734 637
652 413
556 31
581 625
46 664
150 242
803 640
367 214
363 85
714 372
438 602
641 568
773 801
30 113
804 713
432 928
911 755
18 809
717 631
161 636
39 545
783 592
844 701
338 184
11 229
132 279
434 921
680 241
371 52
683 171
393 131
236 125
390 553
403 657
918 600
276 337
595 700
289 347
93 634
739 256
895 501
10 256
882 667
395 712
35 109
712 675
715 462
361 698
712 343
254 573
816 855
964 528
601 32
51 85
503 763
57 117
979 593
789 717
912 822
740 85
665 256
87 797
815 352
861 970
509 126
478 775
318 960
306 255
26 969
325 931
17 139
638 610
76 493
445 165
563 599
939 964
906 809
77 494
719 459
555 548
849 440
591 41
574 863
167 852
657 200
62 333
517 379
581 413
373 842
272 814
489 898
823 139
808 619
113 344
728 121
346 560
126 676
110 617
74 112
311 717
589 14
351 875
821 334
926 594
218 238
214 143
557 399
529 297
549 598
993 995
619 257
553 456
216 167
82 224
788 30
439 167
364 744
65 193
357 624
824 594
264 632
281 345
539 946
74 298
79 470
835 74
596 262
602 937
501 300
677 834
230 588
786 669
696 544
420 291
395 764
146 689
678 747
595 110
354 832
852 401
864 898
645 110
519 543
167 316
511 493
474 241
847 136
250 571
581 27
900 744
29 140
666 692
961 525
995 350
552 617
902 49
256 858
456 494
753 145
883 469
893 519
262 976
526 837
464 406
857 247
74 634
377 841
873 62
324 116
521 998
561 319
52 248
974 633
858 435
463 618
539 698
272 481
4 836
263 819
52 580
887 967
20 328
967 699
52 502
608 181
851 265
945 589
707 236
813 142
683 458
534 687
25 862
743 770
36 12
649 421
547 16
164 731
918 315
471 932
820 56
544 214
68 42
895 495
755 279
452 873
450 222
447 874
514 56
965 255
47 56
465 23
927 476
718 577
781 212
206 979
258 455
934 920
988 805
894 779
508 734
413 828
32 301
287 219
242 655
638 465
56 175
209 43
237 141
14 992
174 698
34 136
147 506
143 336
826 822
14 598
199 60
705 384
634 717
880 692
451 547
726 964
549 546
181 58
874 693
374 848
436 84
796 645
590 389
750 884
856 180
337 224
533 347
708 813
922 434
964 139
878 849
939 185
796 101
848 207
72 809
535 266
268 200
933 221
456 348
135 681
849 189
552 267
486 947
569 558
398 636
204 41
213 327
689 147
565 874
214 196
771 192
968 636
137 318
206 741
403 366
602 196
649 143
54 600
867 151
182 898
378 631
590 817
706 532
612 863
394 646
925 12
219 870
12 400
436 242
188 764
497 300
665 643
672 304
97 363
679 934
262 1
419 623
848 358
860 203
965 274
973 844
845 993
89 772
769 569
314 822
825 90
378 678
632 330
527 447
804 125
319 661
101 334
465 403
99 916
331 45
154 849
431 241
783 340
224 235
506 978
37 293
564 437
578 545
573 405
234 367
175 252
777 1
892 842
673 907
48 402
30 290
79 845
521 885
186 486
683 868
514 790
379 584
909 977
769 174
283 430
401 149
232 391
620 972
244 996
846 803
270 846
995 633
116 453
666 324
550 639
47 67
734 251
194 306
690 96
433 362
68 318
88 387
23 80
295 153
642 173
417 379
486 522
576 895
719 488
655 296
988 923
392 947
830 549
156 215
183 984
301 272
535 233
936 450
236 798
443 558
747 635
705 955
71 206
905 403
98 687
871 812
940 410
346 729
769 851
833 192
357 679
364 72
122 221
345 591
507 703
182 808
543 693
975 645
984 330
857 939
193 895
458 391
366 651
545 347
61 270
172 926
591 192
743 677
657 121
172 115
768 156
753 572
364 123
297 129
769 156
929 995
976 420
296 279
643 686
560 842
720 515
574 950
970 364
955 224
275 392
219 402
536 726
344 342
749 302
73 25
393 325
558 495
217 973
668 803
181 396
2 888
643 101
456 110
472 660
107 486
854 3
323 786
502 532
46 317
161 50
712 373
82 737
369 372
457 279
265 644
25 23
256 848
909 216
564 90
90 779
553 989
752 79
542 560
79 760
465 598
569 22
861 872
810 578
200 913
697 964
915 517
840 971
430 665
423 403
855 798
262 846
90 794
708 762
848 391
525 426
593 531
237 839
490 272
961 831
618 145
83 930
94 182
315 953
17 725
333 937
193 781
266 173
806 208
707 298
733 608
996 4
149 803
341 972
468 498
784 119
103 600
681 438
601 211
967 366
593 709
694 216
707 231
813 535
643 203
727 638
674 278
153 579
622 444
55 74
113 302
525 125
881 470
661 632
112 805
350 732
67 327
959 835
236 407
984 566
185 148
777 988
2 982
115 475
683 535
232 396
150 915
969 582
361 493
67 361
123 16
639 419
19 924
976 826
622 521
885 234
591 909
832 671
763 743
223 878
948 322
394 688
946 284
380 769
594 123
828 842
565 895
731 71
456 410
321 274
208 550
72 494
385 298
534 14
865 998
289 480
757 457
850 50
803 328
512 844
133 975
652 500
794 992
243 768
491 271
168 24
346 332
564 352
877 234
163 79
959 113
387 80
395 220
240 114
182 398
329 791
965 18
238 47
334 711
566 610
166 603
379 182
393 70
956 253
759 744
836 241
192 585
290 714
447 125
7 354
75 669
201 238
236 105
953 846
424 80
587 794
377 395
95 709
791 482
932 276
928 795
787 179
928 428
313 761
233 308
842 267
244 952
708 511
607 391
743 770
86 208
681 832
465 689
912 659
198 880
777 909
190 349
576 507
879 464
25 648
260 383
440 529
230 425
677 501
209 596
165 681
259 828
769 405
945 236
320 285
110 842
787 744
887 465
239 626
508 698
559 384
765 409
322 530
427 567
625 461
861 599
886 677
407 993
641 119
506 920
6 316
885 627
849 472
404 998
427 484
404 566
842 697
769 649
510 202
462 882
997 973
106 9
778 816
846 693
486 520
605 108
116 435
551 573
691 559
498 79
873 201
412 451
377 192
393 343
170 591
314 360
196 604
422 893
513 48
106 537
160 739
931 328
63 867
390 228
870 822
320 916
653 634
990 162
753 449
215 76
187 559
106 809
311 755
730 268
986 253
914 682
247 688
576 799
609 228
457 197
405 101
461 197
944 773
177 862
425 663
0 994
371 115
882 198
935 91
64 814
149 470
146 844
39 728
528 374
953 782
706 380
369 484
851 89
583 87
709 238
252 277
135 864
123 262
466 538
316 182
980 461
906 556
476 933
613 950
629 691
147 279
798 126
213 827
304 433
182 185
586 34
509 392
738 465
670 814
547 697
818 105
889 213
105 685
752 92
898 866
505 754
32 870
550 522
837 153
788 80
889 398
582 252
980 555
425 123
180 704
39 399
52 395
232 229
636 72
969 722
925 273
464 867
555 87
230 951
758 102
810 297
595 821
101 605
90 820
394 592
503 390
23 189
174 239
235 169
954 305
122 860
574 172
524 708
157 453
920 723
242 184
815 758
11 585
342 265
521 789
656 533
218 875
270 825
593 771
418 789
345 903
127 526
474 336
408 618
373 937
344 811
383 237
826 65
641 448
48 269
737 630
418 212
79 695
22 491
674 917
58 768
343 93
939 497
408 443
601 874
884 395
824 61
874 559
236 846
905 71
202 327
343 80
858 803
331 789
350 823
975 327
122 336
136 549
205 789
408 805
710 379
37 332
580 934
548 314
970 60
717 706
559 237
580 131
339 589
691 523
48 899
411 408
492 31
461 957
302 566
84 188
219 429
13 411
876 452
697 51
675 328
363 642
534 112
103 792
10 74
843 829
461 894
878 751
943 932
184 945
109 83
137 796
541 207
395 432
106 499
389 566
289 957
701 49
855 118
761 459
819 651
177 430
159 955
81 542
963 895
105 0
85 335
852 533
790 902
290 61
102 980
592 870
738 353
340 602
825 483
254 584
864 801
262 869
846 618
21 499
97 478
450 713
590 390
539 775
47 750
834 23
838 155
393 258
106 905
764 504
324 488
871 97
297 267
570 15
33 920
187 519
654 457
35 791
540 460
863 425
101 43
496 676
615 59
884 724
988 741
382 850
905 232
386 507
373 803
144 502
692 651
285 199
92 451
597 634
274 772
348 987
496 298
125 869
691 767
61 249
906 872
530 120
170 554
924 463
194 736
73 532
659 241
526 525
985 483
885 727
801 214
311 874
328 678
832 27
528 225
272 122
698 487
320 608
291 695
638 740
797 458
485 973
395 536
123 882
101 227
235 351
586 192
48 67
556 49
506 662
479 290
949 387
167 909
140 875
134 897
20 334
925 322
48 927
16 413
803 395
629 299
825 715
297 958
40 996
391 947
681 481
574 226
965 931
217 555
718 398
394 925
428 136
548 507
356 564
441 488
809 28
896 557
149 742
676 15
680 193
234 517
8 275
413 17
355 914
678 473
58 282
650 348
920 869
77 52
992 255
826 773
123 892
361 326
373 647
174 539
602 309
658 157
679 464
939 174
119 101
74 90
571 913
789 917
968 874
288 317
335 499
976 606
516 393
78 174
207 190
564 823
595 345
616 978
302 739
188 925
730 968
124 204
411 921
855 737
395 467
761 774
97 149
106 66
626 684
793 961
976 24
629 854
100 852
649 251
202 918
131 876
780 44
803 639
979 678
310 891
190 352
57 94
338 700
973 672
566 515
898 536
793 995
846 177
398 414
832 264
756 917
104 137
817 202
911 473
559 451
225 439
679 602
280 109
694 897
51 121
890 705
281 931
376 268
521 883
177 439
90 801
193 842
974 77
131 238
646 634
96 765
217 660
222 321
901 171
745 345
287 585
415 457
962 914
157 153
405 869
300 2
508 408
48 236
992 306
442 94
814 802
491 97
153 778
23 619
169 631
773 338
667 911
668 427
671 317
427 53
166 222
542 307
735 428
870 130
147 562
250 322
285 5
191 833
938 763
801 488
841 244
996 286
312 564
106 180
537 935
103 83
425 544
538 304
588 434
545 673
647 747
436 550
236 246
840 41
981 850
972 761
577 211
942 16
573 381
92 241
518 641
563 143
573 178
440 64
892 308
261 291
993 983
900 559
922 70
176 982
25 803
380 976
940 263
800 353
624 955
257 505
177 298
785 237
859 435
999 842
960 886
171 279
68 408
145 504
908 800
342 789
503 850
578 561
743 991
906 794
111 321
596 493
682 853
93 346
400 177
250 98
364 29
302 708
37 568
803 789
117 297
709 368
746 555
942 987
295 604
330 623
189 807
590 67
223 691
52 132
555 421
639 905
954 857
900 612
335 59
594 966
182 56
640 112
651 634
295 262
529 90
843 119
442 982
273 766
416 855
219 838
637 794
939 62
373 164
512 652
73 54
358 483
432 553
195 74
59 664
23 182
793 846
433 552
172 297
141 641
80 728
446 542
378 449
557 984
611 529
909 617
48 652
582 893
193 575
286 999
851 41
158 267
840 69
581 861
600 342
105 932
794 847
64 12
716 401
362 152
408 464
668 546
100 236
348 477
489 430
53 204
748 259
933 614
775 919
180 455
787 245
210 653
7 188
310 327
596 303
980 362
375 57
461 123
123 691
628 72
982 38
138 512
988 272
454 506
990 531
976 471
428 513
397 513
187 370
197 476
128 571
787 236
395 253
218 521
665 406
285 193
723 588
846 761
317 101
651 905
321 513
460 605
482 23
964 893
26 228
36 62
294 636
196 563
262 224
177 669
564 699
566 874
904 982
332 151
31 152
469 113
975 505
267 642
377 322
465 589
721 639
248 204
743 600
19 863
123 786
941 384
702 120
284 928
809 776
433 682
96 273
571 596
12 292
209 142
713 461
365 566
240 25
514 799
129 621
253 796
42 735
856 923
910 723
805 44
445 801
707 139
697 337
231 359
696 697
388 939
