997
998 521 998 865
994 242 994 0
992 14 992 794
991 167 991 743
989 219 989 553
987 835 987 942
986 425 986 253
425 566 425 863
566 36 566 984
985 886 985 483
886 906 886 960
906 809 906 872
984 400 984 557
980 652 980 555
978 108 978 616
108 829 108 605
977 814 977 909
814 272 814 802
976 262 976 826
975 957 975 645
973 844 973 997
844 701 844 512
972 324 972 761
971 126 971 840
966 908 966 594
908 634 908 800
963 839 963 895
959 739 959 835
739 256 739 302
956 538 956 253
538 319 538 466
953 993 953 846
952 835 952 244
951 824 951 230
950 126 950 613
949 406 949 387
948 80 948 322
947 486 947 392
943 206 943 932
942 632 942 16
632 264 632 661
264 36 264 832
938 970 938 763
937 602 937 373
936 732 936 450
732 648 732 350
935 727 935 537
930 580 930 83
929 289 929 995
928 432 928 795
927 476 927 48
476 918 476 933
925 12 925 394
921 434 921 411
920 934 920 869
916 891 916 320
914 468 914 962
913 505 913 571
912 822 912 659
911 755 911 667
910 581 910 723
909 734 909 777
907 725 907 673
904 621 904 982
621 470 621 129
903 789 903 345
900 744 900 612
899 560 899 48
560 346 560 842
346 591 346 729
897 970 897 694
889 939 889 398
888 475 888 2
475 931 475 115
887 967 887 465
967 699 967 366
884 750 884 724
882 667 882 462
667 417 911 473
881 458 881 470
458 683 458 797
879 407 879 464
407 536 407 993
876 683 876 452
683 171 683 868
872 926 872 861
869 334 869 405
868 581 683 535
866 169 866 898
169 734 169 631
864 898 864 801
859 157 859 435
853 534 853 682
851 265 851 769
850 418 850 981
845 993 845 79
993 995 993 983
843 915 843 829
841 377 841 244
377 58 377 395
840 251 840 69
837 526 837 153
526 727 526 525
836 4 836 241
4 204 4 996
834 677 834 23
833 880 833 192
880 692 880 198
692 666 692 651
828 413 828 842
827 830 827 213
825 60 825 715
823 139 823 564
818 556 818 105
556 31 556 906
31 962 31 492
817 590 817 202
812 535 812 871
535 266 535 813
811 618 811 344
810 653 810 578
653 276 653 634
276 337 276 932
808 619 808 182
807 474 807 189
806 895 806 208
805 988 805 408
803 640 803 858
640 835 640 112
802 691 814 670
800 891 800 353
891 205 891 310
205 424 205 789
424 157 424 80
799 182 799 576
795 120 928 428
794 635 794 906
635 737 635 747
737 89 737 855
793 789 793 995
792 541 792 103
541 604 541 207
790 957 790 902
957 10 957 461
788 30 788 80
785 917 785 237
917 832 917 789
832 354 832 681
354 471 7 188
784 26 784 119
26 969 26 228
969 691 969 722
783 592 783 340
782 69 782 953
69 282 840 41
780 691 780 44
691 981 691 767
981 448 850 503
779 894 779 90
894 51 894 461
51 85 51 697
778 123 778 816
777 241 777 988
776 964 776 809
775 478 775 919
478 469 478 97
774 172 774 761
172 142 172 926
142 813 142 209
813 708 535 233
771 192 771 593
192 924 192 591
767 162 691 629
162 85 162 990
765 543 765 409
761 362 761 846
760 0 760 79
0 395 0 105
759 468 759 744
468 536 468 498
536 235 536 898
758 452 758 815
452 873 876 131
757 61 757 457
61 390 61 824
748 218 748 259
746 213 746 555
745 625 745 345
625 581 625 461
743 367 743 763
742 734 742 149
741 206 741 988
738 995 738 465
736 432 736 194
432 123 432 553
735 334 735 428
733 875 733 608
875 351 875 218
730 945 730 968
729 493 346 332
728 121 728 80
121 260 121 657
260 890 260 383
724 997 884 395
997 385 973 672
385 762 385 298
762 941 762 708
941 101 941 384
723 786 723 920
722 614 969 582
721 327 721 639
720 107 720 515
107 494 107 486
711 298 711 334
298 74 298 707
709 839 709 593
704 701 704 180
703 470 703 507
470 79 470 149
702 85 702 120
700 595 700 338
697 865 697 964
865 756 998 404
696 544 696 697
544 214 544 425
695 905 695 291
905 93 905 651
694 550 694 216
688 946 688 394
687 534 687 98
534 829 534 112
685 896 685 105
896 768 896 557
684 268 684 626
268 200 268 730
682 203 682 914
203 860 203 643
860 96 860 122
681 135 681 481
680 241 680 193
241 474 241 659
474 750 474 336
679 934 679 602
934 118 934 580
118 351 118 855
676 126 676 496
674 154 674 917
154 838 154 849
673 505 673 545
671 19 671 832
670 946 814 64
668 820 668 803
820 56 820 90
664 46 664 59
46 334 46 317
663 47 663 425
662 537 662 506
661 752 661 319
752 847 752 92
656 231 656 533
655 242 655 296
654 23 654 457
23 465 23 619
650 373 650 348
647 295 647 747
295 14 295 604
646 394 646 634
394 686 688 247
644 893 644 265
893 519 893 964
642 754 642 363
639 824 639 905
824 594 61 290
637 734 637 794
633 974 633 995
629 489 629 854
489 898 489 430
628 235 628 72
235 580 235 351
580 52 580 131
627 686 627 885
626 602 626 239
623 419 623 330
419 689 419 639
622 135 622 521
135 713 135 864
616 618 978 506
618 463 618 846
615 846 615 59
846 592 618 408
613 766 950 574
766 262 766 273
612 863 900 559
863 574 863 19
574 171 574 226
171 30 171 901
611 578 611 529
609 756 609 228
756 143 756 917
608 181 608 320
181 58 181 396
607 76 607 391
606 701 606 976
701 471 701 49
605 791 605 460
603 437 603 166
597 990 597 634
990 769 990 531
596 262 596 571
593 979 709 368
586 233 586 192
585 20 585 287
577 718 577 211
576 974 576 895
573 254 573 551
254 789 254 584
571 250 596 493
250 983 250 322
983 486 407 236
486 744 486 522
570 772 570 15
772 89 772 274
568 641 568 37
641 705 641 518
705 384 705 955
384 440 384 559
567 513 567 427
513 727 513 428
565 874 565 895
564 961 564 699
563 599 563 196
562 768 562 147
559 592 559 874
592 501 592 870
557 399 984 330
399 488 399 39
554 289 554 170
551 944 573 405
944 946 944 773
946 539 946 284
548 555 548 507
546 549 546 668
549 598 549 830
542 480 542 560
531 330 531 593
530 584 530 322
584 610 584 379
529 297 529 440
525 961 525 426
961 686 961 831
686 351 686 643
524 543 524 708
520 480 520 486
518 537 641 448
537 789 537 106
517 379 517 915
379 87 379 710
87 797 87 583
516 769 516 393
515 136 515 566
514 56 514 799
512 286 512 652
286 726 286 999
726 964 726 536
511 493 511 708
493 76 493 361
76 569 76 215
510 409 510 202
409 715 765 96
509 126 509 392
126 698 126 798
507 301 548 314
506 147 506 920
504 588 504 764
503 763 503 390
502 52 502 532
500 112 500 652
499 207 499 335
207 848 207 190
498 755 498 79
755 279 755 311
497 300 497 939
495 895 495 558
895 501 514 790
492 523 31 152
490 461 490 272
461 395 461 980
487 636 487 698
485 727 485 973
484 572 484 427
572 494 572 753
483 713 483 825
482 575 482 791
575 115 575 193
481 272 671 317
479 715 479 290
477 336 477 348
336 143 336 122
473 289 473 678
289 347 289 957
467 601 467 395
466 471 538 304
460 885 460 540
457 74 457 415
454 716 454 506
716 878 716 401
453 348 453 157
450 222 450 713
222 796 222 321
449 583 449 753
583 43 87 555
447 874 447 527
874 693 874 968
693 134 693 846
444 262 444 622
262 1 262 869
443 651 443 558
651 677 639 803
677 787 677 886
787 798 787 744
798 598 798 855
598 14 598 465
442 363 442 982
441 93 441 488
93 634 93 346
439 167 439 225
438 602 438 681
602 196 602 340
196 214 196 604
435 858 435 116
858 256 668 427
433 214 433 682
431 578 431 241
578 56 578 561
430 36 430 665
36 12 36 62
429 364 429 219
364 744 364 970
427 528 484 369
528 964 528 374
426 71 525 125
71 488 71 905
488 388 488 801
423 350 423 403
422 604 422 893
604 324 295 262
421 649 421 555
649 143 649 769
143 214 143 563
214 367 214 801
416 96 416 855
96 532 96 690
415 955 457 279
955 359 955 624
414 334 414 398
410 180 410 940
180 856 180 455
856 926 856 923
926 594 172 574
408 428 693 543
428 451 513 397
405 5 295 153
404 751 404 566
751 440 751 878
402 954 402 219
954 819 954 857
401 852 401 149
852 167 852 533
398 636 398 718
397 666 513 321
393 131 393 343
131 960 131 238
392 945 392 275
945 589 945 236
391 411 391 947
411 791 411 408
791 350 791 329
350 995 350 823
387 19 387 88
19 134 19 924
386 230 386 507
383 434 383 237
434 922 434 588
922 690 922 70
690 659 96 273
382 400 382 850
400 12 400 177
12 829 12 292
829 279 843 119
380 901 380 976
901 892 171 279
892 406 892 842
378 631 378 678
631 717 169 235
376 617 376 268
375 648 375 57
648 555 648 25
555 789 289 480
372 714 372 369
714 550 714 290
370 73 370 187
73 472 73 532
472 669 472 849
669 786 669 177
786 327 786 323
369 710 71 731
710 731 379 417
368 330 709 238
330 964 330 632
366 403 366 651
365 995 365 566
360 883 360 314
883 469 883 521
358 848 358 483
848 374 848 391
357 624 357 679
624 367 955 224
356 614 356 564
614 988 614 933
355 188 355 914
353 630 353 738
352 815 352 564
815 540 758 102
540 645 605 101
349 809 349 190
345 281 345 595
281 219 281 931
344 113 344 342
113 30 113 959
343 712 343 93
342 915 342 789
915 261 915 150
261 138 261 291
138 463 138 512
341 266 341 972
266 657 266 173
340 246 602 309
339 958 339 589
958 167 958 297
333 62 333 937
62 873 62 939
332 112 343 80
112 74 534 14
331 819 331 789
328 20 328 931
20 521 20 334
521 72 521 885
326 588 326 361
323 231 786 123
231 89 231 707
89 890 89 851
890 79 890 705
322 188 530 120
188 764 188 925
321 279 321 274
320 412 320 285
412 725 412 451
725 591 725 17
317 707 317 288
315 918 315 953
314 822 507 576
822 826 822 870
826 871 380 769
871 348 871 97
313 5 313 761
312 970 312 564
970 861 970 60
311 717 311 874
310 982 310 327
982 718 442 94
309 157 679 464
157 301 157 658
301 32 301 272
307 854 307 542
854 595 854 3
595 110 595 821
306 255 306 992
255 965 255 992
305 133 305 954
304 672 304 433
303 123 303 596
123 898 123 892
302 750 302 749
750 363 750 47
296 1 296 279
294 213 294 636
293 601 293 37
601 32 601 874
292 491 12 64
491 329 491 271
329 5 791 35
291 420 695 79
290 465 290 30
465 638 465 689
288 838 317 101
838 594 838 219
287 219 585 192
219 870 838 155
870 658 870 130
658 3 157 153
3 995 629 299
285 962 285 199
962 718 433 552
718 277 398 182
284 617 284 928
283 359 283 430
359 873 359 231
873 72 873 201
278 72 278 674
275 86 848 256
86 643 86 208
273 821 273 925
821 334 345 591
271 734 491 97
270 988 270 846
269 830 269 48
830 789 549 136
789 717 331 45
267 552 267 842
552 617 433 362
259 277 259 828
277 589 277 252
589 14 589 465
14 480 112 805
480 279 555 217
258 455 258 393
455 448 180 106
448 43 641 141
257 619 257 505
619 877 23 482
877 643 877 234
253 561 253 796
561 319 578 545
319 581 984 183
252 590 252 582
590 389 590 390
389 630 389 566
630 550 630 737
249 191 249 61
191 175 191 833
175 56 175 252
247 857 188 84
857 459 857 939
459 719 459 761
719 233 719 488
245 689 245 787
244 6 244 996
6 334 6 316
243 60 243 768
240 325 240 114
239 931 239 174
931 325 328 803
238 218 238 201
218 403 218 521
237 141 237 839
141 582 641 119
582 256 582 893
234 28 234 885
28 545 28 809
545 39 545 347
39 835 39 728
232 316 232 905
316 167 316 182
228 37 228 390
37 45 37 332
45 348 342 600
227 299 227 101
299 101 691 559
226 396 172 297
396 446 396 232
446 274 446 542
225 505 225 528
223 496 223 878
496 643 496 298
643 665 643 101
221 933 221 122
933 233 476 197
220 924 220 395
924 308 924 463
308 749 308 892
217 348 217 973
216 167 216 909
215 74 215 156
212 781 212 418
781 334 781 193
211 974 211 601
974 373 974 77
373 842 373 803
842 898 308 233
210 471 210 653
209 43 209 596
43 74 43 101
208 280 208 550
280 547 280 109
202 56 202 918
201 960 238 47
960 318 677 743
199 60 285 193
198 182 198 882
182 898 182 379
898 128 536 395
128 539 128 571
197 200 197 461
195 835 195 74
194 861 194 306
861 213 794 847
193 65 193 895
65 522 65 826
522 754 522 550
190 111 190 352
111 363 111 321
189 849 189 23
187 659 187 559
186 533 186 486
533 347 852 100
347 351 810 297
185 939 185 182
939 964 939 388
184 338 184 945
338 5 338 773
5 334 5 285
334 831 334 101
183 463 566 874
463 115 425 230
179 403 179 787
403 657 403 905
178 362 178 573
362 523 362 980
177 620 669 75
620 796 620 972
176 965 176 982
965 274 965 931
274 272 222 166
272 494 272 988
174 698 174 939
173 436 173 642
170 672 170 591
168 706 168 24
706 532 706 717
532 594 73 54
594 133 594 123
133 600 133 975
166 390 513 48
165 445 165 681
445 797 445 801
797 665 458 391
164 731 164 373
731 418 965 18
418 297 418 789
297 374 297 267
163 713 163 79
713 804 713 461
804 54 804 125
54 600 73 25
161 636 161 50
159 361 159 955
361 698 361 67
158 388 158 267
388 72 174 769
156 1 156 769
1 58 1 777
155 335 402 48
335 581 335 85
153 10 453 116
10 256 10 74
152 579 152 362
579 699 579 153
699 831 564 437
831 600 961 793
151 867 151 332
867 652 867 464
150 242 517 234
242 436 242 184
149 440 149 803
148 367 148 185
367 645 367 234
146 689 146 844
144 120 144 502
120 543 250 98
543 519 270 825
137 318 137 796
318 30 318 68
130 469 870 32
129 52 129 297
127 964 127 526
125 236 125 869
236 707 236 846
707 351 676 15
124 248 124 204
248 52 248 204
122 749 122 272
749 740 302 708
740 85 740 638
85 363 335 59
116 324 125 447
324 147 324 666
147 689 147 279
114 666 240 25
666 519 324 488
519 734 519 187
106 282 106 905
282 523 282 58
105 134 105 932
134 469 134 897
469 167 469 113
167 645 167 909
104 300 104 137
300 501 300 2
103 919 103 600
919 652 775 539
652 413 652 48
102 999 102 980
999 940 999 842
940 437 940 263
437 715 564 90
715 462 236 798
462 708 882 123
708 119 302 566
119 539 119 101
100 878 100 236
878 849 223 691
849 440 472 660
99 456 99 916
98 599 322 925
599 638 599 861
97 363 491 22
363 30 642 267
95 80 95 709
80 698 80 387
698 539 698 508
539 279 539 174
94 744 94 182
92 638 92 451
91 610 91 935
610 638 610 566
88 763 80 23
763 523 677 501
523 734 523 691
734 508 734 251
508 413 508 408
84 436 322 377
436 251 436 550
251 136 251 649
82 224 82 737
224 337 224 262
337 451 337 697
81 420 81 542
420 263 420 976
263 819 410 456
819 885 819 651
78 660 78 174
660 839 660 217
839 527 237 559
527 456 224 235
77 494 77 52
494 456 494 72
75 768 177 862
768 617 768 156
617 110 617 909
70 47 70 393
67 42 67 590
42 68 42 735
68 754 68 408
754 918 754 505
66 988 66 106
988 996 988 923
996 464 996 286
464 406 867 63
64 657 64 440
63 678 464 408
678 747 378 449
747 558 647 373
558 569 443 408
569 769 569 22
59 351 499 106
57 117 57 94
117 773 117 297
773 801 773 826
801 885 801 90
885 413 875 140
413 581 413 17
55 101 55 74
101 796 101 405
53 968 53 427
968 636 302 113
636 246 636 72
246 233 246 236
233 110 996 40
50 160 50 850
49 902 49 556
902 979 193 842
979 206 979 678
206 256 206 71
256 665 391 232
665 60 665 406
48 32 48 236
32 325 592 394
325 30 325 393
44 587 44 805
587 456 587 794
40 727 172 115
727 417 727 885
417 672 982 38
38 83 982 2
83 58 83 109
58 835 58 768
835 74 739 160
35 109 23 182
109 52 83 103
34 136 34 586
136 847 136 428
847 638 794 90
638 79 638 727
79 581 79 752
33 230 33 920
230 588 425 123
29 140 29 364
140 265 521 789
265 588 265 342
588 995 588 723
995 769 793 846
27 581 27 832
581 634 581 861
25 862 25 803
862 689 177 846
689 204 465 403
204 41 204 53
41 591 41 851
591 406 585 11
406 600 430 177
24 440 24 976
440 47 529 90
47 56 47 67
56 110 56 182
110 645 110 842
22 659 97 149
659 501 241 92
501 348 743 600
348 456 348 987
21 90 21 499
90 374 90 825
374 918 439 177
918 600 202 327
600 30 789 803
18 809 25 23
809 72 809 106
72 390 72 364
390 553 67 327
553 456 432 395
17 139 413 16
139 964 139 707
964 471 697 842
16 547 16 123
547 451 547 697
451 923 451 559
923 200 909 591
200 657 200 913
657 550 121 51
550 74 550 639
74 634 74 90
634 717 634 651
15 160 298 177
160 60 691 123
13 816 13 411
816 855 778 153
855 371 48 67
371 52 371 115
52 796 52 395
796 645 253 395
645 60 975 505
60 456 364 123
456 769 456 110
769 279 769 405
11 229 192 377
229 932 229 232
932 471 105 236
471 744 471 976
9 675 9 106
675 712 675 328
712 395 712 373
395 764 52 132
764 672 504 145
672 115 197 457
115 213 123 461
213 327 213 889
327 717 327 975
717 132 706 380
8 145 8 275
145 753 145 618
753 30 678 328
30 132 61 270
132 279 395 803
279 744 123 262
744 351 787 236
351 505 262 846
505 381 846 803
381 2 381 573
