1000
916 147
222 749
199 46
315 860
605 242
761 471
904 836
194 726
212 185
966 878
984 676
938 992
625 754
575 381
37 736
708 173
561 832
590 368
446 884
926 186
365 30
290 281
870 64
508 93
986 782
737 452
174 109
964 515
699 353
250 636
374 70
548 579
435 761
161 418
577 727
257 822
442 745
508 150
923 526
350 286
764 177
655 737
646 323
970 61
564 32
132 934
334 156
153 436
975 345
69 631
490 379
185 889
453 750
501 902
736 330
612 10
19 63
998 460
331 29
28 167
160 721
245 281
450 773
554 73
603 696
18 442
142 171
18 53
95 991
674 542
264 687
57 372
990 744
705 47
944 646
891 953
312 123
373 501
929 190
355 196
910 752
113 435
755 602
830 578
933 582
803 466
477 730
166 418
685 746
63 795
842 192
717 862
504 141
624 34
773 398
943 966
121 364
582 418
654 948
675 506
651 692
105 469
267 74
51 626
576 473
806 174
516 136
398 125
314 893
377 187
183 569
96 7
590 235
222 70
816 912
662 230
562 298
749 838
792 775
18 152
621 463
337 846
326 741
485 343
52 135
794 622
897 780
886 74
515 343
412 871
852 23
505 44
985 513
392 292
95 626
885 81
625 18
672 413
161 900
131 837
371 186
639 799
659 516
481 934
145 467
419 397
55 352
961 965
66 534
510 94
790 780
497 52
100 288
236 25
761 104
103 87
240 599
443 163
40 618
745 427
27 994
646 971
29 462
854 506
650 934
585 18
853 751
49 506
395 394
880 807
24 321
940 44
117 367
340 956
52 263
216 496
76 163
882 662
147 620
834 39
587 70
72 306
316 34
972 801
543 669
706 404
890 846
510 595
748 350
20 813
713 882
641 582
139 74
787 781
525 446
139 25
777 808
544 416
233 568
941 286
108 535
474 131
843 871
235 654
264 944
682 363
645 580
441 501
368 30
661 598
506 129
157 555
386 898
904 582
971 788
408 929
570 877
824 570
411 442
374 345
828 923
375 360
711 501
840 203
284 774
45 936
166 4
152 764
22 452
278 840
575 89
178 121
570 291
286 197
222 539
219 220
894 715
913 840
552 60
602 579
983 452
297 164
422 349
948 747
187 739
510 563
589 130
439 563
398 430
645 456
325 172
14 118
589 113
356 668
763 251
235 283
494 604
803 453
515 980
227 908
191 94
140 336
563 126
615 790
285 434
494 778
339 30
5 771
510 134
802 846
436 931
165 875
82 165
386 969
503 392
350 577
75 914
778 336
657 380
735 89
477 947
757 248
452 384
830 643
707 907
845 813
58 791
827 775
180 208
196 149
128 182
399 896
831 269
190 274
688 341
325 622
609 932
384 310
482 31
442 25
205 229
593 766
828 833
749 56
403 666
375 108
286 541
690 152
147 756
265 360
105 820
241 123
579 976
189 884
937 283
348 195
638 861
681 500
102 378
431 743
662 563
47 338
755 537
808 29
569 62
305 507
400 559
518 907
383 435
53 80
30 970
472 302
528 817
159 969
704 713
148 841
45 303
680 564
762 656
431 834
161 179
1 85
671 886
81 116
125 579
35 971
602 670
162 506
869 409
590 627
707 960
574 474
667 444
847 418
849 575
99 373
555 255
379 860
732 293
859 926
770 859
586 775
339 158
25 194
389 923
41 880
222 512
72 638
309 409
722 957
143 795
686 819
50 103
573 321
505 801
18 847
622 144
34 588
868 795
752 985
925 739
34 984
717 322
923 680
563 351
247 695
805 680
232 130
312 832
106 701
753 631
34 285
678 452
734 6
763 117
46 648
739 465
749 215
471 686
77 481
710 851
311 70
617 172
194 751
356 847
463 205
641 774
87 153
188 253
110 581
781 427
652 576
568 653
790 124
89 567
39 609
329 491
856 959
957 306
446 379
839 0
327 663
767 937
765 45
575 74
550 912
772 717
521 298
952 145
224 326
894 245
113 714
364 669
313 527
689 664
582 989
216 763
307 753
39 248
542 295
259 16
553 379
759 407
963 653
772 930
723 267
368 608
411 261
912 181
632 74
230 7
579 922
344 760
955 323
582 343
113 392
944 229
454 53
555 265
636 464
231 597
104 95
741 698
309 590
785 23
487 540
527 2
470 448
642 778
202 983
601 758
640 889
354 721
852 264
120 742
745 209
493 815
692 141
376 439
391 8
269 923
590 432
289 635
974 737
829 617
134 127
480 932
152 927
72 847
917 83
583 550
405 412
34 889
549 668
956 872
9 139
628 293
949 846
910 137
352 116
666 265
90 75
763 590
712 664
569 985
947 307
654 639
278 386
745 453
242 811
784 487
950 53
481 114
739 639
830 573
282 356
25 949
641 560
693 705
970 586
763 874
791 491
246 196
862 661
909 288
21 611
793 689
443 612
199 434
967 354
500 307
215 942
565 818
919 125
509 153
797 243
564 301
666 938
369 100
591 501
117 476
470 163
119 865
660 824
273 729
582 762
356 528
905 944
505 601
368 211
471 42
297 147
611 467
59 846
517 665
168 888
978 82
237 646
358 139
988 622
613 515
32 629
444 301
894 534
167 306
715 751
698 376
703 554
981 406
430 461
600 951
508 825
921 821
441 633
335 100
670 234
508 627
387 308
112 14
350 539
506 293
812 110
432 514
717 885
488 221
231 395
11 922
657 745
903 191
766 780
57 684
414 418
769 768
614 415
765 214
863 32
342 93
227 511
228 113
709 330
571 828
453 710
206 84
742 927
232 866
297 353
850 439
164 811
849 814
906 539
911 374
499 545
107 201
389 760
396 551
136 456
530 463
2 547
841 319
396 425
652 289
12 934
71 970
659 622
97 625
377 962
476 393
173 475
855 820
486 339
436 769
609 520
520 318
31 549
4 920
878 810
294 776
442 440
201 707
901 17
492 745
280 423
639 373
958 502
921 919
583 684
979 526
455 958
264 113
56 270
878 843
776 82
70 564
848 517
891 655
493 286
666 691
399 1
265 948
404 929
576 218
997 430
82 500
885 739
506 840
725 417
951 2
414 174
217 603
654 70
438 799
719 535
544 117
924 790
105 254
393 999
153 459
740 225
577 551
434 272
705 636
456 366
390 489
993 209
873 87
856 471
778 575
766 137
95 256
298 857
25 845
809 577
392 867
195 761
969 300
847 421
174 519
317 730
501 90
996 167
849 636
320 164
238 811
239 831
879 435
870 211
893 622
946 257
554 187
816 244
500 72
679 848
261 390
7 716
141 596
429 905
426 200
713 54
279 95
727 935
433 470
276 43
63 221
467 847
529 576
53 826
0 555
435 235
531 787
447 392
981 622
446 149
432 771
596 379
131 198
129 299
417 988
592 191
236 895
954 569
610 982
833 572
900 262
518 176
967 726
142 652
782 970
151 632
288 904
533 993
720 330
628 557
988 556
394 835
52 277
769 420
677 3
718 774
68 595
654 91
392 26
644 670
584 25
985 899
553 213
995 745
610 468
200 539
361 337
824 3
235 376
156 358
673 987
187 581
395 195
362 957
481 524
23 783
484 424
344 102
48 249
65 576
89 599
278 696
104 298
958 761
435 550
451 968
639 226
523 367
76 528
356 168
247 843
49 733
40 714
72 277
988 206
447 883
993 876
98 427
985 647
620 538
528 328
67 107
829 111
118 204
210 602
700 191
432 517
431 881
344 917
717 78
651 385
273 680
744 970
479 162
169 973
170 283
105 884
87 275
249 808
56 115
606 669
536 964
654 847
611 434
553 173
603 252
858 811
912 175
590 808
388 808
930 566
117 491
428 226
401 402
789 596
194 346
498 889
775 630
268 277
333 165
871 849
796 409
532 165
950 779
568 81
209 737
564 616
694 879
38 449
18 148
886 576
969 844
180 900
634 470
332 234
153 72
669 226
610 413
258 520
701 235
459 15
359 811
81 918
397 277
79 439
75 6
214 227
671 154
639 422
824 117
742 193
649 285
786 260
540 515
856 822
774 594
831 619
522 20
14 309
467 125
539 481
945 289
38 431
138 69
673 103
278 745
625 977
442 201
201 807
856 146
697 12
92 992
32 460
139 910
384 658
386 495
4 573
927 17
39 659
406 663
607 571
122 909
260 727
402 868
724 591
220 153
505 501
894 558
501 259
357 226
186 148
128 858
892 6
929 432
410 414
664 33
25 297
296 155
702 705
117 961
800 345
312 16
243 257
8 453
823 301
484 389
223 139
36 780
939 583
994 546
351 731
192 739
271 915
841 728
948 458
29 60
451 804
623 234
688 141
756 133
125 720
277 287
559 275
34 324
495 457
264 507
826 207
386 2
63 707
622 720
103 798
181 499
253 149
302 722
478 684
896 375
101 379
218 738
86 792
683 39
364 865
759 742
664 563
973 324
483 836
381 864
156 565
113 596
849 928
103 610
956 442
141 474
155 444
394 387
184 688
266 713
915 447
445 474
856 968
822 542
790 347
556 13
994 216
220 370
942 637
98 746
363 501
216 437
382 715
304 168
280 392
614 166
88 803
276 528
225 168
564 887
45 439
271 502
233 22
388 379
876 935
751 305
659 908
156 560
650 332
416 886
845 422
366 796
779 191
386 441
262 173
582 27
810 143
551 851
300 541
298 955
472 762
996 825
23 744
444 219
810 270
934 516
465 411
516 825
172 410
826 176
992 332
741 450
900 810
710 683
962 118
235 408
871 635
442 569
982 270
140 448
590 581
529 815
925 757
939 166
441 886
31 826
168 598
860 171
544 324
163 149
379 594
138 633
632 56
246 269
414 598
470 597
284 286
794 332
111 924
451 435
435 781
956 917
789 102
499 724
270 435
869 550
47 415
236 219
32 79
231 944
356 814
929 640
516 970
39 898
981 908
735 500
787 293
756 212
365 694
202 679
654 102
250 879
711 226
954 698
861 64
123 571
668 705
368 157
615 995
434 38
375 735
677 555
702 54
617 320
55 317
909 430
458 735
150 359
85 684
8 510
766 452
516 141
205 516
64 0
252 98
921 702
484 363
29 130
891 238
430 591
166 101
39 697
140 576
651 61
625 698
938 968
522 946
508 690
507 442
981 222
768 695
49 529
441 28
16 975
574 518
819 666
24 964
136 453
139 23
510 948
379 455
773 521
272 237
97 913
383 981
549 65
622 576
871 967
802 659
241 77
463 444
167 298
653 739
374 914
29 516
838 157
634 11
286 983
300 477
280 905
427 826
22 589
212 681
239 892
991 5
367 199
472 627
363 159
425 109
693 828
467 476
467 528
185 138
419 251
493 747
140 533
779 401
962 290
497 737
590 230
712 491
974 532
254 869
245 553
823 370
824 999
408 981
637 152
649 893
217 735
335 376
779 631
774 801
387 958
688 623
206 441
818 723
82 120
244 652
433 777
818 119
629 431
326 698
157 487
730 992
437 773
659 361
609 265
49 783
673 253
574 742
117 607
249 67
710 791
885 614
930 5
337 441
806 115
244 383
363 824
199 818
567 219
888 769
538 337
718 811
347 492
749 907
792 201
58 835
513 817
426 793
215 866
533 247
334 371
557 982
423 290
28 702
74 661
187 677
687 519
820 526
702 478
219 548
207 298
179 795
907 347
700 100
352 854
529 839
324 793
308 964
856 515
298 885
738 408
461 15
589 829
936 79
728 193
128 447
36 784
36 122
283 709
804 884
734 906
72 638
246 863
976 775
63 981
345 264
295 344
22 735
658 519
823 929
737 212
980 418
383 117
185 616
936 421
280 203
447 182
453 539
208 166
940 26
780 59
793 382
608 351
869 152
498 209
284 995
866 4
992 171
320 595
2 25
827 304
953 842
363 823
56 273
905 290
182 542
985 78
639 52
427 649
630 13
599 725
777 190
9 27
886 158
231 517
362 728
8 965
148 858
382 196
200 53
99 47
124 258
449 27
895 440
743 671
695 587
862 496
123 37
501 574
725 652
587 847
913 446
194 116
821 46
248 713
223 185
449 685
195 624
237 596
182 93
195 382
513 47
29 177
398 363
270 562
702 598
557 761
148 756
353 582
207 59
448 868
199 564
803 745
665 730
508 270
952 408
386 697
875 532
206 940
110 49
981 504
395 301
86 679
89 267
838 313
743 431
469 662
28 438
282 849
243 698
71 680
70 848
711 883
358 87
279 542
460 495
356 864
554 529
400 873
323 762
89 663
73 281
775 117
483 351
378 809
987 527
553 961
38 619
818 779
445 988
878 754
794 369
75 454
699 250
479 603
509 192
96 255
379 91
274 853
435 455
748 728
471 309
504 865
918 828
40 818
510 980
847 859
676 53
849 390
538 106
791 449
374 175
351 886
480 229
158 566
393 666
384 745
904 662
335 733
570 886
136 943
697 707
260 782
346 841
962 30
327 11
189 904
836 556
208 797
317 270
97 548
163 473
188 516
477 435
373 749
563 301
719 602
782 350
894 747
167 170
723 158
523 600
648 427
331 429
110 805
166 110
270 589
503 387
263 178
296 703
294 496
919 131
990 149
48 761
775 169
930 284
472 81
827 718
803 630
131 880
335 538
650 782
823 655
972 378
673 256
602 296
314 343
71 600
406 95
364 981
78 206
195 558
922 505
749 316
7 133
256 789
302 690
195 70
430 686
210 652
732 502
35 625
566 61
746 212
536 545
408 613
705 731
880 331
980 88
830 717
732 548
49 503
348 147
813 501
800 793
455 140
759 901
955 339
536 697
560 781
595 705
595 455
791 74
123 218
606 298
490 93
579 197
471 959
107 605
488 318
659 299
43 304
944 483
610 685
628 648
800 514
937 516
340 220
284 666
435 472
897 553
405 470
708 116
993 509
471 316
840 152
231 750
740 886
429 984
276 255
288 914
57 403
431 871
764 543
140 47
318 412
285 242
595 14
979 165
44 650
113 815
198 551
365 940
38 59
164 490
529 823
161 73
23 812
950 496
92 953
343 933
73 637
342 832
711 715
650 467
95 331
634 579
80 844
17 109
698 810
41 713
208 677
795 851
574 696
307 986
207 224
528 942
776 694
240 83
459 673
265 108
292 687
399 293
104 28
747 905
320 114
534 269
154 703
692 232
792 53
436 46
583 881
344 626
552 206
194 803
566 924
53 902
328 957
629 664
588 195
380 659
50 934
337 10
632 971
261 530
684 506
840 997
627 135
219 508
32 559
568 931
351 220
926 766
537 730
691 295
157 107
418 199
465 472
449 211
136 65
362 630
972 571
525 771
788 845
483 572
730 3
303 305
705 749
338 120
239 92
110 311
455 263
931 472
280 590
749 653
752 316
265 506
100 414
123 727
998 728
355 897
679 383
427 408
672 186
85 546
833 629
121 164
705 209
754 419
478 947
342 252
209 759
441 329
117 764
362 816
336 970
53 303
138 215
683 969
637 351
191 524
701 104
383 240
95 435
298 151
35 949
466 785
960 842
408 711
577 594
733 573
120 941
899 362
338 246
435 908
392 723
160 508
827 777
468 213
363 146
941 910
53 758
585 744
934 831
952 182
791 994
496 744
49 946
659 897
473 720
712 84
120 499
414 612
712 589
846 706
181 442
521 105
285 780
638 818
992 386
209 856
270 765
331 346
213 548
909 880
132 529
181 149
472 362
252 457
180 526
367 395
133 278
367 799
123 729
43 162
198 17
455 123
455 417
417 912
749 755
963 769
68 516
282 630
482 275
485 355
358 393
377 45
483 798
957 688
150 320
341 103
704 770
828 978
35 475
397 896
521 985
670 70
416 25
887 620
772 181
870 545
855 175
722 715
198 908
400 713
338 623
383 535
844 780
443 442
741 369
630 636
126 818
296 166
296 604
920 173
333 386
570 19
626 360
767 282
15 400
905 144
511 841
662 472
512 846
381 465
404 160
337 682
711 647
529 589
923 779
441 547
227 82
716 221
656 739
588 641
973 579
140 852
790 527
786 348
882 720
588 835
311 134
941 642
600 431
222 188
394 625
94 665
916 809
966 219
575 930
587 207
427 228
847 403
356 149
634 723
325 376
643 52
289 638
530 836
723 509
778 891
808 717
237 881
817 20
508 778
772 407
464 885
734 738
60 78
837 299
714 728
112 666
969 357
636 354
6 278
67 2
377 619
825 769
880 667
92 51
444 65
291 198
76 645
257 707
456 744
256 219
669 21
721 348
216 842
728 760
807 601
429 895
306 951
746 431
222 431
494 829
12 534
621 596
92 905
363 879
413 589
318 441
267 796
842 225
372 327
291 936
431 926
383 496
96 162
318 486
397 387
306 421
850 345
644 338
455 149
716 270
529 807
779 593
985 454
127 538
278 172
477 349
845 881
19 646
889 342
820 92
618 811
968 293
780 435
657 834
852 675
312 60
202 505
168 854
284 270
40 24
255 389
825 565
843 608
886 589
273 322
844 785
233 115
183 132
34 662
256 52
125 887
343 977
689 872
108 455
283 497
723 64
877 564
886 215
728 343
283 428
287 502
998 846
501 290
474 745
28 531
310 472
344 822
307 595
28 292
379 313
420 198
495 438
520 838
153 695
415 424
867 768
172 538
588 527
726 698
76 160
890 736
23 277
262 266
903 442
584 769
46 650
567 674
385 904
945 423
592 591
270 479
124 527
672 598
341 181
597 502
191 890
351 791
145 822
763 915
120 241
234 713
763 246
489 723
356 889
981 338
918 780
16 152
150 932
42 587
689 844
746 801
100 259
717 979
791 620
431 753
780 15
439 650
396 848
654 204
179 586
173 481
934 911
73 345
304 908
409 862
13 935
900 857
935 69
791 660
36 627
994 956
400 561
416 845
18 274
256 482
89 930
930 704
184 335
953 129
140 288
784 669
207 927
462 444
330 318
332 786
842 274
214 126
838 968
742 137
974 970
540 749
445 140
571 792
307 925
321 528
181 804
878 286
639 822
453 1
705 92
173 762
432 709
174 707
928 417
166 297
371 304
273 59
874 35
315 31
286 402
955 989
86 319
851 578
580 39
202 480
705 90
155 647
836 697
678 435
834 299
78 33
588 829
454 525
66 717
62 571
416 979
25 142
232 268
682 611
232 626
770 391
