997
999 393 999 824
393 476 393 666
476 117 476 467
998 460 998 846
460 32 460 495
997 430 997 840
996 167 996 825
995 745 995 615
991 95 991 5
990 744 990 149
744 970 744 585
989 582 989 955
987 673 987 527
673 103 673 459
986 782 986 307
782 970 782 650
982 610 982 557
980 515 980 510
979 526 979 717
526 923 526 820
978 82 978 828
977 625 977 343
976 579 976 775
975 345 975 16
974 737 974 970
972 801 972 571
801 505 801 774
965 961 965 8
961 117 961 553
963 653 963 769
653 568 653 749
962 377 962 290
377 187 377 619
960 707 960 842
959 856 959 471
955 323 955 339
323 646 323 762
954 569 954 698
953 891 953 842
891 655 891 778
655 737 655 823
952 145 952 408
145 467 145 822
946 257 946 522
945 289 945 423
943 966 943 136
966 878 966 219
941 286 941 910
940 44 940 365
44 505 44 650
939 583 939 166
936 45 936 421
935 727 935 876
933 582 933 343
931 436 931 568
928 849 928 417
925 739 925 757
924 790 924 566
920 4 920 173
918 81 918 828
916 147 916 809
914 75 914 374
913 840 913 446
911 374 911 934
908 227 908 981
906 539 906 734
903 191 903 442
902 501 902 53
901 17 901 759
17 927 17 198
899 985 899 362
898 386 898 39
897 780 897 659
895 236 895 440
236 25 236 219
892 6 892 239
890 846 890 736
888 168 888 769
887 564 887 620
883 447 883 711
881 431 881 845
877 570 877 564
876 993 935 69
875 165 875 532
874 763 874 35
873 87 873 400
872 956 872 689
869 409 869 550
867 392 867 768
866 232 866 215
232 130 232 692
130 589 130 29
589 113 589 886
864 381 864 356
381 575 381 465
863 32 863 246
861 638 861 64
857 298 857 900
855 820 855 175
820 105 820 92
854 506 854 352
853 751 853 274
851 710 851 795
710 453 710 791
850 439 850 345
844 969 844 785
842 192 953 129
192 739 192 509
839 0 839 529
0 555 0 64
838 749 838 968
837 131 837 299
835 394 835 588
827 775 827 777
825 508 825 769
823 301 823 929
821 921 821 46
921 919 921 702
919 125 919 131
819 686 819 666
686 471 686 430
818 565 818 779
565 156 565 825
817 528 817 513
815 493 815 529
493 286 493 747
814 849 814 356
812 110 812 23
110 581 110 805
581 187 581 590
810 878 810 900
878 843 878 754
809 577 809 378
806 174 806 115
805 680 110 311
804 451 804 884
451 968 451 435
968 856 968 938
802 846 802 659
800 345 800 793
345 374 345 264
374 70 374 175
798 103 798 483
797 243 797 208
243 257 243 698
257 822 257 707
796 409 796 366
409 309 409 862
794 622 794 369
793 689 793 426
689 664 689 844
789 596 789 256
788 971 788 845
786 260 786 348
260 727 260 782
727 577 727 123
785 23 785 466
784 487 784 669
487 540 487 157
540 515 540 749
783 23 783 49
23 852 23 744
852 264 852 675
779 950 779 923
950 53 950 496
777 808 777 433
770 859 770 704
859 926 859 847
926 186 926 766
768 769 768 695
767 937 767 282
937 283 937 516
758 601 758 53
601 505 601 807
505 501 505 922
757 248 925 307
248 39 248 713
754 625 754 419
750 453 750 231
748 350 748 728
747 948 747 905
740 225 740 886
225 168 225 842
738 218 738 734
218 576 218 123
735 89 735 500
734 6 738 408
6 75 6 278
75 90 75 454
90 501 90 705
733 49 733 573
49 506 49 946
732 293 732 548
731 351 731 705
351 563 351 886
729 273 729 123
273 680 273 322
728 841 728 998
725 417 725 652
417 988 417 912
724 591 724 499
591 501 591 592
723 267 723 818
267 74 267 796
719 535 719 602
535 108 535 383
108 375 108 455
718 774 718 827
716 7 716 270
712 664 712 589
711 501 711 715
709 330 709 432
708 173 708 116
706 404 706 846
404 929 404 160
704 713 704 930
703 554 703 296
702 705 702 598
700 191 700 100
699 353 699 250
353 297 353 582
697 12 697 836
12 934 12 534
695 247 695 587
247 843 247 533
843 871 843 608
694 879 694 776
879 435 879 363
693 705 693 828
691 666 691 295
690 152 690 508
687 264 687 519
685 746 685 610
746 98 746 801
98 427 98 252
683 39 683 969
682 363 682 611
363 501 363 824
681 500 681 212
679 848 679 383
848 517 848 396
678 452 678 435
677 3 677 555
3 824 3 730
676 984 676 53
984 34 984 429
675 506 852 140
674 542 674 567
672 413 672 598
413 610 413 589
667 444 667 880
665 517 665 730
517 432 517 231
660 824 660 791
658 384 658 519
656 762 656 739
762 582 762 472
650 934 650 467
649 285 649 893
648 46 648 628
46 199 46 650
199 434 199 818
647 985 647 711
644 670 644 338
643 830 643 52
642 778 642 941
640 889 640 929
637 942 637 351
942 215 942 528
215 749 215 886
635 289 635 871
289 652 289 638
634 470 634 723
633 441 633 138
441 501 441 886
630 775 630 803
629 32 629 833
32 564 32 559
624 34 624 195
623 234 623 688
621 463 621 596
619 831 619 38
618 40 618 811
40 714 40 818
714 113 714 728
616 564 616 185
615 790 995 284
613 515 613 408
608 368 608 351
607 571 607 117
571 828 571 792
606 669 606 298
605 242 605 107
242 811 242 285
604 494 604 296
494 778 494 829
600 951 600 523
951 2 951 306
598 661 672 186
661 862 661 74
862 717 862 496
597 231 597 502
231 395 231 944
594 774 594 577
593 766 593 779
592 191 591 430
191 94 191 890
94 510 94 665
588 34 588 829
587 70 587 847
585 18 744 496
584 25 584 769
580 645 580 39
645 456 645 76
578 830 578 851
830 573 830 717
574 474 574 742
572 833 572 483
833 828 629 664
828 923 918 780
567 89 567 219
566 930 566 158
930 772 930 575
772 717 772 407
562 298 562 270
561 832 561 400
832 312 832 342
560 641 560 781
558 894 558 195
557 628 557 761
628 293 648 427
293 506 293 968
552 60 552 206
60 29 60 312
548 579 548 219
547 2 547 441
546 994 546 85
545 499 545 870
499 181 499 120
181 912 181 804
543 669 543 764
541 286 541 300
538 620 538 337
620 147 620 791
537 755 537 730
755 602 755 749
536 964 536 697
964 515 964 308
515 343 515 856
533 993 533 140
993 209 993 509
532 165 532 974
531 787 531 28
787 781 787 293
781 427 781 435
427 745 427 826
530 463 530 836
463 205 463 444
205 229 205 516
229 944 229 480
529 576 815 113
525 446 525 771
524 481 524 191
523 367 600 431
367 117 367 799
522 20 49 529
20 813 20 817
813 845 813 501
845 25 845 422
521 298 521 985
298 104 298 955
519 174 687 292
514 432 514 800
513 985 513 47
512 222 512 846
511 227 511 841
227 214 227 82
214 765 214 126
765 45 765 270
509 153 509 723
504 141 504 981
503 392 503 387
502 958 502 732
498 889 498 209
497 52 497 737
496 216 496 383
492 745 492 347
490 379 490 164
489 390 489 723
390 261 390 849
261 411 261 530
411 442 411 465
488 221 488 318
221 63 221 716
486 339 486 318
485 343 485 355
343 582 343 728
483 836 483 944
836 904 536 545
482 31 482 275
31 549 31 826
549 668 549 65
668 356 668 705
480 932 480 202
932 609 932 150
479 162 479 603
162 506 162 96
478 684 478 947
475 173 475 35
173 553 173 762
473 576 473 720
472 302 173 481
302 722 302 690
722 957 722 715
469 105 469 662
468 610 468 213
610 103 685 449
466 803 844 780
465 739 465 472
464 636 464 885
462 29 462 444
461 430 461 15
430 398 430 909
458 948 458 735
457 495 457 252
495 386 495 438
455 958 455 595
958 761 958 387
454 53 454 985
450 773 450 741
773 398 773 521
398 125 398 363
449 38 449 791
38 431 38 434
431 834 743 671
834 39 834 657
448 470 448 868
445 474 445 988
440 442 895 429
438 799 438 28
799 639 367 395
437 216 437 773
433 470 718 811
470 163 470 597
429 905 429 331
905 944 905 290
428 226 428 283
426 200 793 382
200 539 200 53
425 396 425 109
396 551 848 70
551 577 551 851
577 350 594 379
424 484 424 415
484 389 484 363
423 280 423 290
280 392 280 905
421 847 421 306
420 769 420 198
769 436 825 516
436 153 436 46
419 397 419 251
397 277 397 896
416 544 416 979
544 117 544 324
415 614 415 47
614 166 614 885
410 414 410 172
408 929 408 981
407 759 772 181
759 742 759 209
405 412 405 470
412 871 412 318
871 849 871 967
403 666 403 847
401 402 401 779
402 868 402 286
868 795 448 140
400 559 400 713
559 275 32 79
275 87 482 256
391 8 391 770
8 453 8 510
388 808 388 379
385 651 385 904
651 692 651 61
692 141 232 626
383 435 679 202
382 715 382 196
380 657 380 659
657 745 834 299
378 102 378 972
102 344 102 789
372 57 372 327
57 684 57 403
684 583 684 506
583 550 583 881
371 186 371 334
186 148 598 414
370 220 370 823
369 100 369 741
366 456 267 89
456 136 456 744
136 516 136 453
516 659 516 970
365 30 365 694
362 957 362 816
957 306 957 688
361 337 361 659
337 846 337 682
359 811 359 150
357 226 357 969
355 196 355 897
349 422 349 477
422 639 845 416
348 195 348 721
347 790 347 907
346 194 346 841
342 93 342 889
93 508 93 490
341 688 341 181
340 956 340 220
956 442 956 994
338 47 338 981
47 705 47 140
705 636 705 749
335 100 335 733
100 288 100 414
334 156 371 304
156 358 156 560
358 139 358 393
333 165 333 386
165 82 165 979
332 234 332 992
234 670 234 713
670 602 670 70
331 29 331 880
29 808 29 516
329 491 329 441
328 528 328 957
327 663 327 11
663 406 663 89
406 981 406 95
981 622 338 623
322 717 273 59
320 164 320 617
319 841 319 86
841 148 346 331
148 18 148 858
318 520 318 441
317 730 317 270
730 477 730 992
477 947 477 435
947 307 478 702
316 34 316 752
315 860 315 31
860 379 860 171
314 893 314 343
893 622 649 427
313 527 313 838
527 2 527 790
2 386 2 67
311 70 311 134
310 384 310 472
384 452 384 745
308 387 964 24
387 394 387 397
394 395 394 625
395 195 395 301
195 761 195 588
305 507 305 751
507 264 507 442
304 168 304 908
168 356 168 854
303 45 303 305
45 439 45 377
300 969 300 477
299 129 299 659
129 506 953 92
506 840 506 265
296 155 296 602
155 444 155 647
444 301 444 219
301 564 301 563
295 542 295 344
542 822 542 279
822 856 822 639
294 776 294 496
776 82 940 206
82 500 82 120
292 392 292 28
291 570 291 936
570 824 570 886
824 117 363 823
290 281 280 590
281 245 281 73
245 894 245 553
287 277 287 502
284 774 284 930
774 641 746 431
641 582 641 588
282 356 282 849
279 95 542 182
274 190 274 842
190 929 190 777
929 432 823 529
272 434 272 237
271 915 271 502
915 447 915 763
447 392 447 182
270 56 317 55
268 277 268 232
266 713 266 262
263 52 263 455
262 900 262 173
258 520 258 124
520 609 520 838
609 39 609 265
39 659 39 697
659 622 659 908
256 95 102 654
255 555 255 389
254 105 254 869
105 884 105 521
252 603 252 342
251 763 878 286
250 636 250 879
636 849 636 630
849 575 282 630
246 196 246 763
196 149 382 195
244 816 244 652
816 912 362 728
241 123 241 120
123 312 123 571
312 16 60 78
16 259 16 152
259 501 259 100
501 373 501 574
240 599 240 383
599 89 599 725
89 575 89 930
239 831 239 92
831 269 831 934
269 923 269 534
238 811 238 891
237 646 237 881
233 568 233 115
568 81 931 472
228 113 228 427
224 326 224 207
326 741 326 698
741 698 794 332
698 376 698 810
223 139 223 185
219 220 444 65
220 153 220 351
217 603 217 735
603 696 479 270
696 278 696 574
213 553 213 548
553 379 553 897
212 185 212 756
185 889 185 138
889 34 889 356
210 602 210 652
602 579 296 166
208 180 208 677
180 900 180 526
900 161 810 270
207 826 207 927
826 53 826 176
204 118 204 654
118 14 118 962
203 840 203 280
840 278 840 152
202 983 240 83
983 452 983 286
198 131 198 908
131 474 131 880
474 141 474 745
197 286 197 579
286 350 286 284
350 539 350 782
193 742 193 728
189 884 189 904
884 446 341 103
188 253 188 516
253 149 253 673
149 446 149 455
446 379 913 97
184 688 184 335
688 141 198 551
141 596 141 516
183 569 183 132
182 128 447 128
128 858 182 952
858 811 148 756
811 164 827 304
164 297 93 182
179 161 179 795
161 418 161 73
178 121 178 263
121 364 121 164
177 764 177 29
764 152 764 117
176 518 427 408
518 907 518 574
907 707 907 749
175 912 914 288
912 550 417 455
550 435 869 152
171 142 171 992
142 652 142 25
652 576 244 383
170 283 170 167
283 235 283 709
169 973 169 775
973 324 973 579
324 34 324 793
34 285 34 662
285 434 285 780
434 611 38 59
160 721 160 508
721 354 348 147
354 967 354 636
967 726 871 431
726 194 726 698
159 969 159 363
969 386 683 710
386 278 386 992
278 745 278 172
158 339 158 886
339 30 298 885
157 555 157 838
555 265 677 187
154 671 154 703
671 886 746 212
151 632 151 298
632 74 632 971
150 508 150 320
508 627 160 76
627 590 627 472
146 856 146 363
856 471 856 209
144 622 144 905
143 795 143 810
795 63 179 586
140 336 47 99
336 778 336 970
778 575 778 508
575 74 284 666
138 69 138 215
69 631 935 13
631 753 631 779
753 307 753 431
307 500 307 595
500 72 735 375
135 52 135 627
52 277 52 639
277 72 277 23
133 756 133 278
756 147 212 737
147 297 786 332
297 25 297 166
132 934 132 529
934 481 934 516
127 134 127 538
134 510 110 166
126 563 126 818
124 790 124 527
790 780 527 588
122 909 122 36
909 288 909 880
288 904 288 140
904 582 904 662
582 418 582 27
120 742 241 77
742 927 742 137
927 152 207 587
152 18 152 637
119 865 119 818
865 364 865 504
364 669 364 981
669 226 669 21
226 639 226 711
115 56 233 22
56 749 56 632
749 222 749 373
114 481 114 320
112 14 112 666
14 309 14 595
309 590 309 471
111 829 111 924
829 617 195 70
617 172 320 595
172 325 133 7
325 622 325 376
109 174 109 17
174 414 174 707
414 418 414 612
106 701 106 538
701 235 701 104
101 379 101 166
379 596 379 455
596 113 596 237
99 373 140 576
373 639 749 316
97 625 97 548
625 18 625 698
96 7 96 255
7 230 172 538
230 662 230 590
92 992 274 18
992 938 386 697
938 666 157 368
666 265 358 87
91 654 91 379
88 803 88 980
803 453 803 745
453 745 453 539
86 792 86 679
792 775 123 455
775 586 775 117
586 970 198 291
85 1 85 684
1 399 1 453
399 896 399 293
896 375 503 49
375 360 735 22
360 265 360 626
265 948 265 108
948 654 948 510
84 206 84 712
206 988 206 441
83 917 202 505
917 344 917 956
344 760 344 822
760 389 760 728
389 923 255 276
923 680 40 24
680 564 680 71
564 70 564 199
80 53 80 844
53 18 53 792
79 439 79 936
78 717 78 985
717 885 416 886
77 481 120 941
481 539 627 36
539 222 136 65
222 70 222 981
70 654 829 589
73 554 73 637
554 187 554 529
187 739 208 166
71 970 71 600
68 595 68 516
595 510 53 303
510 563 980 418
67 107 67 249
107 201 107 157
66 534 66 717
534 894 269 246
894 715 894 747
715 751 711 408
751 194 123 37
194 25 194 803
65 576 219 508
576 886 576 622
886 74 73 345
74 139 74 791
64 870 64 723
870 211 836 556
211 368 211 449
62 569 62 571
569 985 569 442
985 752 78 206
752 910 316 471
61 970 61 566
970 30 934 50
30 368 30 962
368 590 313 379
59 846 59 780
846 949 362 630
949 25 949 35
58 791 58 835
791 491 449 27
491 117 491 712
117 763 117 383
55 352 625 35
352 116 168 598
116 81 116 194
81 885 81 472
885 739 298 207
739 639 739 653
639 654 344 626
54 713 54 702
713 882 713 41
882 662 882 720
662 563 662 472
51 626 51 92
626 95 52 256
95 104 95 435
104 761 104 28
50 103 188 222
103 87 181 442
87 153 284 270
48 249 48 761
249 808 2 25
808 590 808 717
43 276 43 304
276 528 162 43
42 471 42 587
471 761 705 595
761 435 982 270
41 880 400 15
880 807 331 95
807 201 807 529
37 736 705 209
736 330 191 779
330 720 330 318
36 780 36 784
780 766 59 207
766 137 766 452
137 910 501 290
910 139 120 338
35 971 270 589
971 646 56 273
646 944 646 19
944 264 483 351
264 113 270 508
33 664 33 78
664 563 629 431
563 439 367 199
439 376 439 650
376 235 376 335
28 167 28 702
167 306 167 298
306 72 222 431
27 994 27 9
994 216 994 791
216 763 216 842
763 590 246 338
26 392 26 940
392 113 392 723
113 435 529 589
435 235 435 908
24 321 634 579
321 573 321 528
573 4 335 538
4 166 4 866
166 418 110 49
418 847 418 199
22 452 22 589
452 737 926 431
737 209 435 780
209 745 705 92
745 442 630 13
21 611 472 435
611 467 337 441
19 63 19 570
63 707 63 981
707 201 707 697
201 442 201 792
15 459 15 780
459 153 673 256
153 72 153 695
72 847 638 818
13 556 362 472
556 988 386 441
988 622 445 140
622 720 140 455
720 125 473 163
11 922 11 634
922 579 383 981
579 125 723 158
125 467 125 887
467 847 467 528
10 612 10 337
612 443 28 441
443 163 443 442
163 76 163 149
76 528 332 650
528 356 219 256
356 847 356 149
9 139 791 351
139 25 139 23
25 442 25 416
442 18 181 149
18 847 92 905
847 654 435 455
654 235 270 435
235 590 235 408
590 432 930 5
432 771 283 497
771 5 525 454
