998
999 203 999 799
993 991 993 762
992 472 992 141
990 985 990 746
989 16 989 293
986 581 986 99
984 257 984 751
982 600 982 947
979 452 979 561
974 882 974 700
882 439 882 320
973 997 973 933
971 833 971 480
833 54 833 849
54 861 54 174
969 829 969 828
829 503 829 516
967 590 967 245
590 924 590 576
966 873 966 274
873 344 873 275
964 102 964 919
102 913 102 568
963 379 963 897
961 998 961 959
959 143 959 905
956 795 956 564
954 842 954 968
842 557 842 825
953 48 953 816
952 344 952 429
951 297 951 611
950 335 950 669
948 799 948 520
799 970 799 973
970 907 970 510
946 584 946 220
584 76 584 628
945 606 945 739
944 515 944 748
515 995 515 922
995 754 995 987
943 510 943 920
942 930 942 850
937 42 937 188
42 847 42 488
936 698 936 729
698 133 698 880
935 599 935 900
599 2 599 929
934 889 934 197
933 863 973 756
932 795 932 910
929 25 929 702
928 808 928 450
808 643 808 848
927 94 927 667
926 321 926 785
925 598 925 372
598 198 598 83
923 107 923 411
922 516 922 564
920 178 943 415
178 307 178 295
919 503 919 734
503 611 503 792
918 181 918 609
915 370 915 97
911 754 911 644
910 214 910 812
214 825 214 747
909 490 909 295
490 836 490 309
908 117 908 479
117 907 117 995
906 518 906 609
905 455 959 845
904 851 904 296
851 709 851 535
901 93 901 638
899 469 899 528
469 811 469 604
898 535 898 935
896 377 896 601
377 413 377 448
894 779 894 492
893 582 893 887
582 560 582 673
892 855 892 636
855 518 855 619
518 265 518 582
888 996 888 674
887 15 893 471
886 659 886 800
884 758 884 996
758 566 758 616
883 181 883 555
181 988 181 834
988 535 988 679
879 182 879 613
878 46 878 627
46 491 46 429
491 335 491 861
876 285 876 708
875 449 875 543
874 569 874 394
569 704 569 698
872 489 872 830
489 194 489 661
870 185 870 283
867 208 867 155
208 480 208 782
858 145 858 658
854 529 854 714
529 696 529 342
853 695 853 687
695 241 695 240
848 709 848 898
709 97 709 280
846 677 846 761
677 528 677 68
843 233 843 260
841 168 841 753
835 28 835 198
834 43 834 840
828 300 969 126
827 12 827 567
821 547 821 158
819 78 819 1
78 280 78 14
818 223 818 885
817 480 817 689
816 364 816 63
815 122 815 45
122 785 122 775
814 662 814 554
813 413 813 187
810 269 810 609
807 859 807 812
805 304 805 380
802 861 802 666
861 335 491 238
800 635 800 891
635 714 635 283
798 18 798 113
797 351 797 732
351 344 351 647
794 341 794 865
793 80 793 559
791 611 791 501
790 711 790 822
711 96 711 741
789 981 789 416
981 746 981 687
746 826 746 648
788 640 788 980
640 577 640 607
577 168 577 655
787 286 787 891
786 18 786 505
784 15 784 800
781 633 781 526
776 930 776 744
774 115 774 278
115 792 115 722
770 897 770 175
769 31 769 450
31 567 31 591
567 561 567 722
561 509 561 993
509 107 509 243
768 907 768 456
767 773 767 823
773 914 773 519
766 664 766 597
664 194 664 812
765 286 765 372
764 849 764 342
849 192 849 739
192 669 192 246
763 659 763 0
762 806 561 612
761 537 846 64
537 394 537 166
394 634 394 754
634 321 634 177
760 868 760 833
757 327 757 655
327 650 327 830
650 823 650 432
756 565 756 447
565 663 565 168
755 295 755 455
295 880 178 34
753 431 841 392
750 216 750 850
216 258 216 94
258 445 258 597
445 16 445 80
749 593 749 525
748 897 748 287
897 566 963 726
566 175 566 595
744 141 776 499
743 987 743 353
987 611 117 224
611 837 611 602
742 20 742 496
741 311 741 563
740 891 740 501
891 902 891 35
739 708 739 683
708 612 708 388
736 413 736 683
413 244 413 900
735 720 735 393
734 376 919 307
733 600 733 424
730 326 730 119
326 53 326 441
53 547 53 919
729 678 936 544
726 486 726 941
486 249 486 618
249 560 249 645
725 251 725 533
251 777 251 432
723 146 723 125
146 547 146 960
547 877 547 356
877 107 877 36
722 975 567 437
721 344 721 871
719 265 719 629
265 803 265 825
803 107 803 924
718 257 718 213
717 684 717 378
684 321 684 187
321 947 321 982
947 639 321 203
639 256 639 397
716 686 716 558
686 957 686 868
957 822 957 980
822 58 790 278
715 83 715 637
83 290 83 580
290 955 290 872
713 175 713 504
712 439 712 534
439 619 439 98
703 679 703 442
701 844 701 267
700 12 974 406
697 832 697 959
694 535 694 978
692 357 692 935
691 900 691 626
900 860 692 407
860 549 860 317
690 563 690 398
688 250 688 388
687 141 981 494
682 116 682 731
681 341 681 885
676 976 676 348
976 962 976 662
674 427 674 783
427 396 427 824
673 670 518 128
672 499 672 668
671 646 671 134
668 477 668 365
477 417 477 38
417 839 417 177
666 248 666 972
248 187 248 680
187 93 684 125
665 126 665 978
126 429 126 520
661 441 489 404
660 359 660 613
359 319 359 199
658 526 658 257
656 7 656 320
7 143 7 678
655 931 655 339
654 310 654 426
310 41 310 372
41 614 41 525
614 86 614 546
651 679 651 506
649 996 649 625
648 60 746 623
60 902 60 565
644 792 644 168
642 392 642 652
392 675 392 613
641 482 641 931
638 859 638 792
636 350 636 325
350 455 350 682
632 540 632 488
631 250 631 960
250 868 250 625
630 831 630 645
831 775 831 788
775 107 122 5
629 307 629 804
627 456 627 554
456 318 456 241
626 72 626 502
72 28 72 876
625 428 625 322
428 637 428 767
637 166 715 593
166 812 166 319
623 241 746 415
241 645 241 215
622 809 622 305
621 335 621 288
620 180 620 86
180 308 180 500
618 825 618 8
617 852 617 525
852 1 852 914
616 150 616 534
150 94 150 254
94 514 94 936
615 895 615 103
895 985 895 287
985 463 985 397
609 305 810 579
305 907 305 41
608 395 608 58
395 403 395 345
403 193 403 118
607 604 607 738
603 441 603 307
441 714 441 20
714 423 854 283
602 777 602 855
777 424 777 370
601 652 601 29
652 811 652 872
811 225 811 553
225 285 225 103
597 592 597 277
594 536 594 425
591 424 31 437
589 128 589 442
586 523 586 949
585 914 585 672
580 575 580 707
579 921 609 245
578 552 578 223
576 480 590 546
574 272 574 710
572 939 572 371
939 480 939 167
571 830 571 384
830 488 642 109
488 564 632 147
564 182 564 285
182 783 182 737
570 396 570 154
562 401 562 358
401 600 401 838
556 575 556 499
555 667 555 801
553 465 553 831
465 679 465 818
679 32 679 548
550 994 550 553
994 218 994 881
545 269 545 945
543 832 543 645
832 268 832 997
541 568 541 338
538 196 538 202
196 510 196 682
510 233 970 493
534 554 616 279
554 370 554 415
533 88 533 169
531 669 531 88
527 702 527 931
702 268 929 139
268 48 268 447
525 223 525 516
223 233 578 79
522 675 522 156
521 213 521 995
213 862 718 118
862 868 207 739
868 931 868 235
931 704 527 513
519 193 519 549
517 513 517 614
513 612 513 506
512 22 512 270
22 370 22 186
511 161 511 228
161 610 161 589
508 505 508 949
505 903 505 901
903 335 903 837
335 96 335 926
96 141 96 297
507 563 507 619
506 573 506 345
504 369 713 442
502 587 502 826
587 364 587 207
500 309 500 236
498 24 498 912
497 693 497 428
496 47 496 516
47 866 47 334
494 141 981 479
141 20 141 599
493 474 493 376
474 275 474 659
275 783 275 472
783 55 783 848
492 864 492 965
864 159 864 987
485 997 485 811
997 596 832 405
596 308 596 806
484 880 484 973
483 913 483 694
481 575 481 482
575 495 575 351
479 820 479 776
820 699 820 103
478 924 478 957
475 195 475 264
473 298 473 26
298 482 298 64
482 244 481 179
244 924 244 17
470 745 470 277
468 549 468 590
549 70 519 462
467 93 467 198
93 318 93 631
464 863 464 387
863 222 863 958
222 978 222 695
978 560 978 282
560 675 560 485
461 347 461 941
347 12 347 468
12 581 12 439
458 349 458 995
457 680 457 471
680 365 680 394
365 526 585 596
454 499 454 520
453 613 453 217
451 850 451 315
850 133 750 455
450 15 450 991
15 421 15 14
448 197 448 137
197 593 197 609
447 540 484 228
540 97 540 643
97 772 97 624
442 195 713 349
195 745 195 751
434 866 434 274
433 379 433 368
432 551 251 107
430 190 430 389
190 88 190 562
88 387 531 86
422 175 422 70
175 435 175 833
420 443 420 977
419 408 419 987
408 745 408 370
745 914 745 306
418 657 418 513
414 344 414 705
412 583 412 689
411 438 411 772
438 48 438 42
407 476 407 405
476 85 476 662
85 619 85 229
619 194 602 853
406 917 406 659
917 859 917 16
402 426 402 361
426 825 654 26
399 889 399 596
398 663 690 274
663 421 663 902
421 20 421 352
397 452 397 273
393 341 393 995
341 528 341 97
391 968 391 444
968 977 954 183
977 983 977 110
390 539 390 471
539 754 539 653
754 613 680 59
388 536 388 640
386 238 386 975
385 792 385 850
384 286 384 382
382 188 571 227
188 593 937 174
593 285 593 685
285 70 285 856
381 376 381 338
376 613 376 425
380 319 380 593
319 796 319 127
378 980 378 698
980 844 560 366
375 996 375 751
996 605 996 446
605 429 605 345
374 344 374 799
373 443 373 111
443 563 443 857
371 32 371 857
368 940 368 799
366 856 478 209
856 389 856 800
363 643 363 190
358 693 363 123
356 839 356 94
839 938 839 898
355 25 355 880
354 916 354 736
916 696 916 335
352 732 352 858
348 949 348 826
345 998 605 313
998 706 998 209
706 693 706 63
693 460 693 208
343 170 343 140
170 18 170 19
18 559 18 452
342 45 764 154
45 16 45 208
16 949 16 496
340 425 340 756
425 168 425 349
168 563 911 91
339 280 339 841
338 86 381 221
337 50 337 530
50 436 50 257
436 778 436 566
334 581 334 285
581 772 581 670
772 704 411 393
333 595 333 884
595 921 595 38
921 48 921 279
332 73 332 301
73 423 73 197
423 360 423 749
360 613 360 874
613 669 339 296
325 885 325 288
885 499 885 935
499 704 602 836
324 628 324 789
322 357 649 405
320 148 320 788
317 452 860 119
452 309 452 561
316 845 316 127
845 480 845 606
480 1 480 342
314 487 314 409
487 145 487 922
145 210 145 69
210 257 210 408
312 313 312 287
313 34 418 404
34 633 34 24
306 26 306 837
303 424 303 889
424 1 424 273
302 924 302 882
301 153 301 357
153 902 153 204
293 446 293 922
446 859 446 720
292 806 292 487
288 307 288 726
307 871 919 227
871 21 871 962
287 404 748 57
404 583 418 342
583 628 583 149
284 678 284 785
678 958 7 280
958 731 863 432
731 336 731 463
336 604 336 62
283 440 854 205
440 160 440 995
160 751 160 936
282 30 282 81
30 24 30 651
281 32 281 57
32 328 32 582
328 836 328 863
279 612 616 193
612 133 18 151
276 315 276 686
315 913 315 600
274 707 690 84
707 592 580 67
273 63 273 561
63 116 63 936
116 199 116 959
199 236 359 5
236 389 180 217
271 546 271 901
546 51 468 242
51 610 51 233
270 559 270 738
559 825 793 146
267 297 267 830
266 429 266 802
264 724 264 492
724 277 724 164
277 610 766 367
263 696 263 717
262 17 262 548
261 825 261 978
825 837 825 157
260 240 260 399
240 592 240 609
592 2 592 218
259 221 259 863
255 866 255 266
866 557 866 941
557 801 557 400
801 704 801 941
254 194 150 97
253 286 253 885
252 71 252 689
71 369 71 857
369 544 369 401
544 514 63 859
514 535 514 526
247 33 247 949
33 410 33 994
245 242 240 286
243 643 243 890
643 975 540 69
239 329 239 136
237 308 237 788
235 795 686 785
234 372 234 242
232 221 232 29
231 645 231 995
645 792 543 58
230 838 230 885
838 221 401 471
229 372 85 70
228 516 368 536
226 720 226 774
220 938 220 898
938 975 938 33
219 727 219 596
727 304 727 4
304 962 304 789
217 300 217 655
300 563 300 266
215 148 215 728
148 297 148 411
211 840 211 432
840 269 840 289
269 286 269 74
209 346 320 329
206 524 206 994
524 809 524 847
205 804 205 469
804 924 629 663
204 646 204 104
646 523 646 113
523 203 523 270
203 914 203 645
914 889 914 2
202 705 202 530
705 551 414 542
551 410 551 175
410 962 410 274
962 949 962 752
201 86 201 274
86 435 86 513
435 28 435 778
200 89 200 566
191 212 191 231
212 108 212 101
108 495 108 364
495 193 495 736
189 367 189 834
186 542 186 996
542 174 414 514
174 323 174 960
184 344 184 506
344 889 344 955
889 604 889 11
183 548 954 132
548 26 548 686
26 449 26 152
449 455 449 203
179 738 179 381
738 125 270 121
125 600 187 675
600 318 315 401
318 24 318 526
177 198 177 900
198 983 198 462
983 55 983 459
176 657 176 291
657 837 657 778
837 297 837 955
171 747 171 755
747 346 747 393
346 55 346 301
169 965 169 750
167 323 167 285
165 532 165 353
532 737 532 800
737 624 182 573
624 812 97 449
812 670 812 800
164 751 164 588
163 233 163 220
162 43 162 834
43 367 43 610
367 501 766 238
501 221 501 872
221 836 381 149
158 91 158 294
91 844 168 794
157 779 157 535
779 940 779 830
940 66 940 274
66 133 66 980
156 667 156 766
667 193 667 638
193 991 193 941
155 13 155 303
13 965 13 191
965 227 492 338
227 58 227 101
154 5 86 275
152 172 26 97
151 516 273 280
516 472 16 82
472 913 275 36
149 535 149 9
147 710 488 496
710 824 710 64
144 535 144 834
142 941 142 288
941 257 461 826
140 76 140 505
76 823 76 670
823 785 428 698
785 778 686 330
138 139 138 739
139 437 141 99
437 528 31 310
137 387 377 6
136 890 136 800
890 132 243 253
132 881 132 405
881 172 33 231
135 471 135 460
134 308 134 491
308 991 308 205
131 128 131 802
128 865 582 168
865 780 168 92
780 806 780 393
806 323 399 471
323 795 323 562
795 68 795 884
68 383 68 687
383 563 383 318
563 859 563 100
130 173 130 45
173 387 173 525
387 604 387 585
129 960 129 7
960 194 174 924
194 924 194 57
124 907 124 203
123 972 358 930
972 120 802 393
121 955 738 759
119 59 119 176
59 311 394 645
311 80 311 738
80 444 80 351
118 460 718 64
114 606 114 207
606 291 116 471
291 869 176 233
113 89 113 515
89 675 89 425
112 257 112 425
111 224 111 963
224 471 33 204
471 610 116 301
110 415 110 796
109 431 267 174
106 949 106 1
949 669 247 79
105 826 105 429
826 809 461 432
104 280 231 907
103 720 225 76
720 520 186 901
101 357 101 633
357 836 116 65
836 536 602 76
100 278 100 205
278 558 278 896
558 133 716 530
133 824 133 330
99 331 99 401
331 955 331 109
955 143 955 28
143 364 143 335
364 991 108 325
991 930 450 922
98 902 98 751
902 675 663 238
675 20 675 698
95 362 95 381
362 79 362 2
79 294 79 37
294 5 158 99
92 242 92 963
242 930 546 329
90 429 90 766
429 536 46 233
536 696 447 552
696 859 696 788
87 172 87 959
172 778 172 508
778 372 657 57
372 431 31 306
84 233 410 203
82 286 496 98
81 912 694 231
912 2 498 514
2 20 2 389
20 913 20 540
77 659 77 371
75 824 75 577
74 913 74 31
69 530 69 960
530 628 530 898
628 185 628 959
67 535 83 379
65 289 401 23
289 462 840 177
462 238 462 159
238 444 238 101
444 659 444 414
64 857 64 732
857 58 857 980
62 647 62 455
647 329 647 174
329 975 546 231
61 460 61 638
460 728 135 378
728 185 215 31
185 604 185 69
604 732 100 14
732 233 732 92
56 409 56 396
409 349 409 604
349 844 349 898
844 610 844 29
610 528 610 285
52 416 52 907
416 286 416 924
286 159 197 70
159 455 159 936
455 431 750 253
49 459 49 812
459 370 459 64
370 330 777 271
330 683 330 2
683 759 739 57
44 415 44 979
415 520 554 187
520 669 520 704
669 568 669 975
40 58 40 593
39 685 39 420
685 782 40 0
782 309 45 102
309 120 309 898
120 107 120 614
38 662 38 901
662 5 662 220
5 659 5 402
659 58 974 257
58 297 394 55
297 704 297 5
37 127 508 466
127 466 127 257
466 257 949 405
36 400 418 177
400 752 400 749
752 379 962 1
379 405 83 267
405 257 506 21
35 70 450 913
29 759 29 2
759 633 607 283
633 552 101 280
552 869 973 280
869 699 869 245
27 847 27 915
847 809 524 726
809 218 809 975
218 699 218 157
23 771 471 898
771 272 771 293
272 528 272 92
528 568 899 338
19 57 19 699
57 573 281 56
573 21 182 437
21 792 942 6
792 296 38 713
296 233 655 338
14 257 283 280
257 907 257 980
11 689 303 31
689 246 252 39
246 48 192 103
48 25 48 496
25 280 25 69
280 930 280 726
930 24 562 338
24 704 24 726
704 699 126 177
10 653 10 777
653 361 653 110
361 55 297 4
9 588 899 299
588 751 164 498
751 17 195 256
17 880 17 285
8 353 8 117
353 70 353 692
70 907 245 231
907 568 320 1
6 526 349 788
526 299 498 177
299 55 338 975
55 1 203 176
1 924 1 19
924 107 174 516
107 699 34 3
699 256 788 57
256 859 742 427
4 396 5 174
396 796 995 687
796 670 110 267
670 568 687 682
3 389 726 856
389 975 2 174
975 535 338 174
535 824 535 177
824 28 926 431
28 431 31 174
431 568 110 208
568 859 174 349
859 233 159 203
233 913 544 960
913 880 280 698
880 463 280 593
463 0 349 280
