1000
280 930
475 195
374 344
105 826
895 985
256 639
796 670
972 120
526 6
486 726
571 830
327 650
34 633
707 592
451 850
141 20
853 695
938 975
667 193
505 508
610 844
415 44
943 510
488 830
98 902
808 928
501 221
814 662
975 535
520 415
605 996
609 305
79 362
48 921
127 37
529 854
404 287
568 670
750 216
318 600
338 86
325 885
560 249
233 732
170 343
279 612
203 999
913 74
643 808
172 152
525 223
704 801
955 290
536 429
870 185
605 429
449 26
560 582
991 993
931 655
727 219
332 73
587 502
254 194
568 859
403 395
598 198
811 225
563 168
238 444
386 238
47 496
804 924
466 127
218 809
540 632
57 19
2 20
305 907
653 10
198 177
542 186
539 390
159 864
947 321
24 930
218 699
792 385
148 320
257 14
18 786
424 1
21 573
885 499
59 311
63 273
53 547
335 950
75 824
549 468
405 379
926 321
849 192
569 874
619 85
768 907
866 557
515 995
841 168
865 128
842 954
868 250
913 483
111 224
947 639
975 389
81 912
778 372
300 563
663 398
727 304
15 784
862 207
364 143
547 821
487 314
709 848
306 26
126 429
323 806
472 516
725 251
389 856
113 89
714 441
751 17
599 935
418 657
233 223
17 262
88 387
443 563
321 684
41 310
34 313
183 548
356 839
428 637
286 416
257 941
782 685
253 286
677 528
823 76
672 499
373 443
313 312
409 56
270 559
937 42
677 846
739 708
745 195
613 453
812 624
659 77
424 591
407 476
852 1
250 688
480 845
481 575
584 946
700 12
819 78
394 634
557 842
754 613
443 420
0 463
858 145
413 813
722 975
907 70
637 166
642 392
479 820
258 445
208 867
15 421
2 599
412 583
509 107
891 902
376 734
151 516
532 165
773 914
35 70
701 844
431 455
828 300
269 810
860 549
29 759
115 774
859 446
335 96
699 704
233 296
778 785
43 834
416 52
520 720
892 855
918 181
836 490
753 431
552 578
361 653
878 46
838 230
969 829
685 39
381 376
364 816
751 588
526 658
552 869
932 795
181 883
566 897
674 427
308 134
18 170
321 634
107 775
833 54
595 333
868 931
861 54
676 976
27 847
387 137
425 340
569 704
297 951
524 206
711 96
439 712
32 281
83 715
212 108
897 770
680 457
193 403
595 921
590 924
991 364
439 882
790 711
959 143
491 335
869 699
804 205
482 641
16 989
924 107
630 831
442 195
214 825
765 286
85 476
582 893
606 114
141 687
480 576
964 102
896 377
349 458
393 341
323 174
758 566
59 119
699 820
150 94
573 57
925 598
809 847
259 221
172 87
212 191
547 146
560 675
182 879
471 135
579 921
706 693
72 28
696 536
706 998
652 811
297 58
996 375
233 84
257 405
861 802
635 714
844 349
86 435
290 83
107 877
379 752
552 633
16 949
535 149
469 811
836 328
148 215
124 907
702 268
480 1
733 600
13 155
122 815
237 308
526 365
240 592
71 252
175 566
423 73
431 568
433 379
778 436
282 30
596 997
400 752
309 452
500 309
699 107
610 528
897 748
805 304
347 461
909 490
387 173
53 326
736 413
16 445
194 619
721 344
100 278
335 621
514 535
593 285
297 267
610 471
107 923
662 38
455 350
421 663
696 859
67 535
561 567
480 939
486 249
513 612
643 243
307 178
978 222
79 294
720 735
503 919
669 192
859 256
761 537
182 783
714 423
428 625
723 146
143 7
536 836
161 511
669 568
889 604
731 958
756 565
955 121
991 193
329 975
580 575
535 988
670 812
25 48
607 604
859 233
657 837
383 563
145 487
495 575
803 265
940 66
318 24
912 2
21 792
652 601
972 123
998 345
181 988
426 402
264 724
611 987
763 659
614 86
744 141
694 535
277 724
975 643
535 824
949 348
269 840
72 626
645 241
49 459
315 913
826 746
363 643
5 662
437 139
432 551
515 944
389 3
737 624
462 238
138 139
495 193
764 849
997 973
286 269
440 160
613 376
645 792
62 647
825 261
182 564
600 982
271 546
341 681
133 66
489 194
796 319
229 372
771 272
772 97
567 31
120 309
180 308
172 881
189 367
133 824
17 880
122 785
45 342
961 998
832 268
200 89
354 916
906 518
792 644
5 294
604 185
12 347
659 886
732 352
246 48
194 664
154 5
297 704
360 423
289 65
64 857
690 563
908 117
16 45
335 861
18 559
161 610
25 355
927 94
498 24
823 650
513 517
985 463
175 713
96 141
839 417
704 24
558 278
280 104
967 590
318 456
88 190
316 845
449 455
22 370
68 795
696 263
101 357
675 902
13 965
7 656
20 913
872 489
455 905
58 227
311 741
25 280
911 754
551 410
327 757
284 678
612 133
499 454
686 716
914 203
239 329
574 272
738 125
520 669
103 720
131 128
611 791
545 269
889 914
359 319
293 446
581 334
150 616
889 934
696 916
514 544
117 907
357 322
459 370
783 275
78 280
217 300
291 869
116 63
153 301
572 939
141 494
168 577
159 455
265 719
99 331
510 233
286 384
948 799
709 851
689 11
5 659
133 698
377 413
260 240
555 667
646 204
907 568
392 675
573 506
383 68
657 176
90 429
341 794
336 731
684 717
499 704
91 844
220 938
318 93
93 467
422 175
429 266
521 213
971 833
257 984
851 904
477 417
289 462
209 346
543 832
50 337
670 673
142 941
880 463
728 460
43 162
55 983
344 184
388 536
664 766
829 503
710 147
924 244
427 396
663 565
797 351
960 129
889 399
1 55
23 771
350 636
365 680
364 587
745 470
522 675
903 505
233 913
477 668
47 866
507 563
163 233
581 12
187 248
112 257
408 745
168 425
779 940
986 581
80 444
903 335
895 615
693 460
913 102
341 528
618 825
620 180
837 825
40 58
924 302
372 431
866 255
406 917
353 8
661 441
704 931
431 109
283 440
324 628
357 836
472 992
876 285
317 452
835 28
369 504
965 169
51 546
250 631
691 900
697 832
987 743
244 482
285 225
838 221
89 675
319 380
666 248
534 554
647 329
15 887
985 990
92 242
344 889
2 592
491 46
160 751
12 827
693 358
159 286
188 382
179 738
619 439
777 424
410 962
863 933
178 920
286 82
707 274
667 156
863 222
775 831
298 482
185 728
568 528
395 608
776 930
172 778
553 465
4 396
669 613
224 471
710 824
441 603
31 769
303 424
538 196
978 560
581 772
877 547
370 915
974 882
236 389
535 144
679 32
679 651
48 438
533 88
307 629
227 965
203 523
699 256
55 361
611 837
370 554
69 530
94 514
540 447
994 218
654 310
387 604
539 754
28 435
962 976
812 166
286 787
890 136
58 659
234 372
692 357
24 30
575 556
221 836
366 856
308 596
682 116
415 110
211 840
593 197
683 759
43 367
497 693
197 448
686 957
902 153
633 781
268 48
194 960
679 703
594 536
241 623
995 754
980 844
873 344
825 426
962 949
610 51
199 236
76 584
450 15
485 997
593 188
633 759
437 528
509 561
822 957
528 272
419 408
772 704
720 226
788 640
401 562
400 36
231 645
292 806
866 434
308 991
171 747
809 622
431 28
796 396
551 705
175 435
285 70
956 795
557 801
938 839
705 202
396 570
751 164
208 480
26 548
132 890
108 495
60 648
526 299
857 58
444 659
646 523
968 977
133 558
1 924
214 910
28 824
826 809
865 780
683 330
353 70
627 456
780 806
966 873
48 953
628 185
512 22
542 174
577 640
295 880
193 519
41 614
901 93
612 708
924 478
167 323
33 247
850 133
942 930
331 955
646 671
635 800
33 410
859 563
597 592
297 148
379 963
698 936
922 516
80 311
460 118
798 18
244 413
523 586
583 404
868 862
76 140
307 871
472 913
783 55
899 469
80 793
242 930
945 606
983 977
307 288
143 955
823 785
817 480
843 233
524 809
593 749
929 25
958 678
535 898
665 126
297 837
531 669
378 980
295 755
339 280
981 789
360 613
871 21
868 760
880 484
779 894
346 747
930 991
907 970
825 559
745 914
518 855
503 611
362 95
583 628
258 216
795 323
241 695
97 540
549 70
309 782
61 460
649 996
767 773
326 730
107 803
779 157
298 473
190 430
880 913
600 401
257 718
914 585
42 847
436 50
32 371
758 884
221 232
544 369
799 970
367 501
952 344
660 359
888 996
564 488
351 344
349 409
394 537
604 336
9 588
20 675
600 125
541 568
860 900
344 414
158 91
60 902
994 550
235 795
32 328
740 891
55 299
369 71
859 638
132 881
391 968
737 532
669 949
20 421
949 106
742 20
464 863
257 907
194 924
859 917
492 864
602 777
852 617
242 245
709 97
330 370
296 792
277 610
679 465
452 397
530 628
493 474
510 196
276 315
529 696
107 120
93 187
702 527
411 438
792 115
55 346
777 251
86 201
213 862
246 689
210 145
807 859
58 822
983 198
940 368
589 128
257 466
604 732
981 746
223 818
962 304
265 518
452 979
678 729
474 275
516 228
875 449
199 116
806 762
291 606
130 173
257 210
764 342
682 196
393 780
647 174
69 185
388 688
422 70
59 680
790 278
0 40
347 468
667 638
281 56
542 414
140 343
609 918
766 597
15 14
889 11
245 967
884 996
102 568
616 279
884 795
320 882
891 35
896 278
722 567
138 739
450 991
108 325
68 687
112 425
247 949
215 728
800 532
595 38
607 640
593 685
172 508
37 79
7 678
496 48
132 405
63 816
526 318
663 238
698 569
136 800
959 905
401 23
699 19
726 856
393 735
417 177
207 739
746 648
805 380
619 507
752 962
638 901
18 151
959 628
596 585
520 948
689 252
500 180
560 366
535 177
25 69
939 167
941 193
432 863
465 818
110 977
894 492
69 960
747 214
981 479
178 34
64 718
371 77
30 651
548 262
397 273
936 159
667 927
952 429
819 1
74 31
514 526
980 957
523 270
872 290
932 910
258 597
432 251
694 978
301 116
714 854
682 687
833 849
695 222
297 5
394 55
942 6
777 271
397 639
898 220
565 168
488 42
34 3
686 785
840 177
540 643
450 769
972 666
136 239
776 479
602 76
106 1
57 748
959 845
900 413
447 552
287 312
295 909
746 990
2 914
513 506
527 513
295 178
281 57
525 41
879 613
936 544
543 875
205 100
830 872
872 652
103 820
583 149
412 689
46 429
580 83
186 22
698 280
658 858
645 394
16 82
208 693
949 586
557 400
626 502
515 922
564 285
984 751
594 425
287 748
242 234
427 824
596 219
393 747
5 122
854 283
734 919
373 111
45 208
959 116
208 782
297 4
212 101
442 703
510 970
472 275
390 471
148 411
910 812
609 245
418 177
169 750
168 794
726 963
672 668
973 484
730 119
901 38
457 471
157 825
609 906
812 807
826 461
127 316
929 702
604 469
39 252
995 393
462 198
741 711
674 888
325 288
228 511
482 481
969 126
377 6
898 309
799 374
680 248
567 437
853 687
328 863
154 764
372 765
567 827
584 628
364 108
162 834
462 159
986 99
994 206
464 387
479 908
310 372
881 994
922 293
432 461
841 339
670 581
137 448
739 945
995 440
333 884
804 629
577 655
818 885
64 710
33 994
97 915
698 428
257 127
124 203
330 133
83 267
802 131
301 346
218 157
280 283
110 267
713 349
249 645
109 331
97 150
296 904
755 171
658 257
75 577
926 335
104 204
207 862
726 24
376 425
126 520
402 5
336 62
689 817
335 916
539 653
274 201
519 462
175 770
192 103
154 570
98 496
797 732
113 798
738 270
506 651
231 33
498 164
381 149
512 270
655 757
540 20
491 134
810 609
595 566
561 993
619 855
174 937
40 593
181 834
670 76
205 308
516 829
717 263
245 231
101 633
393 802
717 378
207 114
755 455
122 775
850 942
197 70
677 68
531 86
478 957
920 943
494 981
731 463
220 163
785 926
401 471
401 315
694 483
115 722
789 416
444 414
582 168
460 135
563 741
919 307
354 736
21 506
811 553
99 401
516 496
338 381
964 919
883 555
607 283
152 26
388 708
64 298
33 938
484 228
231 191
279 921
903 837
833 760
303 155
117 224
622 305
845 606
450 913
253 750
481 179
1 962
955 28
736 495
970 493
225 103
849 739
493 376
975 386
589 442
521 995
217 453
900 935
394 754
546 329
209 998
257 974
428 497
623 746
973 933
89 425
616 758
751 98
727 4
208 110
471 399
627 878
360 874
726 288
83 379
687 981
896 601
980 66
449 97
524 726
863 958
339 655
928 450
98 439
929 599
642 109
974 406
611 951
756 447
590 546
247 79
271 901
613 660
415 943
349 174
448 377
917 16
430 389
270 121
558 716
394 680
192 246
924 416
500 236
587 207
175 551
631 960
857 980
1 19
983 459
947 982
351 80
88 531
897 963
826 348
361 402
111 963
625 649
596 399
941 461
1 320
995 231
668 365
518 128
645 203
446 720
475 264
102 45
610 43
268 447
956 564
226 774
965 492
579 810
718 118
696 788
812 49
245 869
378 698
392 841
86 275
53 919
748 944
414 705
159 203
576 590
94 356
533 169
652 642
62 455
418 513
392 613
188 937
761 846
177 498
2 29
19 170
907 52
253 243
174 516
935 885
582 32
578 223
233 51
356 547
407 692
432 650
338 541
548 686
450 922
848 808
982 321
592 218
870 283
466 508
384 571
690 398
530 202
700 974
184 506
837 955
809 975
960 146
684 125
544 960
985 397
922 487
625 250
856 800
282 978
776 744
973 756
644 911
762 993
825 265
864 987
781 526
534 616
556 499
251 107
750 850
141 992
832 405
156 522
174 5
624 97
334 47
935 692
962 871
519 773
403 118
116 471
799 999
737 182
636 325
127 319
119 176
240 286
384 382
260 843
553 831
669 975
800 886
227 571
966 274
790 822
663 629
738 311
409 314
176 291
802 666
424 733
631 93
319 166
746 415
468 590
834 840
546 231
174 924
492 338
203 321
718 213
597 277
405 649
273 280
846 64
674 783
501 791
209 478
799 973
217 655
885 681
287 895
276 686
220 662
58 543
338 174
38 477
72 876
659 474
514 498
694 231
504 713
469 205
418 342
543 645
278 774
530 337
618 8
978 665
841 753
954 968
29 844
793 146
789 304
692 353
238 491
267 701
621 288
187 554
94 936
332 301
771 293
320 329
616 193
44 979
554 627
41 305
99 158
391 444
455 750
306 837
490 309
140 505
763 0
330 686
503 792
839 898
81 282
690 84
712 534
322 625
800 891
31 174
267 174
267 830
772 411
602 836
285 610
941 866
508 949
197 934
17 285
995 117
57 194
231 907
31 310
431 926
404 489
830 779
203 410
885 230
405 949
778 435
238 101
892 636
501 740
100 563
452 561
686 868
164 724
340 756
345 506
946 220
320 788
372 925
198 835
899 299
509 243
280 709
233 46
260 399
338 655
175 833
187 813
407 405
553 550
710 574
614 517
528 899
799 368
751 195
87 959
342 529
301 357
186 996
911 91
355 880
743 353
923 411
197 73
12 439
684 187
443 857
919 227
197 609
898 349
524 847
871 721
300 266
63 706
344 955
766 367
471 893
445 80
426 654
518 582
150 254
498 912
935 898
561 612
675 187
873 275
605 313
788 980
458 995
285 334
105 429
801 941
673 582
826 502
441 20
436 566
749 423
860 317
996 446
168 644
452 18
2 330
26 654
283 635
434 274
637 715
536 368
601 29
323 562
614 120
174 960
320 656
669 950
57 788
221 381
505 786
653 110
815 45
259 863
339 296
274 940
303 31
56 396
857 371
580 707
272 92
540 69
487 292
971 480
679 988
802 266
857 71
432 211
792 638
134 671
195 256
179 381
31 591
545 945
961 959
257 50
634 177
976 662
855 602
788 237
155 867
126 177
751 375
144 834
739 57
42 438
777 10
243 890
874 394
307 603
885 253
395 345
618 486
280 593
915 27
38 713
929 139
682 731
191 13
284 785
174 54
349 280
293 989
901 186
29 232
26 97
726 941
599 141
530 898
199 359
978 261
898 471
766 90
198 467
662 476
995 687
719 629
353 165
796 110
2 362
527 931
180 217
777 370
520 454
200 566
776 499
190 363
803 924
868 235
275 36
315 600
530 716
987 995
515 113
738 607
189 834
898 848
842 825
975 338
736 683
125 723
349 425
401 369
177 900
324 789
96 297
86 620
614 546
351 575
646 113
931 641
589 161
358 930
496 742
16 496
663 902
274 690
385 850
661 489
101 280
861 491
647 351
657 57
451 315
766 156
659 406
598 83
182 437
345 605
327 830
383 318
882 302
380 593
141 99
294 158
69 145
901 505
352 421
202 538
742 427
371 572
210 408
698 880
525 516
203 176
645 630
352 858
852 914
767 823
767 428
240 609
389 2
31 215
335 143
132 954
78 14
580 67
564 922
388 640
697 959
520 704
85 229
555 801
92 732
749 525
936 160
821 158
800 812
672 585
306 31
182 573
793 559
800 784
602 611
36 877
338 899
887 893
95 381
285 167
306 745
233 176
485 811
608 58
588 164
130 45
860 119
70 85
288 142
216 94
441 326
60 565
492 264
215 241
269 74
14 100
255 266
363 123
274 410
359 5
973 280
393 411
682 350
277 470
92 168
358 562
97 341
787 891
617 525
63 936
778 657
562 338
289 840
851 535
561 979
854 205
456 768
173 525
604 409
732 64
39 420
814 554
101 227
244 17
273 424
342 480
953 816
708 876
578 79
183 954
24 34
433 368
936 729
698 675
285 856
664 812
632 488
117 8
549 519
149 9
7 129
513 86
257 980
828 969
562 190
585 387
676 348
533 725
204 33
496 488
596 806
853 602
204 153
788 831
273 561
679 548
726 280
459 64
415 554
349 788
116 65
63 859
626 691
408 370
501 872
442 713
203 449
468 242
632 147
865 794
419 987
31 437
783 848
404 418
997 832
414 514
241 456
537 166
303 889
280 7
766 238
715 593
683 739
560 485
225 76
615 103
838 401
174 2
400 749
977 420
473 26
963 92
638 61
759 738
535 157
135 378
695 240
