998
999 869 999 391
869 750 869 145
997 935 997 636
996 370 996 321
993 7 993 221
991 616 991 934
990 994 990 896
987 508 987 372
985 915 985 830
984 665 984 844
983 460 983 601
982 151 982 905
981 739 981 817
739 490 739 560
980 611 980 643
978 270 978 926
977 313 977 968
971 282 971 895
970 499 970 44
968 354 977 951
354 914 354 419
967 872 967 205
966 639 966 207
639 938 639 560
938 625 938 679
965 50 965 259
962 472 962 828
961 708 961 556
708 499 708 556
959 398 959 259
958 950 958 355
957 782 957 516
955 585 955 487
954 810 954 931
953 387 953 509
952 626 952 373
951 647 951 138
949 152 949 432
947 540 947 752
946 843 946 899
843 114 843 802
943 542 943 748
940 899 940 389
939 235 939 607
936 174 936 896
174 964 174 906
934 749 934 735
931 774 931 742
927 66 927 292
926 838 926 518
925 694 925 151
694 720 694 873
923 859 923 710
920 356 920 599
917 553 917 568
905 605 905 191
904 944 904 969
903 399 903 977
399 165 399 471
898 631 898 161
631 413 631 380
897 363 897 783
893 167 893 364
167 520 167 795
892 387 892 616
887 99 887 289
99 911 99 800
886 517 886 675
883 618 883 432
618 25 618 972
880 856 880 284
879 832 879 919
832 193 832 743
878 246 878 537
877 881 877 954
876 214 876 465
214 621 214 641
874 213 874 458
873 102 873 666
102 451 102 691
871 267 871 647
267 950 267 829
867 557 867 524
866 343 866 717
343 235 343 652
865 424 865 405
864 494 864 27
494 472 494 894
863 232 863 351
232 994 232 832
862 14 862 908
14 365 14 50
861 932 861 704
932 929 932 560
929 193 929 668
858 994 858 572
857 547 857 300
547 186 547 793
855 884 855 241
884 665 884 245
853 605 853 636
852 677 852 572
677 472 677 977
472 498 472 844
851 132 851 522
132 891 132 984
850 40 850 367
849 813 849 207
813 763 813 597
763 122 763 346
848 36 848 77
36 882 36 768
882 854 882 606
846 274 846 586
274 918 274 299
845 489 845 458
489 597 489 199
844 994 132 221
842 245 842 367
245 644 245 724
841 900 841 805
900 679 900 667
840 67 840 836
837 338 837 960
338 165 338 699
835 317 835 758
317 649 317 138
834 83 834 622
83 50 83 69
833 536 833 127
536 193 536 567
831 397 831 592
829 635 829 682
635 166 635 112
827 544 827 248
544 209 544 910
825 626 825 499
824 80 824 126
823 301 823 731
301 973 301 840
822 25 822 706
821 230 821 647
230 709 230 914
709 513 709 532
819 47 819 984
47 31 47 591
818 304 818 583
816 679 816 87
815 71 815 974
808 894 808 504
894 187 894 225
803 872 803 345
802 942 802 734
801 240 801 828
240 193 240 835
800 166 800 772
798 31 798 512
31 270 31 201
270 389 270 379
795 434 795 443
794 745 794 666
745 384 745 916
791 410 791 644
789 140 789 921
140 203 140 953
203 702 203 268
786 153 786 59
153 199 153 228
199 665 489 131
665 145 665 661
785 506 785 273
506 922 506 472
783 55 897 468
781 638 781 8
780 580 780 860
779 973 779 259
973 12 973 350
777 601 777 977
601 515 601 492
775 497 775 995
497 235 497 492
773 292 773 541
292 870 292 912
772 235 772 133
771 265 771 94
770 974 770 658
769 629 769 574
768 451 768 662
766 812 766 716
812 302 812 804
302 928 302 226
762 906 762 490
761 561 761 27
760 364 760 918
364 68 893 180
759 421 759 598
758 365 758 576
365 587 365 919
757 238 757 691
756 455 756 956
754 403 754 367
753 42 753 667
42 830 42 147
748 649 748 75
747 995 747 642
743 726 232 584
726 475 726 991
742 684 742 902
738 278 738 676
735 490 726 931
734 672 843 367
733 421 733 685
421 186 421 61
732 888 732 626
731 166 731 907
166 649 166 440
728 382 728 915
382 727 382 231
724 784 724 603
723 243 723 608
243 881 243 862
721 108 721 122
719 380 719 777
718 972 718 398
717 989 717 509
716 256 766 656
256 451 256 416
451 942 451 372
715 373 715 606
712 793 712 621
711 424 711 248
710 15 710 998
705 334 705 327
334 103 334 26
103 918 103 330
704 260 861 486
703 580 703 641
580 162 580 730
701 73 701 404
699 463 338 697
463 859 463 4
859 776 859 518
697 625 697 936
625 560 625 534
696 995 696 890
995 241 995 490
695 594 695 963
692 371 692 123
371 369 371 612
691 127 691 341
690 226 690 916
689 373 689 171
687 528 687 891
528 67 528 330
686 351 686 954
351 13 351 751
13 839 13 754
682 436 829 487
436 782 436 662
681 545 681 46
680 184 680 550
678 424 678 429
676 600 676 637
675 316 675 289
316 375 316 906
375 688 375 313
673 355 673 513
355 828 958 268
828 930 828 911
930 974 930 426
671 633 671 402
633 11 633 395
670 638 670 663
638 357 638 343
357 847 357 979
847 282 847 174
669 185 669 726
185 100 185 876
668 706 668 921
706 395 706 835
395 304 395 621
304 159 304 867
159 233 159 462
667 504 900 323
664 241 664 585
663 636 663 515
636 910 853 21
661 918 665 323
918 39 760 599
39 88 39 512
660 727 660 177
659 265 659 571
658 356 658 931
356 875 356 365
657 116 657 937
656 43 766 418
43 241 43 949
655 510 655 304
510 774 510 189
651 608 651 95
650 34 650 517
34 268 34 973
268 133 268 482
643 122 980 486
641 749 641 293
749 194 749 737
194 50 194 348
637 585 637 684
634 552 634 736
552 994 552 831
632 162 632 550
162 154 162 914
630 924 630 841
628 585 628 617
627 156 627 125
624 115 624 35
115 558 115 454
558 725 558 342
622 976 622 491
619 541 619 539
541 540 541 618
540 888 540 350
888 473 888 393
617 213 617 620
614 648 614 977
613 61 613 450
612 560 612 751
609 994 609 834
607 740 607 911
740 410 740 205
410 868 410 230
606 621 715 19
592 685 552 731
590 370 590 963
370 776 370 140
776 80 776 599
589 672 589 749
588 384 588 163
586 50 586 797
583 398 583 725
582 646 582 591
581 449 581 439
579 944 579 2
578 125 578 828
577 854 577 729
575 572 575 604
572 464 852 327
573 937 573 173
937 975 937 623
975 933 975 860
933 941 933 255
941 611 941 313
571 645 571 720
645 40 645 603
570 418 570 231
418 380 418 897
568 778 568 950
778 411 778 401
411 212 411 566
565 233 565 26
562 108 562 488
108 652 108 591
652 125 652 157
556 513 556 923
513 533 513 259
533 520 533 963
555 969 555 726
969 282 969 679
282 213 282 878
554 646 554 106
646 415 646 988
549 550 549 174
550 231 632 255
546 902 546 599
543 251 543 920
251 774 251 720
539 945 539 248
945 944 945 126
538 895 538 512
895 928 895 195
537 514 537 683
514 534 514 208
534 362 534 252
362 909 362 823
909 294 909 340
535 114 535 541
532 584 709 24
584 133 232 279
133 149 133 790
149 994 149 796
994 238 994 213
530 944 530 157
527 912 527 582
526 121 526 86
121 246 121 470
246 559 246 809
559 591 559 751
524 525 304 48
525 163 525 583
522 95 522 832
95 94 95 43
521 499 521 989
518 790 859 460
790 177 133 634
516 890 516 518
890 449 890 448
507 960 507 180
502 403 502 535
500 788 500 747
496 839 496 669
495 998 495 623
998 231 556 644
493 424 493 617
424 992 424 474
492 919 497 228
484 226 484 478
482 784 482 944
481 587 481 384
587 963 587 556
480 820 480 233
479 151 479 607
476 226 476 75
474 788 474 750
788 875 788 856
875 389 875 912
471 186 471 644
470 315 470 518
468 404 468 986
467 593 467 181
466 784 466 566
465 15 185 482
15 611 15 345
462 157 462 960
461 752 461 215
752 403 947 430
459 608 459 323
608 885 608 490
458 151 845 281
151 179 151 419
457 260 457 742
260 640 260 806
456 666 456 697
666 61 873 553
61 233 61 104
454 515 454 626
453 640 453 981
640 603 640 168
452 443 452 595
443 928 167 459
450 924 450 787
448 979 448 391
979 7 357 38
447 257 447 557
257 54 257 633
54 315 54 600
446 919 446 372
919 602 365 464
602 172 602 935
444 916 444 107
442 89 442 50
441 40 441 854
440 907 440 326
907 69 731 835
439 198 439 385
438 485 438 330
485 615 485 301
437 976 437 560
435 119 435 812
433 163 433 822
163 765 163 490
765 509 765 543
509 226 509 621
226 623 226 58
432 380 43 500
380 284 380 63
431 397 431 49
397 644 397 158
430 520 430 546
428 569 428 755
569 591 569 676
426 764 426 707
425 419 425 949
419 165 419 591
165 595 165 935
422 96 422 66
96 782 96 50
782 600 782 860
417 49 417 348
49 389 49 873
416 491 416 413
491 515 609 586
414 792 414 59
792 303 792 326
412 429 412 942
429 685 429 586
685 649 733 672
649 519 649 217
409 265 409 263
408 992 408 173
407 233 407 930
405 18 405 964
18 564 18 348
402 942 402 376
942 312 942 805
312 88 312 375
401 693 401 964
400 722 400 276
396 381 396 906
394 310 394 300
310 294 310 262
393 88 393 920
392 730 392 574
730 145 580 35
145 914 145 559
391 620 448 343
620 566 493 264
390 799 390 249
799 679 799 885
386 398 386 374
398 600 398 296
600 610 54 493
385 922 385 974
922 989 922 693
989 403 989 23
403 303 403 258
383 960 383 920
960 767 960 804
377 986 377 818
986 860 468 486
860 413 780 728
376 512 402 332
512 183 39 501
183 928 183 182
928 477 928 406
374 910 374 867
372 805 372 615
805 19 841 141
19 156 19 853
156 220 156 283
220 916 220 67
916 473 745 500
368 345 368 39
345 751 345 160
751 548 612 503
367 186 367 488
186 963 186 819
963 404 590 105
366 648 366 499
648 464 648 835
360 854 360 275
359 249 359 346
249 499 249 65
499 125 499 706
358 944 358 87
353 361 353 252
361 265 361 454
265 82 265 840
350 207 350 751
207 264 207 471
349 784 349 939
784 913 784 545
913 285 913 810
285 469 285 922
348 3 348 385
3 212 3 177
347 542 347 746
346 308 359 11
308 404 308 262
344 264 344 420
264 423 54 237
423 674 423 462
674 187 674 191
342 826 342 131
826 212 826 81
212 406 212 622
341 7 341 158
7 741 7 69
741 498 741 684
340 906 909 224
906 141 316 698
141 238 141 896
339 111 339 217
111 621 111 275
621 727 621 713
727 910 727 68
337 413 337 248
336 71 336 500
71 294 71 248
335 210 335 541
332 992 332 871
331 66 331 496
66 976 66 586
330 378 330 798
378 233 378 395
328 101 328 589
327 233 327 839
326 125 326 700
125 597 125 977
325 872 325 60
872 236 872 777
236 560 236 629
324 944 324 383
322 797 322 581
797 379 66 541
320 369 320 9
319 529 319 440
318 755 318 202
314 720 314 544
311 599 311 200
599 213 383 537
213 222 213 974
222 104 222 165
309 557 309 139
307 469 307 612
306 9 306 522
9 921 9 932
921 138 921 520
138 208 872 122
299 992 274 175
298 478 298 181
478 806 484 40
806 114 806 68
114 560 114 949
560 767 9 505
297 469 297 516
295 11 295 69
293 381 293 904
290 744 290 576
744 90 744 415
289 870 289 910
870 974 870 97
974 623 213 70
623 616 623 200
288 427 288 972
287 155 287 686
155 814 155 373
814 948 814 462
286 629 286 168
283 12 283 663
281 707 458 840
707 505 407 517
505 389 505 276
280 830 280 953
277 127 277 253
127 154 127 315
154 976 154 133
276 120 400 175
120 157 120 636
275 504 111 130
504 168 504 920
168 567 168 9
567 449 567 960
273 722 273 535
722 542 722 522
272 296 272 546
296 755 296 977
271 868 271 835
269 585 269 384
266 988 266 40
261 67 261 29
258 488 258 503
255 209 255 293
209 241 209 940
254 384 254 55
253 208 253 917
252 891 252 279
891 992 891 81
992 912 992 227
250 563 250 595
563 838 563 954
247 755 247 784
244 700 244 418
242 729 242 637
239 531 239 50
531 33 531 122
237 179 493 4
179 313 179 259
234 94 234 878
229 210 229 921
228 598 492 586
598 901 598 654
227 262 227 383
262 488 262 22
488 574 488 889
225 105 225 731
223 553 223 158
553 810 694 811
810 511 810 46
511 248 511 411
221 473 984 490
473 629 473 413
629 413 629 637
413 644 256 275
219 542 219 323
542 935 542 920
218 908 218 664
908 597 908 854
217 116 217 225
116 73 116 72
73 885 73 200
215 501 215 695
501 157 39 233
211 68 211 406
68 523 68 621
523 475 523 250
475 389 475 817
205 950 205 399
950 605 253 190
605 662 605 571
204 224 204 868
224 820 909 50
820 152 820 462
152 679 152 406
679 72 904 88
72 172 72 789
172 912 172 253
202 604 202 900
604 113 575 420
113 688 113 997
688 184 688 125
201 69 201 216
200 420 200 977
197 804 197 256
804 233 804 924
192 415 192 830
191 89 191 63
89 300 89 488
300 323 300 809
190 693 950 45
693 187 922 333
189 420 510 123
188 988 188 568
988 683 646 296
683 564 234 482
564 294 564 758
182 755 182 53
181 198 181 35
198 323 198 594
180 80 180 125
178 321 178 936
321 809 321 731
809 69 246 316
69 389 69 429
176 415 176 208
415 147 415 596
175 750 9 375
750 315 474 85
173 548 573 24
548 477 548 177
171 373 171 512
373 885 155 100
170 119 170 411
169 122 169 177
122 323 531 60
160 594 345 65
594 193 594 487
158 725 158 563
725 196 725 720
150 944 150 714
148 596 148 581
596 313 596 832
146 838 146 55
838 88 838 388
144 644 144 448
142 956 142 650
956 477 956 238
477 811 477 23
811 817 694 139
139 143 139 419
143 796 143 265
796 868 149 597
137 911 137 626
911 566 607 68
566 388 411 454
136 729 136 931
729 184 729 449
135 700 135 449
700 746 319 399
746 839 746 948
134 305 134 777
305 263 305 460
131 55 342 19
55 836 55 35
130 885 275 482
885 767 799 486
129 755 129 677
755 914 755 910
128 147 128 660
147 642 42 65
642 787 336 469
787 585 787 815
126 836 126 136
836 90 458 75
124 520 124 557
123 889 123 665
889 278 889 381
118 964 118 702
117 611 117 453
611 88 611 547
112 830 112 296
110 972 110 309
972 208 492 62
208 881 208 499
881 445 881 418
109 263 109 817
263 591 263 586
107 653 107 940
106 1 106 407
98 503 98 599
503 90 350 91
97 388 97 234
93 313 93 977
313 157 313 653
92 291 92 838
291 551 291 807
551 449 551 141
91 1 503 74
1 561 1 976
87 964 87 618
964 231 401 486
231 88 382 151
86 81 86 780
81 259 81 127
259 101 779 80
101 498 101 344
85 420 85 981
420 278 420 149
278 157 278 273
84 387 84 732
387 90 387 871
79 515 79 647
515 235 283 11
78 100 78 432
100 384 373 263
384 684 384 924
77 654 77 760
654 610 759 512
610 369 610 512
75 486 75 855
486 82 401 90
82 574 82 822
574 196 574 385
74 896 751 835
896 25 141 557
25 333 25 920
333 210 922 279
210 720 210 868
70 944 574 65
944 379 77 483
379 591 379 323
65 713 65 917
713 626 621 462
626 767 454 293
767 684 767 774
64 157 64 815
157 445 144 149
63 576 63 895
62 50 263 44
50 490 50 39
490 793 490 760
793 839 547 405
839 196 327 352
196 519 196 626
519 662 519 63
60 517 60 784
59 80 59 352
80 119 259 665
119 910 119 644
910 294 910 177
294 914 294 198
58 381 58 751
381 924 367 388
924 469 804 206
57 737 57 273
737 702 328 537
702 647 702 981
56 279 56 352
279 764 279 141
764 868 764 560
868 193 210 599
193 40 193 650
40 616 266 38
53 736 53 726
736 67 133 518
67 449 67 898
449 615 449 830
52 807 52 960
51 529 51 296
529 597 529 834
597 603 420 6
48 774 524 486
774 899 774 292
899 817 899 599
46 545 46 486
545 585 296 35
45 161 188 162
44 915 618 215
915 105 728 512
105 76 695 935
41 698 41 72
698 352 906 563
352 902 352 637
902 241 906 518
241 616 75 454
38 483 40 468
483 94 749 291
94 830 94 177
830 653 192 728
37 184 37 30
35 329 125 508
329 216 329 788
216 104 216 419
32 856 32 527
856 914 856 720
30 404 30 352
404 644 404 500
644 406 319 12
29 576 29 934
576 935 751 777
935 603 66 279
603 914 603 537
914 104 65 26
104 406 104 313
28 807 28 367
807 363 291 20
363 369 363 124
27 90 27 517
90 315 486 107
315 11 127 157
11 616 11 372
616 585 616 629
585 233 664 537
233 88 192 672
88 720 458 67
26 369 26 235
24 714 24 912
714 854 150 289
854 161 862 8
161 187 454 19
187 720 187 726
23 561 23 198
561 653 561 418
653 498 375 72
498 388 498 644
388 662 388 617
662 591 768 455
22 595 22 5
595 284 595 960
284 76 284 749
76 303 76 593
303 12 303 456
12 720 471 427
21 369 997 445
369 427 369 978
20 901 775 901
901 445 97 211
16 460 16 573
460 17 516 347
17 976 17 98
976 238 1 429
238 591 756 626
10 164 10 159
164 195 164 659
195 464 63 19
464 817 365 174
817 445 85 835
8 455 8 26
455 206 768 248
206 517 621 184
517 445 517 931
6 557 530 0
557 33 586 393
33 184 33 856
184 323 621 85
323 912 323 829
912 520 24 617
520 445 72 742
445 406 626 751
5 427 310 24
4 948 24 393
948 720 517 385
720 406 720 742
406 615 537 343
2 508 2 644
508 487 626 393
487 177 487 835
177 235 289 107
235 469 385 751
469 389 500 706
389 593 289 85
593 684 76 139
684 591 352 216
591 615 591 487
615 434 11 158
434 672 434 407
672 427 512 85
427 647 471 225
647 0 647 552
