1000
43 241
281 707
948 720
861 932
104 222
856 914
576 935
129 755
917 553
950 958
928 183
950 605
323 300
977 313
866 343
561 653
430 520
872 325
473 916
788 474
591 569
962 472
653 498
370 776
660 727
623 616
699 463
589 672
403 303
398 386
52 807
881 877
486 75
879 832
727 382
817 464
187 674
722 400
10 164
40 193
579 944
876 214
942 802
145 914
111 339
243 881
583 398
498 388
683 988
767 684
157 120
639 966
615 485
944 324
915 985
124 520
498 101
839 793
750 869
94 234
216 104
769 629
626 767
870 289
994 552
921 9
231 88
196 519
714 854
953 387
449 67
722 542
615 591
389 469
373 885
88 838
989 922
726 475
576 63
42 753
267 871
896 74
436 682
446 919
119 910
81 86
496 839
821 230
72 172
745 794
854 882
516 890
937 975
666 456
693 401
616 991
684 742
981 739
740 607
186 367
974 930
233 565
19 805
720 12
974 623
905 605
545 585
369 427
609 994
580 780
116 217
626 248
80 119
39 88
600 676
838 926
15 465
153 199
57 737
828 930
776 80
904 944
572 575
55 131
580 162
793 490
73 701
179 237
992 299
596 148
484 226
574 488
263 109
51 529
365 587
438 485
245 644
186 421
67 736
399 165
25 896
159 304
523 475
567 449
805 372
103 334
245 842
649 317
513 533
725 158
71 336
116 73
657 116
119 170
462 157
135 700
403 989
412 429
305 134
159 233
379 944
740 410
564 683
764 868
855 884
365 14
585 955
626 825
71 294
856 880
200 420
357 847
47 31
404 30
396 381
538 895
41 698
249 359
99 911
323 184
468 404
226 509
854 360
492 919
759 421
389 49
534 514
45 161
688 184
345 751
643 122
166 731
625 938
541 619
957 782
483 38
361 265
140 203
389 270
241 995
387 90
547 857
648 464
801 240
752 461
885 767
469 307
358 944
972 110
814 948
369 26
493 424
755 182
799 390
909 362
868 271
82 265
799 679
778 568
939 235
843 114
722 273
859 463
646 554
164 195
244 700
342 826
846 274
730 392
92 291
564 18
841 900
55 836
585 628
829 635
153 786
384 745
466 784
193 832
610 600
645 40
761 561
100 185
747 995
282 969
266 988
640 453
915 105
163 765
274 918
288 427
912 527
399 903
566 911
854 577
542 219
198 323
56 279
933 941
508 487
413 631
559 246
137 911
235 772
666 61
549 550
591 263
520 445
145 665
184 729
591 662
964 174
906 141
6 557
819 47
687 528
71 815
625 560
141 238
151 458
67 840
254 384
179 313
469 924
986 377
910 294
64 157
419 425
505 389
853 605
351 686
828 355
956 142
269 585
709 230
1 106
241 209
152 820
591 238
233 327
303 76
338 165
302 928
90 315
839 746
418 380
437 976
622 976
156 627
424 711
149 133
205 950
345 368
679 816
1 91
194 50
520 912
340 906
427 672
294 310
258 488
315 470
616 241
90 27
235 497
49 417
61 233
608 651
452 443
444 916
292 773
868 410
881 208
87 964
899 817
888 473
603 640
70 944
473 629
286 629
380 432
655 510
987 508
235 343
897 363
713 626
139 143
924 630
973 301
542 347
838 146
76 284
954 810
526 121
472 494
334 705
529 319
642 787
472 677
918 661
306 9
774 48
294 914
121 246
993 7
638 670
669 185
138 921
431 397
445 901
836 90
321 809
659 265
445 406
503 90
508 2
552 634
948 4
127 277
702 647
419 165
190 693
755 296
287 155
404 308
499 521
24 714
817 811
333 210
451 102
154 976
888 540
512 183
892 387
733 421
712 793
588 384
612 560
561 23
31 270
743 726
914 104
308 346
332 992
406 615
667 504
520 167
889 123
961 708
102 873
364 760
122 323
859 776
624 115
546 902
594 160
969 555
199 665
215 501
89 191
918 103
503 98
455 8
916 220
585 637
584 133
16 460
830 94
956 477
646 415
227 262
978 270
611 117
96 422
778 411
184 37
442 89
29 576
406 212
752 403
973 779
870 292
313 596
154 127
964 118
847 282
211 68
252 891
875 389
694 925
782 600
573 937
902 241
285 469
548 751
259 81
169 122
826 212
328 101
415 192
604 202
517 206
824 80
959 398
15 611
145 730
33 184
590 370
820 224
363 369
162 632
849 813
994 844
960 507
248 511
174 936
942 451
472 498
473 221
996 370
649 748
514 537
166 635
935 997
238 976
338 837
901 598
357 638
167 893
620 566
50 490
15 710
782 436
447 257
585 787
835 317
615 434
976 17
94 95
885 130
810 511
679 72
728 382
235 177
107 653
767 960
559 591
353 361
151 479
25 822
709 513
264 207
517 60
865 424
533 520
175 750
792 303
621 606
494 864
700 746
113 604
316 675
315 750
329 35
542 943
945 539
600 398
621 214
177 487
90 744
61 613
151 179
551 291
777 601
593 467
389 593
297 469
354 968
11 633
455 206
791 410
12 973
807 363
515 601
652 125
187 693
970 499
929 932
947 540
836 126
69 809
239 531
540 541
187 720
531 33
998 231
99 887
17 460
284 595
902 352
890 449
69 201
665 884
823 301
522 95
792 414
702 203
782 96
413 629
80 180
355 673
654 77
213 222
140 789
32 856
413 337
695 594
477 548
994 232
330 378
499 249
304 818
371 692
20 901
536 193
395 304
501 157
388 97
889 278
196 839
513 556
88 611
403 754
574 82
177 790
608 459
813 763
515 235
108 562
50 62
384 684
256 716
477 811
50 83
260 704
734 672
391 620
441 40
800 166
784 349
587 481
963 404
226 623
44 915
369 610
427 5
251 543
198 439
843 946
696 995
272 296
972 718
644 406
798 31
427 647
881 445
812 302
40 850
163 525
595 22
625 697
755 247
449 581
402 942
797 322
66 927
195 464
621 111
100 384
817 445
311 599
719 380
894 808
212 3
967 872
827 544
960 383
428 569
380 284
132 891
69 389
495 998
224 204
267 950
518 790
715 373
341 7
119 435
729 136
907 440
36 882
260 457
407 233
830 280
105 76
480 820
415 147
300 89
373 171
530 944
243 723
232 863
193 868
19 156
755 318
491 416
971 282
774 251
210 720
498 741
920 356
594 193
278 738
764 279
451 768
648 614
395 706
964 231
872 803
389 475
11 616
587 963
94 483
278 157
413 860
198 181
152 679
125 578
732 888
975 933
771 265
830 653
366 648
654 610
240 193
744 290
78 100
186 547
88 233
644 413
406 104
303 12
762 906
429 685
641 749
388 566
82 486
434 672
515 454
663 636
774 510
517 445
264 423
862 14
858 994
852 677
208 253
941 611
580 703
603 935
509 765
708 499
796 868
584 532
585 616
592 685
312 942
982 151
163 433
685 649
517 886
891 992
567 168
320 369
519 649
356 875
178 321
713 65
720 406
108 721
638 781
3 348
940 899
688 375
127 691
197 804
66 331
455 756
120 276
420 85
909 294
922 385
784 482
186 471
757 238
979 7
986 860
914 603
11 315
161 187
972 208
990 994
241 664
365 758
720 88
79 515
951 647
784 724
397 644
108 652
162 154
767 560
804 233
639 938
125 597
411 212
784 913
797 379
983 460
408 992
674 423
665 984
350 207
869 999
524 525
298 478
706 668
755 914
381 924
608 885
469 235
165 595
236 872
774 899
147 642
928 443
806 114
285 913
210 229
418 570
59 80
830 112
572 464
505 707
404 644
602 172
557 33
729 242
935 542
690 226
924 450
233 378
333 25
403 502
283 12
409 265
618 883
636 910
557 867
980 611
490 735
646 582
597 489
814 155
944 150
354 914
963 186
84 387
66 976
965 50
749 194
831 397
736 53
519 662
550 231
679 900
766 812
796 143
727 910
500 788
34 650
54 257
560 114
545 46
250 563
168 504
631 898
187 894
988 188
974 770
994 149
795 434
147 128
193 929
919 602
264 344
125 499
806 478
907 69
536 833
506 922
931 774
737 702
749 934
557 309
644 144
213 599
598 228
621 727
558 115
225 105
424 992
156 220
585 233
830 42
928 895
553 223
262 488
315 54
645 571
93 313
323 912
268 34
989 717
720 694
560 236
923 859
43 656
364 68
294 564
870 974
949 152
698 352
83 834
426 764
497 775
316 375
506 785
684 593
561 1
910 374
313 157
261 67
658 356
184 680
246 878
451 256
885 73
138 208
166 649
310 394
574 196
662 388
741 7
491 515
512 376
544 209
597 529
874 213
617 213
282 213
114 535
912 992
678 424
11 295
854 161
36 848
810 553
640 260
40 616
591 684
788 875
839 13
18 405
720 314
371 369
618 25
312 88
689 373
504 275
381 293
278 420
268 133
662 605
851 132
176 415
381 58
597 603
647 0
725 196
259 101
545 681
838 563
528 67
908 218
305 263
122 763
523 68
845 489
586 50
449 615
633 671
944 945
597 908
172 912
548 173
209 255
979 448
351 13
189 420
591 379
88 393
558 725
21 369
39 918
28 807
534 362
125 326
626 952
551 449
113 688
216 329
238 994
490 739
157 445
928 477
226 476
210 335
55 783
791 644
816 87
327 352
472 506
591 419
728 915
454 411
39 50
304 48
920 542
524 486
906 563
12 319
873 49
490 608
838 92
657 937
903 977
751 835
745 916
482 275
935 695
395 378
125 627
385 974
692 123
517 407
157 127
921 668
250 595
876 185
24 617
189 510
38 357
197 256
87 358
35 624
616 892
590 105
465 876
547 793
10 159
755 428
304 867
698 316
947 430
301 485
760 918
981 702
552 647
374 386
151 382
606 715
556 644
393 24
271 835
878 537
867 524
395 621
417 348
940 209
85 474
190 253
257 633
216 352
27 864
39 368
573 24
2 644
647 871
112 635
388 367
974 815
127 833
572 858
976 1
637 629
977 968
786 59
250 523
766 716
591 487
391 999
766 656
840 458
99 800
420 6
773 541
817 475
337 248
829 682
715 19
577 729
558 342
167 459
525 583
372 451
74 503
493 54
85 981
262 310
960 804
679 969
411 170
225 471
98 599
951 138
296 112
63 19
63 519
287 686
292 912
513 259
687 891
313 104
194 348
180 507
912 24
139 419
781 8
538 512
446 372
789 72
279 922
35 55
589 749
214 641
986 468
332 871
365 174
486 401
598 759
81 891
299 274
762 490
251 720
621 184
32 527
107 940
518 906
383 227
660 177
431 49
344 420
413 416
797 586
166 440
666 873
543 765
464 365
630 841
752 947
501 39
663 283
383 920
984 844
160 345
248 768
212 622
14 50
621 713
841 141
348 385
547 405
122 872
426 707
25 920
72 116
628 617
658 931
906 174
852 572
70 213
973 34
283 11
237 54
973 350
462 960
565 26
942 805
9 375
516 957
291 749
406 152
731 823
259 779
977 951
869 145
85 289
429 678
576 758
540 350
647 79
449 830
98 17
594 487
728 192
544 910
157 530
726 53
561 418
444 107
943 748
843 802
970 44
296 977
815 787
537 664
895 63
359 346
961 556
846 586
556 923
650 517
244 418
607 68
458 874
8 862
141 557
308 262
452 595
733 672
354 419
949 425
473 413
293 454
44 263
503 612
909 340
168 9
445 997
586 263
727 68
591 47
43 95
401 964
896 141
570 231
400 175
607 911
405 964
801 828
126 824
534 625
127 315
963 695
939 349
91 350
686 954
365 356
137 626
144 149
487 955
407 434
926 518
67 458
856 788
391 448
516 518
621 85
920 543
275 111
55 146
721 122
19 853
636 997
252 353
994 213
500 336
228 497
484 478
470 121
832 522
574 385
477 23
865 405
623 200
486 980
536 567
33 856
484 40
537 343
460 859
571 605
38 266
987 372
966 207
149 796
725 583
636 120
900 667
380 63
544 314
897 468
159 462
282 878
357 979
372 11
590 963
777 719
486 861
584 232
55 254
717 866
760 599
908 862
273 535
535 502
376 402
730 580
989 23
560 932
496 669
145 559
29 261
385 517
321 996
945 126
198 594
216 201
821 647
528 330
302 226
623 937
268 203
709 532
894 494
995 775
731 552
289 675
655 304
270 379
841 805
326 792
942 412
596 415
782 860
755 910
581 322
383 324
119 644
981 817
871 387
754 13
467 181
39 233
931 136
639 560
665 123
84 732
408 173
603 724
997 113
950 45
457 742
857 300
492 601
512 85
662 436
318 202
500 706
509 621
432 78
76 593
259 959
345 15
321 731
407 930
514 208
640 168
281 845
596 832
566 466
235 26
626 393
725 720
23 198
581 148
243 862
117 453
632 255
435 812
818 377
192 830
612 371
906 316
745 500
967 205
504 808
890 448
420 149
140 953
104 61
953 509
64 815
252 279
367 842
557 124
215 695
380 631
233 480
567 960
442 50
660 128
279 232
388 838
60 325
151 925
205 399
758 564
183 182
191 674
313 941
165 222
11 359
899 599
578 828
201 31
248 827
30 37
241 855
873 694
135 449
272 546
253 172
20 291
208 176
347 516
799 885
133 772
454 75
691 757
661 665
329 788
840 301
279 141
320 9
939 607
454 626
931 742
754 367
150 289
63 191
398 296
569 676
313 653
835 240
560 764
46 486
685 733
749 284
950 568
954 563
174 549
305 460
742 902
500 747
579 2
718 398
921 789
722 522
898 67
810 913
107 486
331 496
225 731
641 293
68 621
24 709
914 230
614 977
433 822
930 426
843 367
818 583
389 940
276 505
728 780
411 511
706 835
537 383
440 319
332 402
352 56
683 537
977 200
35 580
608 723
541 535
153 228
289 910
323 829
586 66
448 144
458 845
401 90
292 927
490 995
749 737
643 980
164 659
294 198
258 403
150 714
688 125
461 215
220 67
218 664
701 404
156 283
599 210
471 427
825 499
512 171
717 509
97 870
751 385
571 720
362 823
343 448
853 21
504 920
454 361
629 236
458 75
259 665
370 140
447 557
586 492
798 512
227 992
607 479
51 296
316 246
800 772
697 338
9 932
255 933
421 61
991 934
169 177
739 560
317 138
919 365
367 850
323 665
100 155
438 330
711 248
225 894
130 111
388 617
411 566
43 500
897 783
897 418
57 273
286 168
384 924
122 531
396 906
908 854
123 510
609 586
760 77
86 526
326 440
667 753
675 886
829 267
273 278
474 750
820 462
710 923
935 165
65 42
404 500
256 275
922 693
373 263
400 276
292 774
94 771
420 575
200 311
929 668
384 269
449 729
344 101
290 576
196 626
835 487
610 512
895 971
295 69
706 822
804 206
234 97
89 488
492 497
372 615
27 517
606 882
247 784
835 758
575 604
895 195
273 785
611 547
450 787
134 777
508 125
488 367
258 503
670 663
343 652
455 768
676 637
659 571
855 75
248 626
106 554
471 207
488 889
35 296
550 680
346 763
155 373
617 620
456 303
26 65
275 360
245 884
931 517
350 751
406 928
826 81
731 835
621 712
394 300
384 481
889 381
459 323
977 93
296 646
738 676
784 545
780 86
490 163
767 774
202 900
50 239
811 694
802 734
255 293
36 768
53 182
28 367
69 7
881 418
456 697
735 934
673 513
71 248
253 917
936 697
573 173
177 94
965 259
139 694
731 907
819 984
108 591
585 664
211 97
414 59
151 419
52 960
488 562
809 246
393 920
259 179
677 129
126 136
407 106
863 351
922 285
323 379
443 795
644 471
556 708
230 410
238 956
828 962
956 756
934 29
225 217
704 861
553 873
125 180
42 147
626 756
30 352
626 732
493 264
779 80
977 125
363 124
8 26
490 760
102 691
817 109
618 215
210 868
859 518
748 75
743 832
710 998
834 622
50 96
822 82
742 72
336 469
208 499
88 904
981 453
761 27
522 851
133 154
364 893
522 306
527 582
751 626
878 234
905 191
568 917
454 19
40 468
531 60
616 629
399 319
809 300
868 204
672 192
972 618
612 751
770 658
402 671
618 541
935 602
726 669
75 476
555 726
599 776
574 769
975 860
489 131
952 373
599 920
649 217
297 516
429 69
853 636
618 87
489 199
741 684
327 839
759 512
265 143
677 977
603 537
293 904
573 16
949 432
65 249
645 603
550 632
177 910
221 993
663 515
684 637
548 177
472 844
681 46
969 904
3 177
568 188
512 39
393 586
327 705
266 40
744 415
837 960
954 931
249 390
26 334
351 751
226 58
491 622
592 831
65 345
777 872
463 4
978 926
167 795
9 505
110 309
541 335
139 309
533 963
162 914
221 132
916 690
474 424
186 819
984 132
652 157
936 178
637 242
256 416
72 41
905 982
328 589
127 81
546 599
327 852
348 18
418 766
341 691
591 582
856 720
650 142
162 188
560 437
366 499
530 0
799 486
205 740
274 175
875 912
375 72
848 77
468 486
641 703
288 972
637 352
840 836
623 495
280 953
634 736
22 5
369 978
439 581
919 879
483 77
341 158
835 648
896 990
313 375
834 529
133 634
900 323
439 385
462 423
780 860
922 333
141 551
946 899
60 784
556 587
158 11
901 775
936 896
181 298
778 401
68 806
810 46
429 586
328 537
595 960
470 518
330 103
700 326
133 790
617 493
829 487
644 498
921 520
248 539
728 512
938 679
612 307
374 867
597 149
835 85
751 777
726 991
482 944
339 217
482 234
454 115
429 1
58 751
492 62
139 76
574 392
355 958
482 268
493 4
161 898
877 954
343 638
393 888
260 806
931 726
977 777
834 609
633 395
193 650
830 985
19 342
263 409
720 742
35 181
747 642
262 22
689 171
291 807
831 552
521 989
107 289
118 702
375 312
277 253
948 746
114 949
854 441
794 666
345 803
651 95
563 158
158 223
849 207
541 66
574 65
284 880
382 231
840 265
812 804
887 289
559 751
338 699
330 798
646 988
279 66
252 534
911 828
499 706
245 724
219 323
163 588
430 546
399 471
224 909
65 917
890 696
949 43
490 984
422 66
924 804
133 518
419 216
983 601
654 598
768 662
921 229
211 406
432 883
59 352
200 73
54 600
974 213
310 24
619 539
893 180
450 613
621 462
397 158
813 597
342 131
187 726
814 462
69 83
832 232
958 268
909 50
482 185
847 174
746 347
