997
996 179 996 519
994 787 994 983
993 734 993 120
992 142 992 818
991 125 991 551
990 322 990 782
988 280 988 84
985 153 985 940
983 196 994 935
982 407 982 384
407 510 407 801
981 626 981 878
980 434 980 921
978 945 978 924
977 783 977 96
974 459 974 979
973 972 973 626
971 280 971 506
280 96 280 655
969 212 969 283
212 543 212 719
964 861 964 327
861 665 861 649
962 465 962 275
465 373 465 469
957 787 957 892
956 395 956 462
955 153 955 263
954 869 954 821
869 49 869 979
953 413 953 393
413 333 413 43
333 702 333 735
952 381 952 790
951 37 951 517
37 801 37 497
944 627 944 410
627 322 627 860
942 498 942 446
498 938 498 552
941 601 941 173
939 675 939 290
937 324 937 867
936 724 936 365
935 972 935 661
933 943 933 846
931 405 931 613
930 98 930 839
926 197 926 573
197 863 197 809
922 80 922 615
920 790 920 377
790 640 952 668
640 479 640 924
918 743 918 60
743 286 743 911
286 187 286 452
187 552 187 585
916 892 916 740
914 703 914 475
703 777 703 372
909 433 909 887
433 715 433 813
908 767 908 701
767 325 767 578
907 61 907 259
901 171 901 800
900 237 900 71
899 41 899 545
41 882 41 63
896 770 896 575
893 984 893 738
888 61 888 542
887 311 909 787
886 728 886 196
885 245 885 306
245 889 245 489
883 473 883 687
879 336 879 984
336 815 336 415
876 558 876 225
875 459 875 717
874 637 874 910
873 536 873 584
536 471 536 814
871 735 871 784
735 451 333 179
451 123 451 800
867 898 867 588
866 626 866 801
865 455 865 492
864 346 864 904
859 210 859 537
858 350 858 182
350 860 350 938
860 156 860 367
857 573 857 755
854 880 854 620
853 934 853 102
851 912 851 970
849 19 849 24
846 906 933 537
845 151 845 248
844 786 844 756
843 267 843 334
267 205 267 343
841 86 841 850
86 341 86 838
840 967 840 527
839 337 839 777
337 190 337 316
190 580 190 866
580 806 580 563
837 984 837 607
836 326 836 902
834 276 834 310
276 294 276 628
294 3 294 230
831 277 831 636
277 170 277 468
170 950 170 476
950 830 950 717
829 739 829 769
826 862 826 835
824 95 824 229
95 880 95 80
823 225 823 666
822 801 822 547
801 740 190 856
819 526 819 57
816 46 816 8
813 968 813 593
812 112 812 729
810 626 810 744
808 958 808 760
958 689 958 610
805 643 805 748
643 278 643 524
803 928 803 206
928 21 928 227
21 117 21 514
802 201 802 311
800 715 451 734
799 79 799 646
798 24 798 365
797 499 797 757
796 493 796 651
791 195 791 776
785 715 785 1
715 68 715 632
784 911 784 418
781 141 781 954
780 868 780 184
779 168 779 783
776 222 791 446
222 838 222 747
838 0 838 602
774 716 774 624
773 266 773 693
769 265 769 902
265 574 265 538
765 453 765 186
764 747 764 338
762 401 762 868
761 714 761 484
760 271 760 574
759 348 759 583
758 600 758 255
757 526 757 479
526 64 526 436
64 52 64 783
756 275 756 483
275 929 275 932
755 492 857 689
492 2 492 552
752 348 752 544
749 514 749 902
514 259 514 949
259 921 259 716
921 794 921 963
748 326 748 303
326 959 326 972
746 368 746 544
368 150 368 830
742 979 742 551
738 540 893 484
540 702 540 225
737 709 737 104
736 334 736 493
733 891 733 618
891 468 891 832
468 98 468 714
98 595 98 490
732 825 732 422
825 965 825 687
729 740 729 251
740 592 916 19
727 946 727 905
726 456 726 412
725 904 725 897
904 384 904 598
384 18 384 531
18 438 18 264
438 877 438 820
723 258 723 396
721 125 721 72
719 224 719 711
224 97 224 883
718 244 718 414
717 997 717 782
713 353 713 422
353 602 353 395
712 196 712 241
711 322 719 577
710 946 710 576
708 152 708 663
705 244 705 445
701 388 701 446
698 795 698 327
795 913 795 400
696 117 696 686
695 160 695 20
694 570 694 389
693 325 693 302
325 68 325 799
690 706 690 273
706 428 706 841
685 70 685 782
70 878 70 667
684 564 684 290
564 794 564 387
680 895 680 418
679 483 679 158
678 499 678 366
674 159 674 178
159 814 159 625
673 517 673 455
671 455 671 919
455 203 455 82
668 139 952 544
139 979 139 200
667 903 667 561
903 68 903 146
663 709 663 19
660 35 660 132
35 225 35 97
225 483 225 952
658 34 658 136
34 194 34 613
194 182 194 905
182 237 182 774
656 97 656 647
97 459 97 614
655 665 655 847
653 986 653 734
652 328 652 965
651 40 651 251
650 681 650 815
649 511 649 974
648 906 648 706
647 22 647 567
646 872 646 635
872 2 872 90
644 665 644 883
642 614 642 537
614 288 614 909
641 960 641 369
639 118 639 682
118 328 118 179
328 714 328 662
638 510 638 714
634 692 634 354
692 607 692 743
633 989 633 535
632 724 715 480
724 669 724 22
669 753 669 747
753 979 753 226
630 848 630 734
629 976 629 855
976 4 976 227
628 132 628 482
132 782 132 896
625 235 625 832
235 645 235 823
645 288 645 744
624 609 774 199
609 855 609 676
621 0 621 747
620 349 620 549
349 601 349 985
601 174 601 612
619 911 619 383
618 987 618 379
987 38 987 877
617 130 617 463
616 16 616 973
615 934 615 386
610 720 958 590
608 924 608 442
924 552 640 730
606 700 606 460
603 59 603 342
59 890 59 386
599 416 599 546
416 39 416 375
598 787 598 484
597 166 597 6
166 681 166 546
596 4 596 664
4 324 4 848
594 523 594 607
593 484 433 626
484 687 598 463
588 553 867 81
553 112 553 393
112 231 112 394
587 236 587 499
236 125 236 457
125 862 125 308
862 237 862 804
584 55 584 19
583 835 583 226
835 260 826 793
582 53 582 704
53 664 53 758
581 38 581 866
579 828 579 882
578 868 578 39
868 151 868 519
577 850 719 525
572 123 572 91
123 319 123 995
568 661 568 331
661 100 935 266
567 156 567 87
156 188 156 246
566 154 566 741
565 573 565 857
562 515 562 16
515 292 515 310
561 592 561 354
592 388 592 90
560 917 560 223
917 78 917 847
78 144 78 806
144 722 144 863
722 890 722 425
890 700 890 622
700 260 700 809
557 341 557 349
556 611 556 649
611 852 611 566
852 570 852 913
570 741 570 20
551 266 991 307
266 910 935 106
550 401 550 331
549 697 549 463
548 269 548 222
547 68 822 230
546 897 546 537
897 292 725 506
545 120 899 274
120 471 120 967
544 52 225 714
541 626 541 459
626 496 626 19
539 373 539 403
373 741 373 75
538 32 538 670
32 602 32 451
537 682 599 263
682 631 682 688
631 934 631 525
535 979 535 883
979 877 556 195
534 96 534 716
532 80 532 163
80 461 80 923
461 782 461 946
530 96 530 424
529 168 529 65
527 201 527 686
522 493 522 913
493 523 493 478
521 149 521 963
520 676 520 383
519 591 868 403
518 19 518 272
516 0 516 647
513 379 513 483
512 754 512 387
509 850 509 222
508 82 508 352
82 445 82 378
507 478 507 917
506 357 506 83
505 231 505 350
231 168 231 347
504 499 504 198
499 274 499 293
503 501 503 489
501 153 501 818
153 198 153 793
198 151 198 734
497 453 497 273
490 524 490 827
524 827 524 963
827 966 827 220
489 211 489 793
488 216 488 511
487 311 487 972
311 394 311 517
486 975 486 340
975 555 975 425
485 456 485 163
456 195 456 525
195 889 649 676
481 552 481 31
480 782 715 43
476 963 476 451
963 495 963 716
475 911 475 8
474 574 474 190
472 607 472 371
469 910 469 863
910 96 910 778
466 278 466 6
464 425 464 997
462 687 462 528
460 555 460 720
458 399 458 620
399 274 399 463
274 210 899 149
457 137 236 235
137 878 137 498
878 168 878 120
168 292 168 937
292 322 292 921
452 79 452 870
450 554 450 535
449 165 449 469
165 995 165 961
448 691 448 375
447 312 447 36
444 318 444 649
443 84 443 569
442 959 442 719
439 590 439 173
590 968 590 989
435 243 435 394
432 772 432 383
772 961 772 826
961 178 165 863
178 502 178 582
502 157 502 251
157 55 157 86
55 934 55 402
429 894 429 498
894 573 894 666
573 751 926 483
427 728 427 349
728 832 728 947
832 44 625 490
426 702 426 600
424 109 424 799
109 877 109 952
423 303 423 31
422 271 422 32
271 902 271 844
902 381 902 793
421 293 421 948
420 965 420 511
965 495 965 162
495 913 495 164
419 154 419 138
154 318 154 990
318 379 318 121
418 600 418 311
600 49 600 335
415 321 415 302
321 959 321 190
414 905 414 848
905 68 194 379
412 821 726 226
821 388 781 686
388 211 388 586
211 150 211 880
150 327 150 330
327 574 327 890
409 677 409 251
677 283 677 186
283 204 283 482
204 431 204 197
431 496 431 414
408 793 408 687
793 855 902 686
855 19 629 401
19 36 433 17
36 136 36 696
406 863 406 10
404 138 404 460
138 949 138 362
949 657 949 731
403 687 403 884
687 467 408 74
402 494 55 194
400 850 400 50
850 237 648 681
398 929 398 687
929 205 929 376
205 140 205 739
140 794 140 820
396 43 396 173
43 778 43 531
778 496 778 990
496 689 496 75
689 179 689 949
393 605 393 284
392 595 392 801
391 61 391 745
61 371 61 672
371 79 371 133
387 482 387 905
482 995 482 804
386 131 615 358
131 683 131 842
683 670 683 517
670 815 265 268
385 370 385 19
383 38 383 987
376 576 376 795
576 437 710 297
375 394 375 613
374 381 374 601
381 372 381 199
369 531 369 357
367 171 860 129
171 880 171 549
366 595 366 108
365 959 365 743
364 347 364 141
347 341 347 523
363 85 363 161
362 312 138 32
361 483 361 686
483 925 483 952
359 31 359 636
358 750 615 186
356 0 356 182
355 783 355 517
783 925 779 317
925 777 925 146
354 787 354 382
787 574 787 224
352 394 352 906
351 817 351 262
344 623 344 882
623 478 623 972
343 401 343 332
342 543 603 310
543 940 543 994
940 312 349 943
340 390 486 149
390 31 390 281
339 794 339 446
794 379 794 786
338 346 338 182
346 477 346 902
477 688 477 747
335 960 335 789
960 151 960 246
332 380 343 179
331 654 331 954
654 716 654 25
330 702 330 751
329 453 329 817
453 249 453 649
323 716 323 777
320 523 320 625
316 704 337 193
315 494 315 357
494 210 494 446
210 892 210 939
314 295 314 937
295 612 295 397
310 425 310 686
309 775 309 174
775 73 775 123
73 38 73 463
38 811 38 807
307 395 307 696
395 707 395 50
306 605 306 831
605 478 605 913
478 591 493 273
305 672 305 57
672 81 61 229
81 637 81 549
637 196 637 968
196 242 196 998
242 90 242 789
90 882 90 492
882 714 344 804
714 84 483 259
302 377 693 222
377 523 377 89
301 818 301 311
818 479 818 514
300 22 300 691
22 970 22 951
970 84 970 913
299 688 299 313
688 348 682 387
348 830 348 745
830 237 830 45
298 766 298 630
766 136 766 352
297 612 297 199
612 436 612 174
296 607 296 468
607 533 607 83
533 380 533 28
291 747 291 507
747 945 773 11
290 193 210 435
193 203 193 971
203 249 203 209
249 238 249 779
289 284 289 440
287 278 287 511
285 709 285 999
709 984 709 479
282 923 282 963
281 380 281 763
279 833 279 786
833 771 833 937
273 130 273 817
130 686 130 975
686 575 307 177
270 999 270 182
268 13 268 491
264 255 264 150
263 525 263 109
525 666 719 250
261 324 261 277
324 410 324 470
410 473 410 959
473 152 473 873
257 6 257 215
6 258 6 403
256 479 256 705
253 405 253 202
252 675 252 807
251 470 651 182
250 884 719 101
248 85 248 709
85 357 85 39
357 401 357 760
247 870 247 322
870 459 870 806
246 559 246 623
241 906 241 913
240 313 240 966
313 788 313 224
788 117 788 559
117 238 117 959
238 681 238 230
239 989 239 589
233 741 233 328
232 555 232 586
230 895 230 716
229 312 229 554
312 913 312 958
226 997 226 490
997 986 464 585
986 880 986 919
880 510 880 912
223 571 223 394
571 938 571 76
938 945 350 894
945 394 945 87
394 622 435 259
221 911 221 591
911 681 911 943
681 52 648 401
52 179 52 797
220 589 226 129
589 704 589 686
219 100 219 57
218 720 218 768
720 542 720 911
542 730 888 471
730 341 924 716
217 636 217 468
636 622 306 143
215 691 215 598
214 160 214 812
160 967 160 685
967 51 120 881
51 188 51 923
213 186 213 871
186 786 186 686
786 934 279 734
209 100 209 172
100 622 443 426
208 437 208 101
437 142 437 182
142 676 142 774
207 54 207 656
54 141 54 124
206 662 803 143
662 517 662 913
517 234 22 566
202 441 202 762
200 531 200 583
531 804 531 699
804 471 804 786
471 454 471 915
192 201 192 985
201 440 201 544
440 151 289 275
151 806 151 57
806 372 870 127
191 635 191 68
635 380 424 696
380 998 380 23
189 163 189 779
163 789 163 826
789 665 335 464
665 126 665 510
126 586 126 435
586 243 388 391
243 341 243 791
341 913 341 397
185 528 185 117
528 173 462 484
173 262 173 452
262 968 351 216
184 72 184 328
181 558 181 227
558 892 558 949
892 751 957 801
180 147 180 888
177 946 163 161
946 998 461 839
176 750 176 182
750 278 750 984
278 913 278 190
175 101 175 378
172 260 209 161
169 304 169 613
304 405 304 328
405 704 405 489
704 815 178 123
815 856 650 279
167 770 167 22
164 734 164 999
734 972 279 659
162 510 965 12
158 322 158 828
155 927 155 221
927 585 927 898
585 999 600 237
999 84 285 913
84 179 84 7
179 119 118 141
119 16 119 118
148 989 148 471
989 817 989 76
143 915 803 68
915 370 148 430
370 666 370 839
666 40 666 716
40 510 40 370
135 984 135 858
134 807 134 921
807 345 38 259
345 745 345 927
133 161 133 817
161 563 424 50
563 149 563 375
149 436 149 165
129 884 139 152
127 828 127 947
828 411 158 469
124 771 124 50
771 101 771 574
101 884 719 13
122 947 122 178
947 751 947 94
121 782 121 851
782 998 685 188
116 479 116 260
479 96 248 544
96 0 96 990
0 379 0 868
115 895 115 725
895 317 895 49
317 739 317 968
739 425 739 826
114 555 114 747
555 559 555 479
559 613 559 889
613 237 613 963
113 255 113 268
255 272 255 469
272 745 518 179
745 39 745 623
39 731 39 727
731 811 514 743
111 2 111 43
110 966 110 686
966 322 240 958
108 657 108 31
657 934 657 851
107 912 107 625
106 237 106 756
105 884 105 226
884 146 403 696
104 906 104 544
906 552 352 489
552 998 90 435
103 411 103 590
411 595 411 820
595 792 595 959
102 308 102 328
308 24 308 198
99 141 99 747
94 228 127 734
228 523 228 339
523 591 347 401
591 322 221 284
93 898 93 658
898 959 927 128
959 425 117 534
92 809 92 737
809 702 809 851
702 792 702 544
792 912 792 613
912 741 211 716
91 622 91 218
622 676 327 361
89 3 89 113
3 863 3 139
863 995 255 86
88 932 88 987
932 227 275 150
87 500 647 182
500 417 500 68
417 697 417 598
697 425 697 491
425 676 425 285
83 491 83 387
77 45 77 263
45 919 45 129
919 141 671 621
76 183 590 401
183 322 183 705
75 227 75 259
227 145 227 800
145 152 145 186
74 847 909 269
847 934 507 522
934 575 934 141
69 389 69 856
389 244 389 554
244 454 244 621
67 817 67 134
817 216 273 716
216 820 351 215
820 372 438 370
372 811 372 763
66 463 66 782
463 467 351 190
467 995 467 50
65 848 65 83
848 234 848 911
234 998 234 401
998 2 998 50
63 13 63 675
13 199 13 56
199 691 135 754
691 293 691 851
62 31 62 682
31 995 31 383
995 446 123 760
446 16 446 823
16 379 16 649
60 972 60 964
972 293 623 71
58 856 58 927
856 676 215 279
57 79 57 852
56 511 56 686
511 303 511 50
303 147 303 953
147 68 147 653
50 136 56 612
136 382 93 536
382 72 354 72
48 288 48 268
47 554 47 879
554 716 389 330
716 770 273 590
770 379 770 428
42 675 42 221
675 72 675 461
33 44 33 678
44 260 44 182
260 744 260 72
744 293 744 970
293 146 293 840
30 889 30 615
29 46 29 782
46 378 46 714
378 707 378 129
707 984 707 293
984 811 750 978
28 948 28 795
948 146 948 943
27 445 27 715
445 763 256 613
763 68 281 71
26 430 26 769
430 881 471 387
881 754 120 793
754 397 710 5
25 152 25 809
152 397 378 49
23 68 23 954
68 574 636 531
20 434 20 373
434 575 434 128
17 284 19 826
284 777 284 669
777 49 839 686
49 379 490 793
379 2 39 8
15 699 15 286
699 923 699 146
923 768 80 596
768 814 768 747
814 889 93 258
889 2 559 179
14 254 14 896
254 319 254 911
319 188 319 531
12 604 652 917
604 441 604 470
441 459 441 331
459 510 459 968
510 428 510 902
428 877 428 182
877 659 383 394
11 401 114 1
401 258 231 295
322 454 258 106
10 842 10 689
842 664 131 658
664 128 80 426
128 436 128 625
436 943 436 361
943 174 911 793
174 141 510 2
9 470 9 275
470 491 470 793
491 269 268 279
269 146 535 444
146 811 43 435
8 188 682 72
188 913 782 686
913 811 662 71
811 659 811 635
659 454 734 686
7 360 7 851
360 24 360 716
24 79 24 255
79 141 79 980
141 397 179 924
397 575 179 387
575 2 575 182
2 676 734 469
676 454 687 394
454 574 454 883
574 288 123 361
5 334 182 259
334 72 334 56
72 602 273 517
602 968 901 288
968 751 637 50
751 237 150 90
237 288 426 331
288 741 686 913
741 71 259 686
71 1 686 669
