1000
505 231
584 55
881 754
636 217
52 64
657 949
413 333
400 850
123 451
266 773
312 362
869 49
59 890
2 379
184 72
157 502
814 889
536 471
18 384
783 355
910 96
762 401
157 55
835 260
344 623
832 728
928 803
468 891
499 274
283 204
963 476
411 828
906 552
28 948
650 681
876 558
665 655
827 524
394 622
204 431
306 605
911 619
514 259
704 405
465 373
449 165
984 707
577 850
421 293
377 523
788 313
288 741
267 843
401 357
33 44
935 972
403 687
518 19
348 759
947 122
751 892
119 179
153 501
89 3
282 923
188 51
151 845
438 18
24 360
961 178
39 745
290 193
852 570
756 275
490 524
827 966
555 232
195 889
785 715
771 124
273 130
613 237
607 472
79 57
443 84
274 210
163 189
867 898
96 0
269 146
201 440
735 871
747 945
170 950
575 934
723 258
446 16
740 729
243 586
980 434
70 878
519 591
751 237
585 999
336 815
714 761
528 173
898 959
498 938
521 149
152 397
880 510
388 701
968 590
684 564
539 373
30 889
698 795
167 770
153 955
276 834
432 772
994 787
174 141
626 541
16 616
278 466
279 833
545 120
574 327
24 79
378 46
445 27
938 945
986 997
256 479
71 741
322 966
11 401
990 322
585 927
22 647
909 433
454 574
333 702
720 542
314 295
484 687
49 777
998 782
958 808
948 146
483 361
777 703
117 788
350 858
259 921
324 4
805 643
457 137
666 525
731 811
13 199
380 533
682 537
913 278
168 878
323 716
571 938
227 145
716 654
987 618
916 892
51 967
979 742
523 228
812 112
833 771
702 426
847 74
547 68
338 346
615 934
140 794
542 730
130 686
62 31
648 906
676 622
49 600
907 61
367 171
434 575
778 43
510 407
859 210
794 339
951 37
161 133
637 874
170 277
517 673
384 904
117 696
52 681
699 15
91 622
797 499
575 2
194 34
3 863
525 263
372 811
175 101
455 203
325 693
716 770
493 796
478 591
151 960
442 959
763 68
271 902
61 371
598 787
363 85
322 591
169 304
334 72
706 428
249 203
86 341
606 700
212 543
163 789
214 160
941 601
6 257
40 666
865 455
463 66
118 639
470 251
258 6
953 413
665 789
607 533
381 902
626 866
771 101
669 724
405 253
892 558
242 196
738 540
646 872
331 654
778 496
188 156
555 975
593 484
687 462
662 206
427 728
636 622
809 92
880 171
181 558
786 186
118 328
430 881
216 817
198 151
453 765
158 322
939 675
141 397
49 379
495 965
744 260
683 670
612 436
883 473
851 912
733 891
231 168
425 697
388 821
950 830
68 23
126 665
85 248
571 223
83 491
148 989
312 913
714 882
141 99
576 376
390 31
523 594
205 267
386 131
265 574
416 39
160 695
629 976
182 194
317 739
913 341
144 722
739 829
595 392
318 444
46 29
896 770
162 510
754 512
627 322
234 848
979 877
544 52
910 469
717 997
243 435
875 459
188 913
915 143
211 388
918 743
166 597
944 627
510 459
894 429
929 275
752 348
943 933
682 631
221 911
138 949
931 405
8 188
817 351
725 904
142 676
196 637
461 80
379 16
84 179
495 913
892 210
885 245
997 226
831 277
747 764
1 71
412 821
589 704
454 471
617 130
68 905
552 924
111 2
614 642
149 563
150 211
715 433
96 530
644 665
303 147
574 474
819 526
141 79
40 510
592 740
318 154
602 353
911 475
53 582
319 254
751 573
995 467
212 969
563 161
989 817
895 680
516 0
237 850
940 543
943 174
399 458
395 707
276 294
125 721
50 136
503 501
406 863
856 676
350 860
72 675
609 624
602 72
506 357
178 502
477 688
599 416
454 676
341 557
993 734
960 335
320 523
379 794
459 441
964 861
346 477
500 87
345 745
261 324
423 303
959 321
207 54
258 322
394 311
890 722
224 719
485 456
633 989
220 589
529 168
215 691
852 611
802 201
473 152
278 643
510 638
849 19
41 882
720 610
292 168
380 635
152 708
807 345
381 372
917 560
140 205
661 568
196 983
528 185
790 640
837 984
417 697
937 324
388 592
976 4
401 343
13 63
663 709
811 984
84 970
679 483
450 554
0 356
531 369
792 595
634 692
100 661
95 824
408 793
38 811
436 943
574 787
97 656
234 998
128 436
25 152
489 211
877 438
522 493
605 393
499 678
293 744
463 467
855 19
213 186
260 44
39 731
526 757
995 446
298 766
801 822
769 265
913 795
418 600
31 995
329 453
479 818
494 402
887 311
149 436
357 85
108 657
45 919
79 452
553 112
776 222
381 374
959 326
925 483
653 986
683 131
305 672
262 968
404 138
441 604
379 513
478 507
777 284
21 117
35 660
154 566
988 280
514 749
195 791
90 242
602 32
482 995
768 814
657 934
187 286
987 38
906 104
677 409
494 210
500 417
697 549
686 575
884 101
607 296
346 864
283 677
379 318
838 222
321 415
236 125
886 728
196 712
998 2
724 936
291 747
341 730
622 100
658 34
244 389
727 946
328 652
347 341
387 482
109 877
292 897
922 80
961 772
559 246
120 471
984 709
172 260
227 75
437 208
141 54
700 890
767 908
98 595
781 141
420 965
750 278
454 322
613 559
134 807
782 461
612 295
451 735
110 966
78 144
82 508
79 371
2 492
974 459
64 526
470 491
889 245
105 884
861 665
137 878
399 274
920 790
979 139
713 353
520 676
70 685
581 38
625 235
100 569
934 853
425 464
586 126
548 269
641 960
280 971
394 945
601 174
815 704
440 151
532 80
828 127
325 68
116 479
368 150
235 645
237 182
180 147
380 281
711 322
720 218
992 142
35 225
401 258
897 546
21 928
230 895
715 800
543 342
968 751
491 269
681 911
534 96
832 44
36 19
79 799
706 690
496 431
847 934
555 114
574 68
240 313
709 285
48 288
262 173
923 699
53 664
391 61
278 287
179 52
0 838
929 205
743 286
26 430
825 965
151 806
895 317
903 667
288 237
67 817
336 879
479 96
166 681
233 741
425 739
932 88
996 179
734 972
202 441
347 364
538 32
495 963
844 786
414 905
926 197
820 372
154 419
401 550
264 255
823 225
553 588
238 681
919 141
841 86
334 736
200 531
4 596
763 445
984 135
564 794
863 995
284 289
554 716
68 147
379 770
611 556
801 740
155 927
389 69
14 254
38 73
830 348
156 567
779 168
668 139
884 250
978 945
293 146
535 979
368 746
405 304
880 95
555 460
869 954
561 592
669 753
249 453
798 24
225 483
576 437
425 310
603 59
100 209
241 906
349 620
595 366
552 187
396 43
801 37
315 494
260 700
271 422
176 750
97 459
921 794
715 68
378 707
334 5
40 651
911 784
467 687
825 732
901 171
555 559
515 292
237 900
201 192
591 523
806 580
986 880
3 294
659 454
894 573
842 664
839 337
999 84
268 13
575 397
590 439
511 56
473 410
96 280
183 76
863 197
880 854
354 787
2 676
628 132
811 913
809 702
515 562
716 774
912 792
238 249
601 349
231 112
499 504
906 846
237 862
925 777
82 445
370 915
327 150
151 868
123 572
998 380
348 688
787 957
970 22
115 895
984 893
899 41
517 662
300 22
479 640
848 630
103 411
65 848
394 375
645 288
999 270
604 12
842 10
244 718
247 870
758 600
68 903
81 637
480 782
42 675
767 325
272 745
410 324
312 940
580 190
724 632
239 989
322 183
753 979
973 972
914 703
694 570
882 90
9 470
383 38
228 94
510 428
370 385
702 330
493 523
255 272
666 370
741 912
119 16
142 437
456 726
454 244
959 365
136 382
688 299
872 2
381 952
125 991
98 930
199 691
425 676
326 836
818 301
552 481
754 397
820 216
804 531
972 60
98 468
766 136
407 982
487 311
36 136
998 552
252 675
609 855
425 959
815 856
813 968
319 123
741 570
382 72
411 595
303 511
219 100
109 424
517 234
868 578
702 540
826 862
855 793
621 0
284 17
81 672
145 152
862 125
583 835
237 830
888 61
236 587
177 946
631 934
84 714
868 780
132 782
121 782
612 297
527 201
359 31
7 360
153 985
857 573
478 623
877 659
307 395
456 195
635 191
934 55
496 626
674 159
579 828
97 224
898 93
113 255
775 73
395 956
328 714
337 190
316 704
146 811
165 995
509 850
664 128
975 486
319 188
614 288
755 492
308 24
77 45
380 332
498 942
998 946
341 243
751 947
496 689
958 689
497 453
102 308
340 390
309 775
573 565
536 873
923 768
398 929
670 815
856 58
840 967
373 741
737 709
946 710
198 153
271 760
605 478
358 750
266 551
379 0
156 860
689 179
574 288
925 783
671 455
912 107
511 649
238 117
377 302
293 691
2 889
160 967
164 734
806 372
266 910
748 326
884 129
146 884
917 78
312 229
471 804
972 293
877 428
20 434
691 448
465 962
216 488
786 934
981 626
554 47
702 792
932 227
659 811
608 924
816 46
447 312
870 459
814 159
626 810
692 607
292 322
968 602
394 352
244 705
193 203
977 783
106 237
647 182
470 793
19 385
686 56
594 607
156 246
941 173
615 386
259 716
987 88
42 221
49 378
917 847
961 165
492 90
268 491
268 279
194 55
173 452
63 41
927 898
734 279
730 640
475 8
463 617
900 71
179 387
129 860
387 905
104 544
110 686
297 710
129 378
129 226
80 426
81 549
649 556
763 372
394 112
598 463
490 827
511 287
22 724
83 65
823 666
510 665
834 310
890 622
506 971
990 154
575 182
174 612
282 963
648 706
364 141
691 300
182 176
517 355
719 101
671 919
848 414
535 633
596 80
655 280
687 394
578 39
916 740
686 782
75 496
182 858
426 331
674 178
31 481
328 662
902 346
571 76
308 198
678 366
394 223
50 395
544 201
184 328
203 209
637 50
853 102
357 369
298 630
61 672
547 822
484 462
808 760
565 857
408 74
639 682
310 515
24 255
625 159
99 747
742 551
866 190
204 197
572 91
224 313
19 663
731 949
625 490
786 804
911 793
612 601
468 296
416 375
603 310
627 860
135 754
245 489
120 878
927 345
975 425
2 510
424 530
50 424
441 331
109 952
994 935
398 687
952 225
969 283
329 817
507 291
305 57
799 646
824 229
250 719
182 774
327 890
469 255
123 178
145 186
570 20
587 499
230 238
830 368
146 699
109 263
783 64
563 580
686 310
960 246
591 221
285 999
482 628
470 324
330 389
794 786
790 952
813 433
403 6
954 821
87 567
846 933
342 603
8 39
682 62
340 486
478 493
663 708
799 325
149 486
286 15
545 899
354 561
490 98
600 335
356 182
817 133
553 393
744 810
182 44
795 28
72 354
229 554
435 90
186 765
533 28
531 699
7 84
367 860
504 198
335 464
719 212
760 123
22 951
809 197
317 779
143 306
43 111
964 60
471 148
685 782
818 501
105 226
852 913
590 958
334 843
352 489
319 531
727 905
796 651
3 139
516 647
500 68
437 182
911 943
738 893
25 654
529 65
719 13
234 401
968 459
777 323
792 613
826 835
549 463
647 656
696 403
625 128
917 507
579 882
958 312
537 859
240 966
463 73
461 675
375 613
22 566
146 903
464 585
436 526
954 23
89 377
469 465
193 971
460 720
231 347
328 304
222 747
384 531
36 447
839 686
696 686
351 216
285 425
839 461
358 615
707 293
546 599
58 927
327 698
373 20
21 514
469 158
361 436
989 76
886 196
975 130
451 32
951 517
586 232
623 745
645 744
163 485
144 863
199 297
442 719
497 37
332 343
857 755
417 598
386 59
913 285
952 544
625 320
230 822
972 487
273 716
729 251
452 286
689 10
965 12
684 290
841 706
994 983
661 935
636 359
705 183
782 990
909 614
236 235
397 295
978 924
444 649
838 86
422 732
686 902
610 958
743 514
693 302
907 259
446 823
889 559
498 429
635 811
194 379
623 71
797 757
484 761
791 446
511 50
953 393
107 625
751 330
71 662
729 812
132 660
426 443
366 108
202 762
462 528
997 464
394 435
939 210
237 600
425 722
307 696
737 104
322 247
563 375
688 682
318 121
789 242
710 5
621 244
10 406
990 96
120 967
917 652
818 514
588 867
819 57
954 781
913 970
413 43
483 756
646 635
615 922
251 409
316 337
190 351
53 758
407 801
228 339
453 649
68 803
549 620
991 551
623 972
190 278
882 344
1 785
902 836
283 482
82 455
624 774
743 365
582 704
209 172
705 256
387 564
965 652
256 613
361 686
583 200
557 349
499 293
968 637
870 127
543 994
113 89
779 249
773 11
680 418
750 978
848 911
292 921
383 619
913 686
179 333
85 39
963 521
702 544
673 455
928 227
469 449
764 338
248 845
239 589
123 995
620 458
512 387
27 715
259 686
802 311
383 520
123 361
372 703
544 746
352 508
427 349
880 211
725 115
141 118
643 524
403 539
868 0
29 782
831 636
945 87
998 196
275 9
171 549
923 51
952 483
218 768
113 268
851 7
909 269
925 146
747 477
787 909
433 626
908 701
629 401
820 140
357 315
985 349
741 566
131 842
748 303
271 844
404 460
919 986
199 381
837 607
793 153
377 920
333 735
165 863
590 103
987 383
803 206
72 721
182 270
833 937
938 350
344 804
131 658
26 769
179 559
881 120
913 662
361 327
117 959
81 867
590 989
910 778
174 309
63 675
885 306
963 716
998 50
712 241
855 629
207 656
182 259
838 602
596 664
473 873
503 489
621 747
947 728
209 161
328 233
943 349
23 380
720 911
906 352
667 70
22 167
127 947
756 106
685 160
143 803
861 649
600 426
226 583
268 265
948 943
360 716
562 16
875 717
302 415
46 714
226 726
383 31
190 321
223 560
739 826
868 762
454 883
264 150
852 57
164 999
57 151
734 127
446 701
638 714
432 383
438 370
289 440
554 389
18 264
451 734
299 313
902 769
705 445
747 768
219 57
888 180
965 162
990 778
43 435
523 347
868 519
788 559
423 31
97 614
339 446
118 119
851 657
497 273
374 601
479 709
804 862
988 84
993 120
519 996
696 36
879 984
689 857
924 716
797 52
182 651
716 666
795 376
876 225
779 783
736 493
435 126
252 807
883 644
307 177
892 957
17 433
586 388
626 973
495 164
883 224
192 985
929 376
849 24
95 80
546 537
418 311
753 226
648 401
19 626
784 418
807 38
558 949
779 189
716 534
43 715
541 459
962 275
227 181
388 391
211 716
774 199
669 686
697 491
331 550
717 782
649 974
352 766
257 215
122 178
494 446
912 880
40 370
45 830
814 536
527 840
979 974
686 186
435 259
259 38
273 590
694 389
670 538
573 926
93 536
410 944
909 887
240 958
714 468
102 328
692 743
483 926
612 56
921 980
592 90
262 351
338 182
904 598
166 546
577 719
531 636
757 479
851 809
936 365
534 117
611 566
137 498
913 605
894 350
506 725
687 825
927 128
948 421
225 714
950 717
877 987
462 956
897 725
696 424
492 865
378 82
604 470
20 695
780 184
200 139
734 686
896 14
505 350
970 744
901 800
888 471
932 275
773 693
326 972
438 820
806 870
479 555
188 685
867 937
260 72
525 631
272 518
872 90
850 841
392 801
261 277
667 561
767 578
301 311
222 548
371 472
851 691
268 48
331 568
826 772
937 314
337 193
653 734
266 935
78 806
992 818
387 83
620 854
531 43
163 161
467 50
150 330
793 120
490 793
281 390
414 718
121 851
123 775
399 463
866 581
6 466
883 687
829 769
75 373
655 847
124 54
781 686
369 641
839 777
569 100
179 924
347 401
118 179
56 334
589 686
538 265
248 544
93 258
567 647
678 33
896 575
970 851
133 371
682 387
517 311
489 405
630 734
236 457
498 552
411 820
544 752
489 793
450 535
75 259
598 484
331 954
190 474
758 255
258 322
804 482
86 157
341 397
215 598
599 263
899 274
227 800
784 871
832 891
468 217
525 456
469 734
394 383
915 471
251 651
303 953
273 817
883 535
246 623
893 484
379 618
422 713
911 254
32 138
749 902
19 826
878 981
419 138
502 251
659 279
959 595
395 353
653 147
363 161
931 613
625 832
676 649
422 32
737 92
55 402
933 537
979 869
690 273
222 509
91 218
786 279
669 747
134 921
923 80
894 666
293 840
815 650
446 942
106 258
584 19
230 294
904 864
488 511
640 924
169 613
452 870
168 937
760 574
403 868
510 902
913 241
71 281
173 439
50 400
935 106
709 248
719 711
208 101
205 739
963 921
856 190
879 47
914 475
129 45
793 826
142 774
648 681
805 748
930 839
83 506
584 873
114 1
214 812
124 50
13 56
354 382
163 532
782 66
273 493
613 963
210 435
68 191
284 669
116 260
985 940
733 618
308 125
230 716
202 253
243 791
518 179
760 357
469 863
152 139
307 991
800 451
902 793
801 866
221 155
910 874
517 683
471 387
686 527
569 443
428 770
173 396
700 809
277 468
615 30
263 77
451 476
158 679
650 279
424 799
658 136
658 93
719 525
715 480
412 726
275 289
759 583
276 628
787 224
34 613
434 128
182 428
60 918
336 415
771 574
403 884
676 609
351 215
290 939
396 723
401 590
295 231
916 19
734 198
871 213
49 895
934 141
108 31
844 756
235 823
743 911
608 442
114 747
615 186
6 597
984 750
642 537
195 556
973 616
621 671
170 476
378 175
593 813
273 517
949 689
831 306
362 138
185 117
682 72
848 4
693 222
763 281
826 163
150 90
801 957
888 542
444 535
149 165
16 649
460 606
809 25
83 607
96 977
317 968
8 816
431 414
275 150
263 955
94 947
327 964
552 492
255 86
69 856
279 215
687 408
540 225
79 980
227 976
284 221
963 524
134 67
220 827
226 490
148 430
97 35
194 905
149 899
789 335
186 677
400 795
259 483
483 513
982 384
710 576
391 745
727 39
715 632
393 284
668 952
946 461
370 839
375 448
365 798
410 959
828 158
507 522
791 776
354 634
179 343
288 901
343 267
135 858
348 745
511 420
582 178
949 514
896 132
229 61
913 522
585 187
