1000
156 363
432 859
290 701
643 20
35 707
912 60
246 208
5 30
228 399
726 689
27 792
252 581
270 843
244 238
821 193
78 881
781 56
452 222
996 521
812 991
228 131
472 8
401 393
509 755
430 712
681 253
894 968
561 930
564 274
639 202
90 94
4 176
25 861
422 995
329 961
139 866
124 512
659 502
1 97
324 703
459 35
591 956
192 300
940 340
799 929
485 588
267 908
497 376
629 560
448 218
220 31
565 480
855 162
125 84
90 396
973 861
407 800
55 340
909 587
567 968
777 961
968 413
258 767
982 913
372 334
206 964
104 423
356 236
711 188
31 574
500 292
292 956
364 597
795 586
250 323
256 538
249 270
697 987
929 661
129 426
327 73
391 607
595 591
830 506
30 152
763 276
892 770
154 455
49 65
289 171
46 809
129 876
419 726
80 567
956 505
54 260
819 170
221 42
334 692
82 468
689 851
581 837
237 701
289 899
218 993
761 444
148 668
184 762
728 607
199 637
275 312
310 58
396 778
424 773
477 559
143 418
573 347
650 645
147 527
570 42
688 882
746 824
348 856
265 863
990 419
17 197
757 467
200 556
763 198
285 538
53 658
431 845
351 719
607 740
717 94
192 63
363 482
208 293
492 167
731 863
539 226
947 312
197 942
759 867
548 174
499 191
732 808
532 507
262 22
420 393
474 844
528 104
806 619
268 636
85 330
228 404
285 73
800 48
944 614
444 481
317 120
11 38
797 464
462 43
502 212
689 21
266 34
440 634
783 542
904 137
433 315
484 647
518 588
863 896
223 476
226 620
383 264
922 811
559 43
618 338
977 410
729 801
445 818
19 837
509 124
363 478
93 339
186 609
484 648
100 137
523 671
100 528
646 221
725 905
561 540
640 397
142 292
210 847
66 517
794 170
403 316
711 760
52 231
454 879
363 337
340 298
221 882
657 738
635 793
284 143
613 922
62 414
94 326
588 100
33 502
148 951
475 559
985 40
402 289
146 825
986 859
531 320
302 179
431 632
534 366
760 114
580 448
68 520
791 234
132 884
928 512
443 692
66 309
833 843
885 603
950 454
270 404
353 443
156 542
656 870
365 288
862 944
607 25
944 996
724 252
596 798
968 868
237 172
809 930
122 796
793 545
737 90
794 698
200 335
407 474
176 718
59 618
882 499
111 820
709 245
60 699
208 798
878 337
237 190
978 314
350 312
550 942
826 905
456 339
114 660
726 135
952 519
222 127
205 917
345 320
251 37
163 121
282 7
448 702
398 208
700 476
59 789
402 493
27 818
734 390
307 199
980 349
688 76
848 110
826 875
431 442
786 324
419 566
181 951
592 512
923 726
89 364
636 748
922 673
947 693
821 88
181 644
229 971
536 365
904 562
363 124
989 345
107 631
647 36
510 417
113 185
290 741
810 818
673 577
9 334
746 598
976 281
372 600
683 734
602 763
348 362
408 509
244 127
562 571
193 397
898 370
427 23
776 411
364 714
91 345
776 947
441 90
870 962
789 826
953 966
579 719
626 882
377 965
130 35
43 553
141 972
388 653
769 283
11 982
173 299
383 651
560 776
447 26
446 512
385 439
753 673
861 209
466 744
594 600
317 301
181 869
924 381
194 582
839 535
972 747
495 788
355 737
876 949
907 608
625 43
773 251
691 7
20 33
680 589
556 311
20 260
751 862
74 169
962 935
913 923
988 917
456 232
699 255
774 869
432 831
790 473
733 356
622 144
7 115
962 556
563 813
221 85
679 906
101 822
110 480
262 438
763 813
270 128
449 797
378 529
797 2
889 954
371 135
491 813
859 87
823 879
856 11
701 911
720 827
627 652
499 970
549 251
902 499
788 980
255 836
794 513
78 7
397 766
28 2
492 303
233 673
679 722
204 531
911 296
628 15
970 365
381 32
433 988
877 588
459 670
942 461
746 147
797 157
915 442
262 994
424 754
767 207
151 435
110 307
768 596
298 533
807 798
183 36
762 506
113 312
661 763
331 903
766 558
168 182
726 776
684 2
700 722
159 963
932 435
230 174
425 329
463 727
2 865
976 913
704 491
575 184
585 415
135 967
345 324
609 412
44 281
749 105
212 297
730 20
913 410
335 203
209 716
444 952
300 319
677 689
41 890
956 186
919 726
74 508
4 837
842 52
709 904
673 465
983 474
167 98
138 72
321 649
584 57
616 433
226 601
435 140
856 736
110 674
694 1
794 403
395 104
942 621
599 142
633 33
460 449
825 280
534 646
812 794
872 376
92 117
375 296
77 795
175 972
321 933
849 306
306 985
195 93
890 176
111 117
852 494
876 957
287 785
122 860
664 11
119 749
658 116
926 70
393 690
818 398
867 357
488 401
904 7
569 821
132 529
864 498
30 455
827 775
828 110
866 947
891 755
640 269
45 887
462 943
262 208
931 271
510 622
713 612
612 934
196 882
166 750
99 387
35 611
977 352
997 405
526 217
910 417
4 200
808 30
410 62
137 253
495 503
122 840
710 463
567 83
661 803
961 321
208 786
665 99
93 84
951 765
49 322
811 687
726 464
142 576
277 275
360 664
397 39
883 951
221 4
981 761
78 942
834 347
178 882
862 605
603 262
132 674
631 712
431 274
887 295
561 215
33 941
307 951
176 673
310 244
501 135
824 683
635 138
23 372
479 246
927 488
36 433
770 115
820 635
179 168
13 582
747 14
31 430
227 746
827 381
307 812
630 364
972 22
584 977
829 515
473 216
729 611
767 525
241 762
382 474
568 93
388 953
298 380
708 612
988 655
711 214
694 221
367 512
96 4
153 292
112 54
812 903
744 227
372 105
551 156
832 805
124 7
208 497
106 538
857 3
538 110
956 342
235 469
110 900
742 359
201 200
192 958
874 26
279 892
920 52
980 244
567 158
816 900
271 2
784 340
752 392
465 257
416 279
283 642
337 767
4 60
813 99
15 836
955 51
693 10
810 780
486 19
928 278
317 347
189 829
584 101
471 930
11 439
504 397
193 733
732 676
436 421
997 771
923 211
938 275
948 36
341 264
594 145
829 93
968 939
873 202
943 936
746 124
915 250
213 291
422 6
558 721
173 43
839 968
95 513
286 128
129 647
111 93
791 447
923 200
442 328
386 12
475 489
750 615
784 174
179 16
586 159
619 802
226 947
415 900
208 544
862 319
392 719
662 383
150 946
817 46
136 106
222 641
729 726
409 507
225 24
719 960
482 796
523 433
54 483
128 345
682 519
617 685
611 945
609 814
29 376
742 572
313 519
187 202
173 64
956 937
492 699
20 343
873 591
319 433
51 713
432 878
372 923
876 841
905 969
620 259
696 414
180 667
217 500
109 787
591 94
583 704
779 438
913 340
151 7
726 186
975 35
912 582
858 434
333 464
103 712
417 654
437 446
310 180
7 200
684 70
530 104
109 433
50 170
607 322
118 235
77 905
412 511
289 622
925 113
429 644
715 491
772 673
820 226
838 866
487 190
407 358
825 291
340 476
624 982
18 546
75 422
115 773
156 182
444 516
832 454
99 514
332 680
880 298
12 442
108 22
470 311
492 675
224 673
811 490
186 52
351 913
763 243
914 312
887 888
155 264
539 472
398 229
126 819
396 887
90 284
620 457
889 227
133 743
488 137
901 810
669 300
525 979
685 962
166 636
177 211
498 15
364 193
853 287
470 69
289 226
968 86
533 578
808 85
985 117
370 276
593 42
82 372
854 149
756 245
85 317
818 374
334 764
165 760
859 846
159 325
932 24
909 123
404 494
237 219
411 546
247 434
222 590
129 407
52 855
272 50
978 47
214 242
276 381
115 397
726 235
261 970
6 347
497 965
650 760
81 267
785 617
298 394
102 831
871 672
61 806
39 921
297 895
307 689
706 912
435 705
543 497
998 84
834 604
451 698
184 224
815 565
804 43
522 354
663 597
547 657
850 473
729 129
726 444
458 226
396 206
467 859
891 453
854 169
296 307
309 798
244 745
298 782
33 129
284 373
273 827
863 999
120 909
23 606
419 612
384 905
626 735
53 691
436 208
321 723
210 538
228 379
222 672
927 161
970 310
339 121
124 318
62 918
731 389
541 911
666 71
886 217
211 68
745 67
397 608
239 733
81 607
763 240
47 496
839 248
346 610
750 916
975 759
507 726
164 629
66 160
361 221
247 129
213 124
923 71
440 206
826 42
345 150
974 568
465 173
216 882
133 695
638 844
771 966
992 415
266 85
801 463
478 763
554 462
497 557
505 771
572 227
999 153
562 134
344 866
346 730
48 368
183 354
770 430
806 100
263 333
711 316
562 623
417 234
324 652
937 0
4 293
733 987
728 110
748 100
985 739
366 406
155 616
504 743
454 90
897 310
56 797
678 773
428 59
213 47
983 304
369 837
608 835
524 319
944 555
857 93
294 927
534 79
400 502
398 984
556 321
657 142
480 80
584 893
559 959
336 383
686 61
680 956
883 552
305 337
442 947
877 450
254 380
238 561
873 758
982 218
312 74
735 769
537 43
340 308
256 669
639 95
93 617
185 767
819 159
77 507
97 930
83 654
922 902
869 854
472 823
439 864
695 41
384 7
386 326
669 87
244 834
323 620
202 159
849 225
210 863
930 149
612 843
823 412
842 802
426 30
676 282
384 459
579 126
396 602
533 604
82 348
849 309
207 863
630 130
682 741
116 450
313 806
798 676
610 970
396 340
321 443
646 79
608 299
451 921
673 85
489 630
481 772
252 419
806 554
285 964
25 173
240 892
125 610
727 945
937 201
443 759
324 608
757 858
85 209
96 190
917 252
659 944
240 762
495 303
957 597
66 201
876 882
196 757
723 140
96 26
540 997
2 485
182 327
614 393
639 303
597 934
322 273
167 882
289 184
204 565
737 83
825 48
540 560
729 720
845 512
857 182
326 638
359 251
358 715
322 620
805 3
494 184
621 423
70 684
135 802
415 215
845 238
295 522
21 5
359 624
586 604
92 528
935 197
945 367
628 280
697 152
643 423
329 381
215 969
837 181
689 307
293 373
21 517
92 844
921 212
668 899
665 422
329 175
371 150
373 824
19 307
508 704
2 664
317 687
668 297
519 264
11 259
556 9
330 150
704 446
106 362
420 954
154 86
47 562
519 6
956 12
829 257
614 523
812 953
660 954
998 749
535 565
958 370
766 725
683 789
924 720
877 829
989 377
121 358
382 671
955 3
491 925
470 939
684 112
486 477
415 502
976 929
15 346
295 479
598 989
682 666
895 180
98 935
904 141
846 697
345 710
477 527
792 54
592 686
738 874
895 194
192 468
8 642
636 378
226 652
54 335
65 47
511 74
738 550
146 13
570 344
583 707
618 836
259 642
616 652
99 153
275 979
245 74
106 258
570 992
847 347
558 242
978 568
174 634
514 402
840 925
956 388
623 979
452 530
897 822
567 916
749 42
242 731
634 139
343 503
199 683
172 942
425 380
424 345
544 104
914 155
822 352
622 708
920 811
703 68
470 852
118 428
942 744
404 417
52 15
113 93
613 235
837 496
395 920
584 902
869 101
866 977
305 667
694 583
276 269
113 290
202 777
797 706
913 101
947 866
908 147
365 407
164 278
705 314
855 191
200 564
777 478
431 797
166 771
222 406
836 482
49 162
678 407
27 398
53 685
914 62
436 229
521 261
46 771
734 231
688 573
402 469
288 125
781 656
561 889
677 270
685 603
187 209
810 497
862 873
732 22
298 231
520 671
425 137
66 928
539 305
438 883
105 187
912 26
724 985
627 600
391 928
938 167
87 164
951 476
675 912
138 564
560 20
745 987
406 412
292 95
651 938
490 654
501 681
529 20
864 908
386 750
577 821
713 323
383 827
268 246
34 889
842 983
354 596
943 658
27 459
780 55
43 309
589 195
207 521
69 44
387 865
31 916
433 19
809 879
328 510
270 340
513 219
548 627
503 217
401 647
247 538
708 10
554 37
601 703
759 385
324 122
800 405
404 366
72 919
965 756
91 764
826 762
183 124
501 236
410 122
896 850
767 821
383 507
429 224
826 277
480 393
284 934
291 790
354 695
974 674
454 774
804 729
69 149
915 857
284 525
691 715
805 649
94 911
126 809
494 268
533 219
445 315
595 804
363 128
534 522
168 581
538 741
624 780
798 688
649 590
214 910
643 865
405 451
981 969
489 810
534 751
481 22
376 271
550 216
285 764
871 844
727 585
183 446
905 637
616 575
850 562
824 158
917 993
216 337
659 429
841 297
291 660
11 702
196 736
986 575
723 974
774 766
549 362
457 485
632 254
591 239
12 463
547 204
578 143
803 830
315 825
998 471
110 64
816 464
145 301
877 833
839 455
206 70
35 223
796 817
238 943
939 653
701 505
753 973
448 197
931 250
637 152
628 589
302 449
856 181
971 243
510 517
527 296
760 283
148 500
808 742
422 401
175 0
431 948
784 576
320 543
932 134
992 591
687 632
237 444
440 785
756 9
330 143
618 403
400 409
64 154
6 331
644 232
144 748
812 223
994 156
861 73
701 370
803 623
789 931
107 306
524 574
382 243
301 139
94 491
927 318
128 976
346 808
598 168
332 84
859 553
141 784
744 300
710 214
134 947
336 312
271 592
200 440
220 194
936 33
148 192
290 263
909 636
678 400
593 335
475 506
484 310
436 232
13 543
147 61
707 198
444 855
153 156
765 245
498 900
189 663
546 347
661 398
59 978
375 133
514 272
714 294
891 530
567 881
761 374
901 546
731 816
397 781
859 343
980 603
155 316
90 380
78 509
104 455
582 891
352 796
211 334
355 622
71 458
227 68
255 442
397 721
428 753
936 417
338 635
690 349
449 613
999 355
395 506
625 584
681 310
56 391
667 814
262 941
609 963
276 760
39 577
827 588
45 728
462 625
498 913
189 596
390 651
278 109
709 680
705 375
851 39
478 793
58 43
356 418
222 333
157 142
49 374
879 136
88 949
430 434
58 972
261 509
144 46
55 807
730 573
131 193
288 255
733 136
861 561
677 532
629 4
497 755
306 862
732 349
574 298
541 17
456 716
815 160
438 318
410 609
105 32
18 379
693 80
985 332
224 728
615 171
600 435
990 277
72 635
893 975
312 476
709 674
675 364
773 487
427 274
356 915
941 745
292 783
88 490
117 529
768 260
875 750
713 923
14 246
719 672
983 76
831 658
123 875
195 541
286 595
44 294
387 474
76 791
828 894
559 433
492 328
699 513
648 411
799 360
647 493
211 247
752 319
458 37
559 886
385 160
274 254
860 800
341 776
127 493
693 993
372 965
91 615
578 389
657 124
975 736
260 110
896 967
228 372
773 457
833 884
480 342
790 959
120 547
641 505
454 722
884 248
606 342
525 157
691 75
966 911
655 988
120 587
641 770
445 434
206 249
38 363
870 581
835 75
590 193
114 448
910 515
416 244
249 325
853 281
629 981
794 38
950 856
29 751
376 662
57 89
115 426
871 411
188 740
569 114
905 456
467 500
304 213
0 319
287 950
885 626
379 158
711 662
337 311
320 488
557 712
151 970
341 841
467 907
1 702
234 213
103 237
986 473
129 994
465 772
549 960
488 769
239 28
940 901
461 308
331 898
177 103
463 988
129 368
316 718
51 830
483 582
960 739
605 944
984 471
940 555
464 571
504 461
698 721
898 369
145 542
718 256
36 140
839 416
483 185
35 672
819 817
16 984
653 102
698 472
973 115
499 41
887 250
903 7
48 888
302 408
225 991
971 828
475 210
102 843
786 282
296 853
283 151
579 208
742 360
602 763
408 82
57 220
948 890
717 130
188 576
465 900
932 116
304 909
367 339
593 626
132 133
79 785
890 673
198 557
233 403
761 605
25 409
132 937
946 765
692 980
878 644
748 190
308 59
233 838
161 272
495 73
946 205
876 692
881 813
279 878
107 996
997 524
778 161
266 327
350 90
927 273
813 203
961 289
413 227
996 737
466 84
499 553
512 619
903 300
638 350
251 357
165 338
999 991
336 516
97 413
545 621
135 466
814 786
795 262
208 33
5 353
763 263
165 586
588 743
280 516
462 717
995 949
484 666
594 61
795 689
109 339
123 968
518 851
962 526
793 572
212 743
665 995
253 333
551 791
594 313
566 663
661 230
968 508
699 726
317 526
518 321
299 572
972 267
65 714
253 419
556 551
747 730
964 566
230 892
733 933
532 186
420 726
858 267
86 163
78 36
755 631
81 334
394 71
257 758
664 747
266 442
523 933
414 953
186 957
815 23
840 563
961 32
631 535
958 633
690 888
81 725
111 80
924 394
746 171
619 435
880 990
178 377
357 56
23 121
963 955
982 893
424 645
545 364
111 112
502 45
746 929
487 24
479 880
606 460
353 783
180 952
390 447
98 982
846 680
587 432
779 119
169 117
286 108
24 496
351 418
460 686
142 874
696 835
923 962
528 447
40 14
432 468
430 8
119 378
325 170
381 169
108 226
831 848
293 351
807 67
146 696
344 131
40 899
754 474
191 170
218 4
99 700
848 371
275 735
176 492
258 67
648 63
847 868
163 17
558 716
568 265
754 264
611 174
752 782
218 388
872 62
886 758
18 399
441 452
176 414
421 897
63 42
860 563
776 221
656 241
127 633
552 453
199 782
389 60
399 544
657 178
739 679
427 520
811 775
221 852
967 645
369 179
453 118
599 539
228 531
832 655
52 60
235 679
959 952
801 16
607 768
179 977
779 722
887 50
269 832
486 531
248 918
138 719
706 801
966 926
607 904
770 537
365 50
918 792
314 834
580 870
361 894
694 926
612 166
515 100
482 537
162 30
640 281
794 700
799 34
735 29
580 511
53 348
437 89
229 361
868 569
818 740
265 100
450 734
611 536
640 469
287 872
885 392
441 711
646 650
421 311
437 31
712 906
818 873
907 241
838 867
552 1
234 217
173 548
473 670
392 137
787 205
883 650
10 769
820 279
775 28
906 601
724 867
599 177
788 778
670 172
366 368
617 51
787 919
77 203
951 820
555 922
854 571
236 504
439 542
788 987
