994
998 84 998 749
995 422 995 949
994 262 994 156
993 218 993 917
992 415 992 591
991 812 991 999
990 419 990 880
989 345 989 598
986 859 986 575
984 398 984 471
981 761 981 969
761 444 761 605
979 525 979 623
525 767 525 284
974 568 974 723
568 93 568 978
973 861 973 753
971 229 971 828
229 398 229 436
969 905 969 215
967 135 967 896
964 206 964 566
963 159 963 955
960 719 960 739
959 559 959 952
958 192 958 633
957 876 957 597
955 51 955 3
51 713 51 830
713 612 713 923
954 889 954 660
889 227 889 561
950 454 950 856
949 876 949 88
948 36 948 890
946 150 946 765
150 345 150 371
945 611 945 727
941 33 941 745
940 340 940 901
939 968 939 653
938 275 938 651
936 943 936 417
943 462 943 658
935 962 935 197
934 612 934 597
933 321 933 733
931 271 931 789
271 2 271 592
926 70 926 966
684 2 684 112
925 113 925 840
924 381 924 720
921 39 921 451
39 397 39 851
920 52 920 811
919 726 919 787
918 62 918 792
916 750 916 567
914 312 914 155
910 417 910 515
908 267 908 864
267 81 267 972
81 607 81 725
907 608 907 467
906 679 906 712
679 722 679 739
722 700 722 779
700 476 700 794
902 499 902 922
901 810 901 546
899 289 899 668
898 370 898 369
370 276 370 958
897 310 897 822
896 863 896 850
895 297 895 194
297 212 297 841
212 502 212 921
894 968 894 828
893 584 893 982
888 887 888 690
886 217 886 758
885 603 885 626
603 262 603 980
884 132 884 833
881 78 881 813
880 298 880 479
875 826 875 750
874 26 874 738
26 447 26 912
447 791 447 528
791 234 791 551
234 417 234 217
872 376 872 287
871 672 871 844
672 222 672 719
868 968 868 847
865 2 865 643
864 498 864 439
498 15 498 913
860 122 860 800
858 434 858 757
434 247 434 445
247 129 247 538
853 287 853 296
287 785 287 950
785 617 785 440
617 685 617 93
685 962 685 603
852 494 852 470
494 404 494 268
851 689 851 518
850 473 850 562
849 306 849 309
306 985 306 862
848 110 848 831
847 210 847 347
210 538 210 863
846 859 846 697
845 431 845 512
842 52 842 983
841 876 841 341
876 129 876 882
840 122 840 563
122 796 122 410
796 482 796 817
482 363 482 836
838 866 838 867
835 608 835 696
608 397 608 324
833 843 833 877
843 270 843 612
830 506 830 803
506 762 506 475
828 110 894 361
823 879 823 472
879 454 879 809
822 101 822 352
101 584 101 913
817 46 817 819
46 809 46 771
809 930 809 126
816 900 816 731
815 565 815 160
565 480 565 535
814 609 814 786
807 798 807 67
805 832 805 649
832 454 832 655
454 90 454 774
804 43 804 729
803 661 803 623
802 619 802 842
619 806 619 512
799 929 799 360
929 661 929 976
661 763 661 398
792 27 792 54
27 818 27 459
790 473 790 959
473 216 473 986
216 882 216 550
787 109 787 205
109 433 109 339
783 542 783 353
542 156 542 439
782 298 782 752
781 56 781 656
56 797 56 391
780 810 780 624
810 818 810 497
779 438 779 119
438 262 438 883
778 396 778 788
777 961 777 478
775 827 775 811
774 869 774 766
869 181 869 854
772 673 772 481
768 596 768 607
596 798 596 354
765 951 765 245
764 334 764 285
758 873 758 257
757 467 757 196
467 859 467 500
756 245 756 965
245 709 245 74
709 904 709 680
754 424 754 474
424 773 424 645
753 673 753 428
752 392 752 319
392 719 392 885
751 862 751 534
741 290 741 682
290 701 290 263
740 607 740 818
739 985 679 235
738 657 738 550
736 856 736 975
727 463 727 585
725 905 725 766
724 252 724 985
252 581 252 917
581 837 581 870
723 321 723 140
721 558 721 698
558 766 558 716
766 397 81 334
720 827 720 729
718 176 718 316
717 94 717 462
716 209 716 456
209 861 209 187
861 25 861 561
25 607 25 409
715 491 715 691
714 364 714 294
710 463 710 345
463 801 463 988
801 729 801 706
708 612 708 622
612 419 612 166
707 35 707 583
706 912 706 797
705 435 705 375
703 324 703 601
702 448 702 11
697 987 697 152
987 733 987 788
696 414 696 146
414 62 414 953
62 410 62 914
695 133 695 354
133 743 133 375
743 504 743 588
504 397 504 461
690 393 690 349
687 811 687 632
686 61 686 592
61 806 61 594
806 100 806 554
682 519 682 666
681 253 681 501
253 137 253 419
678 773 678 407
677 689 677 532
676 732 676 798
732 808 732 349
675 492 675 912
671 523 671 520
523 433 523 933
670 459 670 473
459 35 459 384
669 300 669 256
668 148 668 297
148 951 148 500
667 180 667 814
180 310 180 952
666 71 666 484
71 923 71 458
665 99 665 995
663 597 663 566
597 364 934 284
662 383 662 711
660 114 660 291
114 760 114 569
659 502 659 944
656 870 656 241
870 962 870 580
962 556 962 923
654 417 654 490
417 510 417 404
510 622 510 517
653 388 653 102
388 953 388 956
953 966 953 812
966 771 966 911
651 383 651 390
649 321 649 590
648 484 648 411
484 647 484 310
645 650 645 967
650 760 650 883
643 20 643 423
642 283 642 259
283 769 283 760
769 735 769 488
735 626 735 275
626 882 392 137
641 222 641 770
639 202 639 303
638 844 638 350
844 474 844 92
637 199 637 905
199 307 199 782
634 440 634 174
440 206 440 200
206 396 206 249
633 33 370 701
632 431 632 254
630 364 630 489
628 15 628 589
15 836 15 346
836 255 836 618
255 699 255 442
627 652 627 600
652 324 652 616
625 43 625 584
624 982 624 359
623 562 979 275
621 942 621 545
615 750 615 171
750 166 750 386
166 636 166 771
614 944 614 523
613 922 613 449
610 346 610 970
346 730 346 808
730 20 730 747
606 23 606 460
605 862 605 944
604 834 604 586
834 347 834 314
601 226 601 906
599 142 599 539
598 746 598 168
595 591 595 804
593 42 593 626
592 512 686 460
590 222 590 193
589 680 589 195
587 909 587 432
585 415 945 367
415 900 415 502
900 110 900 498
583 704 583 694
704 491 704 508
491 813 491 925
580 448 580 511
448 218 448 197
218 982 218 388
579 719 579 208
719 351 719 138
351 913 351 418
578 533 578 389
533 298 533 604
577 673 577 821
576 142 576 784
575 184 670 172
574 31 574 524
573 347 573 730
571 562 571 854
570 42 570 992
569 821 569 868
566 419 663 189
419 726 419 252
564 274 564 200
274 431 274 427
431 442 431 948
563 813 491 94
557 497 557 712
555 944 555 940
554 462 554 37
462 43 462 625
553 43 553 859
552 883 552 453
883 951 650 646
551 156 551 556
550 942 216 337
549 251 549 960
548 174 548 627
547 657 547 204
657 142 657 178
142 292 142 874
545 793 545 364
793 635 793 572
544 208 544 399
543 497 543 320
541 911 541 195
540 561 540 997
537 43 537 770
536 365 536 611
535 839 535 631
532 507 532 186
530 104 530 891
527 147 527 477
147 746 147 908
526 217 526 962
217 500 217 503
500 292 148 192
524 319 524 997
522 354 522 534
354 183 695 41
183 36 183 446
521 996 521 261
996 944 996 737
944 862 659 429
862 319 862 873
520 68 520 427
68 211 68 703
518 588 518 321
517 66 517 21
516 444 516 336
515 829 515 100
514 99 514 402
511 412 511 74
412 609 412 823
609 186 609 963
508 74 508 968
503 495 503 343
495 788 495 303
788 980 987 745
501 135 501 236
496 47 496 837
493 402 493 647
402 289 402 469
490 811 490 88
811 922 775 28
922 673 922 555
489 475 489 810
475 559 475 210
487 190 487 773
190 237 190 748
486 19 486 531
19 837 19 433
485 588 485 457
483 54 483 582
481 444 481 22
479 246 479 295
246 208 246 268
477 559 477 486
559 43 559 886
43 173 43 309
471 930 471 998
930 561 930 149
469 235 469 640
468 82 468 432
82 372 82 408
466 744 466 135
744 227 744 942
461 942 461 308
460 449 606 342
449 797 449 302
458 226 458 37
457 620 457 773
453 891 453 118
891 755 891 582
755 509 755 631
452 222 452 530
222 127 222 406
127 244 127 633
451 698 212 743
698 794 698 472
450 877 450 734
877 588 877 829
588 100 588 827
445 818 445 315
441 90 441 711
437 446 437 89
446 512 446 704
429 644 429 224
644 181 644 878
181 951 181 856
951 307 951 820
428 59 428 118
427 23 274 254
23 372 23 815
426 129 426 115
425 329 425 380
329 961 329 381
961 321 961 289
321 556 321 443
423 104 423 621
421 436 421 897
436 208 436 232
420 393 420 954
393 401 393 614
401 488 401 647
418 143 418 356
143 284 143 578
416 279 416 839
279 892 279 878
892 770 892 240
413 968 413 227
409 507 409 400
507 726 507 383
408 509 408 302
509 124 509 261
406 366 406 412
366 534 366 404
405 997 405 800
997 771 540 560
771 505 46 144
505 956 505 701
400 502 400 678
502 33 502 45
399 228 399 18
395 104 395 920
104 528 104 544
528 100 528 92
394 298 394 924
391 607 391 928
390 734 390 447
734 683 734 231
683 824 683 789
824 746 824 373
389 731 143 330
731 863 731 242
387 99 387 865
99 813 99 700
813 763 813 203
386 12 386 326
12 442 12 956
385 439 385 759
439 11 147 61
384 905 384 7
382 474 382 671
379 228 379 158
378 529 378 636
529 132 529 117
132 674 132 937
674 110 674 974
377 965 377 989
965 497 965 372
375 296 133 132
374 818 374 761
818 398 818 873
398 208 398 27
373 284 373 293
284 90 525 157
371 135 371 848
135 726 135 802
369 837 369 179
837 4 837 181
368 48 368 366
48 800 48 888
800 407 405 451
367 512 367 339
362 348 362 549
348 856 348 82
856 11 496 24
361 221 361 229
360 664 360 742
664 11 664 747
359 742 359 251
742 572 742 808
572 227 572 299
227 746 227 68
746 124 746 929
358 407 358 715
357 867 357 251
867 759 867 724
759 975 759 443
975 35 975 893
355 737 355 999
737 90 737 83
353 443 353 5
443 692 385 160
692 334 692 980
352 977 421 311
350 312 350 90
349 980 48 825
980 244 692 876
344 866 344 570
343 20 343 859
342 956 342 480
341 264 899 40
338 618 338 635
618 59 618 403
59 789 59 978
789 826 683 199
336 383 336 312
383 264 383 827
264 155 264 754
155 616 62 872
616 433 616 575
332 680 332 985
680 956 680 846
331 903 331 898
903 812 903 300
330 85 330 150
328 442 328 510
327 73 327 266
73 285 73 861
285 538 285 964
326 94 326 638
325 159 325 249
159 586 159 819
586 795 533 219
795 77 795 689
77 905 77 507
905 826 905 456
826 42 826 762
42 221 42 749
323 250 323 713
250 915 250 931
915 442 915 857
442 947 442 266
318 124 318 927
315 433 315 825
314 978 314 705
978 47 59 308
47 213 47 562
313 519 313 806
519 952 519 264
952 444 180 895
444 726 444 855
308 340 504 236
305 337 305 667
304 983 304 909
983 474 466 84
474 407 519 6
407 129 407 365
303 492 495 73
302 179 348 53
301 317 301 145
299 173 299 608
295 887 295 522
294 927 294 44
288 365 288 255
365 970 365 50
286 128 286 595
282 7 282 786
280 825 280 628
278 928 278 164
928 512 928 66
512 124 619 435
277 275 277 990
275 312 735 29
273 827 273 927
827 381 77 203
272 50 272 514
50 170 50 887
269 640 269 832
640 397 272 161
268 636 246 14
636 748 636 909
748 100 748 144
100 137 100 265
265 863 265 568
863 999 863 207
999 153 355 622
153 292 153 156
292 956 292 783
263 333 263 763
333 464 333 253
261 970 509 78
259 620 259 11
620 226 620 323
258 767 258 106
257 465 559 433
256 538 256 718
254 380 382 243
380 298 380 90
298 340 298 574
249 270 325 170
248 839 248 918
839 968 839 455
243 763 243 971
242 214 242 558
214 711 214 910
241 762 241 907
762 184 762 240
184 224 184 494
224 673 374 49
240 763 892 230
239 733 239 591
236 356 214 710
356 733 356 915
733 193 393 480
233 673 233 838
232 456 232 644
456 339 816 464
231 52 231 298
230 174 230 661
174 784 174 611
784 340 784 141
225 24 225 991
24 932 155 316
932 435 932 134
223 476 223 812
476 340 476 951
220 31 220 194
31 430 31 916
219 237 219 513
215 561 215 415
561 238 639 95
238 244 238 943
207 767 207 521
767 337 767 821
205 917 205 946
917 988 333 222
988 433 269 276
204 531 204 565
531 320 531 228
320 345 320 488
203 335 881 567
335 200 335 593
201 200 201 937
198 763 198 707
196 882 196 736
195 93 280 516
194 582 220 57
191 499 191 855
189 829 764 91
829 93 829 257
188 711 188 740
187 202 187 105
202 873 202 777
873 591 188 576
185 113 185 767
113 312 113 290
178 882 178 377
177 211 177 599
211 923 211 334
175 972 175 329
172 237 652 226
237 701 237 444
701 911 505 641
911 296 911 94
296 307 296 527
171 289 171 746
165 760 165 586
760 711 760 276
711 316 441 452
316 403 669 87
403 794 403 233
164 629 164 87
629 560 629 981
560 776 450 116
163 121 163 86
121 339 121 358
339 93 109 278
162 855 162 49
855 52 237 103
52 186 52 60
161 927 161 778
927 488 273 322
488 137 769 10
137 904 335 54
160 66 23 121
66 309 66 201
309 798 43 58
798 208 798 688
158 567 158 824
157 797 157 142
154 455 154 86
455 30 455 104
152 30 709 674
149 854 149 69
854 169 571 464
169 74 169 381
74 312 919 72
312 947 312 476
146 825 146 13
825 291 434 430
291 213 420 726
213 124 213 304
145 594 145 542
594 600 301 139
600 372 548 173
144 622 190 96
622 289 225 849
289 226 289 184
141 972 141 904
140 435 140 36
435 151 435 600
151 7 151 970
139 866 139 634
136 106 136 879
106 538 106 362
538 110 538 741
134 562 134 947
562 904 47 65
904 7 904 607
131 228 131 344
228 404 853 281
404 270 368 129
270 128 270 677
128 345 128 976
130 35 130 717
35 611 35 672
611 729 594 313
126 819 136 733
819 170 159 202
170 794 170 191
125 84 125 610
84 93 84 332
123 909 123 968
909 120 213 234
120 317 120 587
119 749 119 378
749 105 42 63
105 372 105 32
118 235 552 1
235 726 258 67
116 658 116 932
658 53 238 845
53 691 53 685
691 7 691 75
112 54 112 111
54 260 248 884
260 20 260 768
20 33 20 560
33 129 33 936
108 22 108 286
107 631 107 996
631 712 547 120
103 712 206 70
712 430 413 97
430 770 430 8
770 115 537 482
102 831 102 843
831 432 831 658
98 167 98 982
167 492 167 938
492 699 492 328
699 60 699 726
97 1 97 930
1 694 1 702
694 221 198 557
96 4 939 470
95 513 95 292
513 794 165 338
794 812 99 153
812 307 223 35
92 117 167 882
91 345 91 615
345 324 345 424
324 786 324 122
786 208 282 676
89 364 89 57
364 193 387 474
88 821 654 83
821 193 185 483
193 397 193 131
397 115 397 781
87 859 24 487
859 432 722 454
432 878 468 192
878 337 279 820
337 363 337 311
86 968 154 64
968 567 123 875
83 567 107 306
567 80 31 437
80 480 80 693
480 110 126 579
79 534 79 785
534 646 277 826
646 221 646 79
76 688 76 983
688 882 688 573
75 422 75 835
422 6 422 665
6 347 6 331
347 317 114 448
317 85 317 687
72 138 72 635
138 635 138 564
635 820 513 699
69 470 694 926
470 311 852 221
311 556 352 796
556 200 556 9
67 745 807 55
745 244 941 262
244 310 244 834
65 49 65 714
49 322 162 30
322 607 322 620
607 728 422 401
728 110 728 224
110 307 110 260
64 173 64 110
173 465 389 60
465 673 465 900
673 176 673 890
63 192 63 648
192 300 397 721
300 319 300 744
319 433 250 887
433 36 19 307
36 647 36 78
647 129 163 17
129 729 33 208
729 726 108 226
58 310 58 972
310 970 247 211
970 499 125 288
499 882 499 553
882 221 871 411
57 584 790 291
584 977 130 630
977 410 977 866
410 913 410 609
55 340 55 780
340 913 340 396
45 887 629 4
887 396 25 173
396 90 396 602
90 94 183 124
94 591 563 860
591 956 805 3
44 281 44 69
281 976 281 640
976 913 128 363
41 890 41 499
890 176 673 85
176 4 176 492
40 985 40 14
985 117 76 791
117 111 117 169
38 11 38 794
11 982 642 8
982 913 98 935
913 923 465 772
37 251 71 394
251 773 357 56
773 115 485 2
115 7 115 973
34 266 34 889
266 85 151 283
32 381 32 961
381 276 529 20
276 763 463 12
763 478 340 270
478 363 478 793
29 376 29 751
376 497 376 662
497 208 497 755
28 2 395 506
2 797 2 664
797 464 797 431
464 726 869 101
21 689 176 414
689 726 795 262
18 546 416 244
546 411 902 584
411 776 984 16
17 197 17 541
197 942 347 546
942 78 942 172
78 7 28 239
16 179 16 801
179 168 179 977
168 182 657 124
182 156 182 857
156 363 38 363
363 124 994 129
124 7 168 581
7 200 51 617
14 747 209 85
747 972 305 539
972 22 267 858
22 262 22 732
262 208 228 372
208 293 189 596
293 4 379 18
13 582 13 543
582 912 376 271
912 60 675 364
60 4 319 0
10 693 10 708
693 947 693 993
9 334 9 756
334 372 577 39
372 923 127 493
8 472 637 152
472 539 310 681
539 226 177 103
5 30 34 799
30 808 728 45
808 85 15 52
85 221 341 776
221 4 221 776
4 200 4 218
200 923 21 5
923 726 318 438
3 857 426 30
857 93 182 327
93 111 93 113
111 820 111 80
820 226 317 526
226 947 903 7
947 776 26 96
776 726 175 0
726 186 425 137
186 956 186 957
956 937 351 293
937 0 235 613
