1000
457 77
349 202
551 741
800 714
78 406
117 548
962 427
576 171
305 456
506 223
944 971
350 310
905 56
430 935
600 615
402 457
236 170
304 346
149 78
123 836
681 151
962 230
631 397
971 192
722 5
559 108
974 717
935 566
964 292
908 958
880 383
991 797
784 836
645 681
998 938
628 557
519 102
922 500
508 717
122 172
908 563
106 266
361 945
2 725
336 972
450 853
697 998
341 8
590 400
689 500
736 462
452 270
381 704
820 122
228 970
669 987
266 19
912 725
155 894
853 705
627 601
400 472
205 422
90 704
848 847
858 653
183 669
522 319
473 894
114 619
781 601
233 154
185 690
289 173
193 67
202 848
858 670
850 213
319 901
360 359
949 711
121 171
180 660
233 835
296 37
401 30
173 982
600 247
335 758
709 715
346 850
780 743
199 360
85 700
45 281
722 355
762 562
30 13
105 803
973 26
758 191
975 880
555 95
328 589
970 483
804 109
789 657
84 700
354 412
562 984
407 782
995 893
145 978
378 973
716 555
336 489
854 839
496 71
682 354
761 313
978 291
893 311
476 976
185 798
981 678
854 608
607 79
802 750
710 515
313 344
732 976
120 863
24 604
454 147
143 733
79 623
819 665
884 655
193 495
497 881
24 373
867 326
501 711
632 785
204 293
917 776
885 296
348 655
285 735
709 129
869 513
654 780
86 879
861 926
246 45
948 742
620 762
708 384
317 983
803 521
76 735
235 628
146 813
328 959
680 96
789 48
297 414
702 948
219 338
686 73
932 274
234 813
759 630
52 134
698 315
331 127
338 408
143 441
431 467
528 932
356 226
320 674
592 910
322 509
52 802
127 870
32 768
661 150
895 431
863 161
320 554
734 389
58 460
248 821
492 197
282 222
879 365
665 101
150 175
663 375
706 23
316 279
268 867
58 386
227 197
440 646
776 398
218 773
924 253
414 667
897 403
621 740
164 23
633 446
842 324
334 536
926 783
133 532
218 14
561 977
80 983
471 551
840 103
679 782
324 825
305 625
523 223
260 263
518 370
910 571
9 868
471 231
149 929
372 692
523 3
239 260
542 918
927 845
174 703
852 990
434 167
238 352
482 929
157 692
947 826
838 883
509 329
300 252
927 487
611 245
366 464
740 290
940 539
720 250
826 57
468 168
812 141
624 282
754 820
126 249
12 343
363 278
887 366
705 63
828 391
786 634
70 7
168 93
869 333
253 410
318 183
518 463
731 875
63 418
602 781
510 187
666 760
466 318
874 901
402 174
794 558
586 602
352 941
128 835
256 764
838 192
349 339
258 874
956 576
595 232
128 856
542 350
615 340
190 524
304 364
748 552
831 387
251 343
5 351
968 379
747 435
566 611
833 138
784 21
269 650
645 720
791 28
989 303
316 779
581 311
849 207
306 770
278 563
745 796
760 530
646 493
846 325
69 993
446 423
689 111
536 433
19 514
912 81
395 529
392 561
442 447
567 774
267 699
985 90
688 159
34 595
676 81
165 921
800 190
748 548
148 445
135 985
67 115
670 683
237 50
56 379
276 651
321 723
37 946
28 230
982 837
683 505
294 715
743 477
659 765
292 849
387 199
383 745
302 915
946 206
142 805
105 986
436 757
69 557
191 833
508 812
934 477
283 729
989 84
529 972
984 182
828 697
986 470
341 7
6 675
528 746
267 462
553 716
629 228
732 688
264 411
870 97
733 921
291 158
472 622
541 746
445 205
608 432
237 373
750 10
280 473
97 755
114 651
723 293
120 215
997 690
916 163
864 394
819 866
949 569
453 572
244 424
660 915
326 923
966 693
221 834
295 925
953 348
112 64
281 18
144 844
16 952
13 435
68 861
810 545
886 928
589 718
598 43
411 657
109 650
369 728
407 749
262 257
770 378
702 25
752 512
814 208
537 484
71 325
104 682
580 157
575 54
609 806
254 738
554 394
678 163
610 490
240 217
774 710
344 453
322 950
865 179
147 693
965 623
214 520
426 309
497 144
771 701
769 211
545 632
175 424
917 43
136 209
130 636
257 513
925 227
86 659
188 790
142 708
317 484
76 757
727 565
83 556
96 54
872 14
283 297
254 239
584 640
73 6
238 217
224 234
0 87
759 814
672 231
116 315
865 487
408 827
931 308
540 547
940 214
356 806
862 918
592 535
434 610
771 768
409 895
299 626
582 451
272 389
245 374
248 525
156 644
222 212
544 775
118 663
177 279
469 265
314 272
834 386
249 330
440 83
327 887
621 153
913 924
186 498
403 64
583 118
16 164
486 51
152 633
271 393
485 334
17 323
330 345
928 133
0 977
399 954
753 685
103 728
992 152
931 825
625 841
232 547
466 527
370 721
22 376
777 449
868 512
543 524
552 119
648 614
841 113
3 626
968 451
286 258
843 703
100 66
156 852
75 543
815 482
933 21
907 347
883 739
767 499
265 300
207 53
695 110
40 459
899 933
250 498
57 309
138 342
141 160
939 585
323 754
53 578
12 211
363 162
788 107
437 391
136 634
70 685
93 130
898 613
817 35
568 4
790 875
676 449
418 438
362 534
877 574
565 510
614 148
178 380
943 666
763 135
399 447
855 911
584 558
276 66
586 74
210 44
287 612
347 837
22 764
200 339
956 695
856 570
137 807
340 756
364 275
166 831
830 337
351 419
132 747
428 756
898 269
206 890
544 791
94 303
419 42
72 195
31 581
306 139
796 811
47 62
712 873
937 846
993 51
902 588
393 111
31 507
514 568
612 916
395 903
637 225
904 937
877 622
89 567
178 699
572 787
261 159
855 280
137 966
165 599
89 816
44 997
284 953
115 516
603 50
569 919
420 810
321 353
284 216
516 677
505 499
294 726
765 481
961 503
919 307
420 656
40 302
18 713
662 805
436 857
719 726
939 934
33 718
729 963
236 579
616 713
587 792
182 788
662 871
707 749
470 385
675 896
684 994
108 737
62 553
860 891
15 33
817 264
475 208
960 429
588 104
671 707
61 39
158 362
900 896
876 541
229 609
799 526
194 172
432 637
475 822
638 10
332 960
490 664
357 755
694 701
778 8
255 215
455 229
864 368
314 591
635 906
965 859
664 404
866 503
694 60
201 153
244 652
583 594
533 255
422 618
1 923
367 591
221 41
358 635
345 92
390 859
295 421
201 77
619 969
579 112
714 594
844 830
952 406
549 1
68 491
944 92
886 737
905 573
598 181
430 396
36 180
577 369
277 123
262 72
308 151
491 397
643 974
587 25
194 752
439 964
537 712
405 958
577 797
684 224
580 793
416 938
860 575
778 299
102 738
116 429
483 298
61 827
644 808
240 945
450 793
526 535
950 458
469 618
179 452
808 987
46 409
327 241
851 520
627 426
525 906
458 20
444 212
847 769
920 46
241 522
377 177
999 851
538 209
154 636
444 448
289 909
913 88
213 188
98 377
359 124
658 485
538 121
189 727
556 573
401 882
872 396
88 247
772 335
606 954
992 277
640 11
658 427
49 85
189 355
643 721
376 474
439 87
388 26
405 672
975 606
119 967
804 11
113 416
110 593
540 235
862 59
474 995
843 298
428 668
75 560
38 517
597 815
967 489
593 496
739 176
605 42
59 922
980 582
312 374
668 476
811 730
981 517
560 106
597 2
892 899
775 441
590 176
515 605
160 259
980 736
312 381
578 766
162 596
604 730
892 155
454 425
969 186
639 437
461 486
271 724
884 617
259 798
17 909
495 766
140 881
653 596
4 687
511 365
438 124
639 501
785 243
753 36
204 461
951 574
885 724
380 930
882 943
763 914
641 285
772 527
129 687
654 777
242 911
667 829
74 49
951 246
648 620
384 930
478 210
914 521
677 131
388 200
801 146
286 642
959 242
48 100
307 494
546 65
570 480
196 890
478 679
907 878
131 686
767 274
719 203
38 275
95 642
166 564
630 494
459 134
698 546
691 616
412 480
196 331
550 132
145 878
342 99
226 203
585 674
564 839
91 94
691 167
942 107
32 29
761 550
661 55
139 382
99 161
531 47
734 647
425 613
460 35
821 673
91 607
492 744
417 902
101 942
220 290
617 507
534 823
184 375
140 382
957 706
531 268
903 511
996 225
126 832
904 243
82 371
417 398
787 979
823 897
261 641
533 888
333 287
842 502
996 783
599 829
649 390
532 371
936 463
816 125
27 961
979 80
840 888
801 603
809 549
443 807
263 649
65 353
181 795
27 9
125 742
216 751
337 941
372 809
481 988
443 680
198 656
845 795
751 219
990 170
857 488
195 696
571 988
631 947
288 963
198 329
559 252
273 792
871 29
251 873
55 385
467 488
464 991
818 994
696 539
647 15
889 891
673 288
519 468
744 479
273 624
220 671
39 824
184 900
361 415
957 876
779 818
465 799
786 889
822 832
955 20
638 82
332 493
530 270
357 504
410 824
169 920
415 731
423 455
413 999
368 502
433 465
955 187
404 936
301 448
504 773
392 60
741 652
169 442
98 117
413 794
367 456
41 506
358 34
310 421
256 301
997 463
395 75
87 817
430 739
694 365
493 811
384 309
269 485
998 367
317 690
209 555
107 517
940 300
147 860
386 296
442 418
493 876
410 702
25 308
990 151
164 236
933 549
347 718
400 660
374 649
683 952
619 764
305 622
939 537
823 386
33 463
337 168
870 846
964 753
454 125
199 768
718 730
163 956
419 291
630 135
821 674
527 760
674 185
629 726
319 392
805 615
781 110
360 598
81 682
238 789
141 139
261 994
63 755
160 120
533 736
688 919
906 387
338 494
554 111
105 677
16 813
488 583
801 707
126 748
167 657
156 845
509 513
27 942
251 106
852 677
12 946
875 642
386 265
274 306
548 891
333 227
219 58
453 192
90 724
97 113
603 651
801 704
520 49
913 738
260 391
672 668
586 735
888 137
661 859
504 952
464 98
44 789
66 17
434 152
959 345
369 956
703 687
146 186
969 768
134 996
160 980
359 202
655 836
534 505
545 757
591 809
883 324
986 458
409 659
246 714
643 110
531 647
138 713
813 247
723 903
95 937
657 454
673 210
61 925
325 770
745 161
332 235
839 175
349 644
743 975
812 735
402 494
180 999
474 700
697 510
823 421
434 83
546 531
78 578
570 790
251 914
470 157
536 173
130 614
901 775
86 299
38 989
278 106
740 817
277 913
35 902
984 541
2 31
714 931
84 340
427 979
978 525
744 94
221 722
799 964
763 662
403 624
785 775
997 850
551 333
917 514
661 260
138 86
239 706
168 644
657 977
968 692
29 747
423 132
594 230
251 858
215 157
985 127
276 401
740 154
860 140
405 898
683 48
29 637
765 817
257 36
261 25
287 998
746 130
870 415
148 333
799 169
468 462
597 403
108 411
416 475
777 120
317 934
389 517
658 649
579 363
915 326
91 570
463 973
113 369
653 593
679 619
245 442
179 870
165 837
694 119
212 213
458 39
258 16
656 491
962 502
885 65
528 45
619 58
229 450
355 911
442 916
336 124
112 178
317 584
560 74
882 787
760 996
748 404
567 918
788 253
64 216
709 489
402 35
991 545
370 600
179 666
365 316
192 843
700 221
456 889
242 570
155 196
77 291
605 481
638 350
26 938
789 208
844 79
337 251
573 244
507 204
542 767
876 867
665 190
552 761
504 95
658 763
744 924
863 273
732 95
456 218
78 568
196 572
876 352
612 236
914 222
297 720
871 263
534 82
114 156
456 1
70 27
358 498
120 532
810 30
208 62
393 895
944 667
914 317
967 331
589 580
416 494
697 282
874 173
383 143
406 623
835 713
438 955
117 694
373 588
450 609
913 393
34 717
125 932
512 871
606 80
760 603
287 572
696 971
34 6
1 45
780 206
737 199
537 463
192 906
223 215
301 386
527 739
526 290
538 478
128 321
905 585
256 199
317 67
484 828
317 571
604 649
168 835
822 591
580 390
282 221
332 606
156 694
470 575
313 590
218 901
982 131
852 464
660 831
259 971
485 601
581 690
157 174
343 507
632 153
375 351
372 266
482 495
270 243
905 693
335 544
825 126
116 21
341 373
154 961
148 749
194 570
502 1
292 378
208 861
637 62
542 307
522 160
169 729
371 868
385 53
785 646
486 65
610 642
697 772
872 733
47 999
710 208
395 561
132 497
495 674
855 813
461 79
332 411
218 816
929 144
57 507
674 202
210 62
165 659
791 7
857 665
157 921
553 976
834 539
816 920
472 211
546 751
333 260
667 890
581 197
118 653
473 116
227 936
952 978
629 951
676 618
421 74
997 424
218 251
463 813
681 248
453 518
566 557
302 604
298 413
388 4
477 282
76 214
716 499
990 974
705 78
976 779
943 247
295 322
507 938
838 327
675 130
762 354
93 192
153 947
13 894
806 550
416 957
366 339
901 31
226 760
762 847
892 700
709 209
649 141
993 208
483 95
296 523
130 276
942 642
348 973
531 336
718 431
301 198
856 443
201 995
218 945
125 51
422 700
457 161
293 46
816 881
105 329
131 642
534 146
915 281
264 783
812 119
596 51
788 889
776 791
606 280
382 406
396 198
310 357
676 574
192 435
952 42
829 706
670 273
536 811
740 362
632 357
591 305
106 130
516 183
804 635
284 920
909 723
417 166
177 691
825 251
734 828
392 221
760 800
301 671
607 625
451 137
212 399
912 192
795 697
386 49
216 227
535 357
686 214
718 386
82 529
133 11
506 869
205 595
824 503
660 679
862 236
677 413
807 951
341 109
416 106
868 930
472 546
935 111
847 234
720 882
930 156
934 52
39 798
496 138
380 158
913 515
443 559
99 721
27 30
442 920
24 791
447 423
626 68
444 446
405 417
619 768
245 460
113 200
984 640
760 380
433 210
231 26
224 617
390 516
602 669
278 440
784 820
614 279
903 670
282 519
13 81
503 159
622 445
159 465
995 533
376 972
611 394
448 835
373 318
355 743
728 424
324 675
436 712
523 741
53 791
281 833
199 452
339 233
680 952
976 500
949 332
334 813
159 407
492 205
936 328
702 825
428 530
356 147
214 262
414 488
275 72
196 533
801 168
805 3
973 641
247 157
209 582
130 923
723 55
556 952
880 791
438 774
386 218
244 120
202 802
260 642
717 808
428 402
481 487
596 793
398 973
509 688
754 28
960 82
981 153
818 965
230 171
650 555
740 494
315 521
272 696
661 758
778 286
189 545
813 826
411 394
568 970
683 972
547 665
540 193
758 698
393 15
627 927
756 825
891 491
155 725
848 251
157 695
887 232
248 742
968 990
122 73
47 950
286 461
14 652
643 463
447 903
467 581
990 840
218 333
700 71
443 730
587 767
564 9
685 356
174 900
723 553
815 446
643 405
817 521
416 893
656 574
113 335
77 455
264 587
505 491
617 105
694 625
945 432
897 541
378 657
82 370
923 915
619 813
311 241
5 102
354 743
549 38
162 147
910 92
185 65
346 427
87 849
96 766
344 210
592 903
354 499
504 799
813 65
773 881
944 471
229 468
719 410
447 8
156 579
436 170
18 614
142 737
591 266
339 759
532 267
529 331
245 621
277 101
12 944
564 432
574 839
50 509
702 691
485 60
131 455
499 54
5 565
771 491
271 952
944 700
930 634
563 805
627 871
981 43
75 660
722 458
638 943
361 953
686 827
436 545
617 96
716 121
178 198
527 32
699 322
905 963
21 856
988 495
944 1
190 332
111 426
514 991
105 588
236 502
811 851
578 310
217 631
615 20
796 429
944 425
371 412
240 740
918 678
693 329
56 722
351 157
488 163
47 727
813 255
593 477
879 412
439 331
944 127
591 914
379 956
76 23
313 715
675 743
337 733
767 250
806 149
834 333
907 268
220 394
599 814
184 46
181 220
582 73
237 192
556 450
126 449
639 26
711 261
441 436
813 218
416 40
0 339
89 257
984 212
353 654
629 456
576 397
905 145
19 904
789 10
693 954
588 149
693 480
786 120
667 616
674 388
5 295
180 636
626 391
100 524
336 602
614 85
723 228
442 159
176 645
152 251
346 865
860 117
509 119
29 167
993 17
782 617
80 965
231 172
358 24
187 826
652 111
948 213
531 176
632 294
708 741
529 22
992 872
416 754
577 311
364 899
572 314
143 125
504 1
675 311
190 444
288 98
47 427
89 705
731 340
994 670
923 796
94 914
838 26
249 515
780 209
953 37
459 738
619 929
971 707
770 142
416 811
599 305
814 752
232 819
157 254
905 594
918 251
289 230
100 819
251 501
313 72
494 953
291 415
203 282
877 748
13 208
762 991
527 791
816 990
654 502
19 576
296 999
836 446
305 182
251 541
670 804
701 124
490 583
442 820
922 836
760 492
61 40
873 248
53 403
228 285
494 377
42 342
911 323
887 880
293 613
185 940
420 130
386 261
841 454
491 369
408 763
163 686
903 703
102 670
884 980
778 296
528 842
596 562
983 252
330 291
194 801
184 647
160 869
531 837
128 443
740 983
959 882
457 776
897 664
479 679
879 792
314 195
320 336
737 668
913 463
304 475
270 968
3 442
196 494
333 684
880 628
466 866
748 406
340 718
173 630
689 984
381 198
215 207
312 396
502 724
695 648
303 321
582 801
486 552
283 126
823 714
923 306
193 612
966 283
478 969
654 390
453 913
852 755
104 560
568 558
331 115
694 129
769 360
886 723
896 748
871 284
803 904
209 907
382 631
864 62
832 911
193 476
491 619
578 463
926 890
208 905
980 150
364 120
980 987
69 995
639 953
952 531
700 190
511 713
517 516
878 716
734 78
817 88
106 160
625 944
99 771
750 145
368 402
12 38
806 958
188 277
825 608
610 576
377 769
607 225
526 169
192 830
437 35
853 83
14 416
775 309
248 569
557 999
808 442
239 855
787 424
268 103
543 552
285 941
248 531
821 854
621 136
866 405
588 313
41 167
601 347
674 908
561 797
928 881
431 774
123 683
587 826
826 191
601 910
469 446
663 82
131 508
339 997
620 49
137 409
405 633
11 329
649 601
472 605
527 693
59 157
486 794
130 527
