999
629 228 629 951
228 970 228 723
970 483 970 568
483 298 483 95
298 843 298 413
843 703 843 192
703 174 703 903
174 402 174 900
402 457 402 494
457 77 457 776
77 201 77 455
201 153 201 995
153 621 153 981
621 740 621 245
740 290 740 983
290 220 290 526
220 671 220 394
671 707 671 301
707 749 707 971
749 407 749 148
407 782 407 159
782 679 782 617
679 478 679 660
478 210 478 969
210 44 210 673
44 997 44 789
997 690 997 850
690 185 690 581
185 798 185 940
798 259 798 39
259 160 259 971
160 141 160 980
141 812 141 649
812 508 812 735
508 717 508 131
717 974 717 808
974 643 974 990
643 721 643 463
721 370 721 99
370 518 370 600
518 463 518 453
463 936 463 997
936 404 936 328
404 664 404 748
664 490 664 897
490 610 490 583
610 434 610 642
434 167 434 152
167 691 167 657
691 616 691 702
616 713 616 667
713 18 713 835
18 281 18 614
281 45 281 915
45 246 45 528
246 951 246 714
951 574 951 807
574 877 574 839
877 622 877 748
622 472 622 445
472 400 472 605
400 590 400 660
590 176 590 313
176 739 176 645
739 883 739 527
883 838 883 324
838 192 838 327
192 971 192 912
971 944 971 696
944 92 944 700
92 345 92 910
345 330 345 959
330 249 330 291
249 126 249 515
126 832 126 825
832 822 832 911
822 475 822 591
475 208 475 416
208 814 208 993
814 759 814 752
759 630 759 339
630 494 630 173
494 307 494 953
307 919 307 542
919 569 919 688
569 949 569 248
949 711 949 332
711 501 711 261
501 639 501 251
639 437 639 953
437 391 437 35
391 828 391 626
828 697 828 734
697 998 697 795
998 938 998 367
938 416 938 507
416 113 416 957
113 841 113 369
841 625 841 454
625 305 625 944
305 456 305 622
456 367 456 889
367 591 998 287
591 314 591 914
314 272 314 572
272 389 272 696
389 734 389 517
734 647 734 78
647 15 647 531
15 33 15 393
33 718 33 463
718 589 718 730
589 328 589 580
328 959 936 227
959 242 959 882
242 911 242 570
911 855 911 355
855 280 855 813
280 473 280 606
473 894 473 116
894 155 894 13
155 892 155 725
892 899 892 700
899 933 899 364
933 21 933 549
21 784 21 856
784 836 784 820
836 123 836 922
123 277 123 683
277 992 277 913
992 152 992 872
152 633 152 251
633 446 633 405
446 423 446 836
423 455 423 447
455 229 455 131
229 609 229 468
609 806 609 450
806 356 806 958
356 226 356 685
226 203 226 760
203 719 203 282
719 726 719 410
726 294 726 629
294 715 294 632
715 709 715 313
709 129 709 489
129 687 129 694
687 4 687 703
4 568 4 388
568 514 568 558
514 19 514 991
19 266 19 904
266 106 266 591
106 560 106 416
560 75 560 104
75 543 75 660
543 524 543 552
524 190 524 100
190 800 190 700
800 714 800 760
714 594 714 931
594 583 594 905
583 118 583 488
118 663 118 653
663 375 663 82
375 184 375 351
184 900 184 647
900 896 174 157
896 675 896 748
675 6 675 743
6 73 6 34
73 686 73 582
686 131 686 827
131 677 131 982
677 516 677 852
516 115 516 517
115 67 115 331
67 193 67 317
193 495 193 612
495 766 495 988
766 578 766 96
578 53 578 463
53 207 53 791
207 849 207 215
849 292 849 87
292 964 292 378
964 439 964 799
439 87 439 331
87 0 87 817
0 977 0 339
977 561 977 657
561 392 561 797
392 60 392 319
60 694 60 485
694 701 694 625
701 771 701 124
771 768 771 491
768 32 768 969
32 29 32 527
29 871 29 747
871 662 871 627
662 805 662 763
805 142 805 615
142 708 142 770
708 384 708 741
384 930 384 309
930 380 930 868
380 178 380 760
178 699 178 198
699 267 699 322
267 462 267 532
462 736 462 468
736 980 736 533
980 582 980 987
582 451 582 801
451 968 451 137
968 379 968 990
379 56 379 956
56 905 56 722
905 573 905 963
573 556 573 244
556 83 556 952
83 440 83 853
440 646 440 278
646 493 646 785
493 332 493 876
332 960 332 606
960 429 960 82
429 116 429 796
116 315 116 21
315 698 315 521
698 546 698 758
546 65 546 751
65 353 65 885
353 321 353 654
321 723 321 303
723 293 723 909
293 204 293 613
204 461 204 507
461 486 461 286
486 51 486 794
51 993 51 596
993 69 993 17
69 557 69 995
557 628 557 999
628 235 628 880
235 540 235 332
540 547 540 193
547 232 547 665
232 595 232 887
595 34 595 205
34 358 34 717
358 635 358 498
635 906 635 804
906 525 906 387
525 248 525 978
248 821 248 873
821 673 821 854
673 288 210 433
288 963 288 98
963 729 905 693
729 283 729 169
283 297 283 966
297 414 297 720
414 667 414 488
667 829 667 944
829 599 829 706
599 165 599 814
165 921 165 837
921 733 921 157
733 143 733 872
143 441 143 383
441 775 441 436
775 544 775 901
544 791 544 335
791 28 791 880
28 230 28 754
230 962 230 594
962 427 962 502
427 658 427 979
658 485 658 763
485 334 485 601
334 536 334 813
536 433 536 811
433 465 210 344
465 799 465 159
799 526 799 504
526 535 526 169
535 592 535 357
592 910 592 903
910 571 910 601
571 988 571 317
988 481 495 674
481 765 481 605
765 659 765 817
659 86 659 409
86 879 86 299
879 365 879 792
365 511 365 694
511 903 511 713
903 395 903 723
395 529 395 561
529 972 529 331
972 336 972 683
336 489 336 602
489 967 709 209
967 119 967 331
119 552 119 812
552 748 552 761
748 548 748 406
548 117 548 891
117 98 117 860
98 377 98 464
377 177 377 769
177 279 177 691
279 316 279 614
316 779 316 365
779 818 779 976
818 994 818 965
994 684 994 670
684 224 684 333
224 234 224 617
234 813 234 847
813 146 813 826
146 801 146 534
801 603 801 707
603 50 603 760
50 237 50 509
237 373 237 192
373 24 373 588
24 604 24 791
604 730 604 649
730 811 730 443
811 796 811 851
796 745 796 923
745 383 745 161
383 880 143 125
880 975 24 358
975 606 975 743
606 954 606 80
954 399 954 693
399 447 399 212
447 442 447 903
442 169 442 920
169 920 169 799
920 46 920 816
46 409 46 293
409 895 409 137
895 431 895 393
431 467 431 774
467 488 467 581
488 857 488 163
857 436 857 665
436 757 436 712
757 76 757 545
76 735 76 214
735 285 119 694
285 641 285 941
641 261 641 973
261 159 261 994
159 688 159 503
688 732 688 509
732 976 732 95
976 476 976 553
476 668 476 193
668 428 668 737
428 756 428 530
756 340 756 825
340 615 340 731
615 600 615 20
600 247 370 82
247 88 247 943
88 913 88 817
913 924 913 738
924 253 924 744
253 410 253 788
410 824 410 702
824 39 824 503
39 61 39 458
61 827 61 925
827 408 686 214
408 338 408 763
338 219 338 494
219 751 219 58
751 216 546 531
216 284 216 227
284 953 284 920
953 348 639 26
348 655 348 973
655 884 655 836
884 617 884 980
617 507 617 105
507 31 507 343
31 581 31 901
581 311 581 197
311 893 311 675
893 995 893 416
995 474 995 533
474 376 474 700
376 22 376 972
22 764 22 529
764 256 764 619
256 301 256 199
301 448 301 386
448 444 448 835
444 212 444 446
212 222 212 984
222 282 222 914
282 624 282 697
624 273 624 403
273 792 273 863
792 587 879 412
587 25 587 826
25 702 25 308
702 948 702 825
948 742 948 213
742 125 742 248
125 816 125 932
816 89 284 871
89 567 89 705
567 774 567 918
774 710 774 438
710 515 710 208
515 605 515 913
605 42 481 487
42 419 42 952
419 351 419 291
351 5 351 157
5 722 5 565
722 355 722 458
355 189 355 743
189 727 189 545
727 565 727 47
565 510 5 295
510 187 510 697
187 955 187 826
955 20 955 438
20 458 805 563
458 950 722 221
950 322 950 47
322 509 322 295
509 329 509 513
329 198 329 693
198 656 198 396
656 420 656 574
420 810 420 130
810 545 810 30
545 632 545 991
632 785 632 357
785 243 785 775
243 904 243 270
904 937 904 803
937 846 937 95
846 325 846 870
325 71 325 770
71 496 71 700
496 593 496 138
593 110 593 653
110 695 110 781
695 956 695 648
956 576 956 369
576 171 576 610
171 121 171 230
121 538 121 716
538 209 538 478
209 136 209 907
136 634 136 621
634 786 634 930
786 889 786 120
889 891 889 788
891 860 891 491
860 575 860 147
575 54 575 470
54 96 54 499
96 680 96 617
680 443 680 952
443 807 443 856
807 137 629 456
137 966 137 888
966 693 283 126
693 147 329 105
147 454 147 356
454 425 454 657
425 613 425 944
613 898 46 184
898 269 898 405
269 650 269 485
650 109 650 555
109 804 109 341
804 11 804 670
11 640 11 329
640 584 640 984
584 558 584 317
558 794 568 78
794 413 486 552
413 999 413 677
999 851 999 296
851 520 811 493
520 214 520 49
214 940 214 262
940 539 940 300
539 696 539 834
696 195 801 704
195 72 195 314
72 262 72 313
262 257 76 23
257 513 257 89
513 869 509 119
869 333 869 506
333 287 333 834
287 612 287 572
612 916 612 236
916 163 916 442
163 678 163 956
678 981 678 918
981 517 981 43
517 38 516 390
38 275 38 989
275 364 275 72
364 304 364 120
304 346 304 475
346 850 346 865
850 213 578 310
213 188 213 212
188 790 188 277
790 875 790 570
875 731 875 642
731 415 340 718
415 361 415 870
361 945 361 953
945 240 945 432
240 217 240 740
217 238 217 631
238 352 238 789
352 941 352 876
941 337 285 228
337 830 337 733
830 844 830 192
844 144 844 79
144 497 144 929
497 881 497 132
881 140 881 928
140 382 140 860
382 139 382 631
139 306 139 141
306 770 306 923
770 378 142 737
378 973 378 657
973 26 973 463
26 388 26 938
388 200 388 674
200 339 200 113
339 349 339 997
349 202 349 644
202 848 202 802
848 847 848 251
847 769 847 762
769 211 769 360
211 12 211 472
12 343 12 946
343 251 507 57
251 873 251 918
873 712 248 681
712 537 436 545
537 484 537 939
484 317 484 828
317 983 317 934
983 80 983 252
80 979 80 965
979 787 427 346
787 572 787 882
572 453 572 196
453 344 453 913
344 313 210 62
313 761 313 588
761 550 486 65
550 132 550 806
132 747 132 423
747 435 29 637
435 13 435 192
13 30 13 208
30 401 30 27
401 882 401 276
882 943 787 424
943 666 943 638
666 760 666 179
760 530 603 651
530 270 428 402
270 452 270 968
452 179 452 199
179 865 179 870
865 487 427 47
487 927 472 546
927 845 927 627
845 795 845 156
795 181 697 772
181 598 181 220
598 43 598 360
43 917 153 947
917 776 917 514
776 398 776 791
398 417 398 973
417 902 417 405
902 588 902 35
588 104 588 149
104 682 560 74
682 354 682 81
354 412 354 762
412 480 412 371
480 570 480 693
570 856 570 194
856 128 340 84
128 835 128 443
835 233 835 168
233 154 233 339
154 636 154 961
636 130 636 180
130 93 130 923
93 168 93 192
168 468 168 801
468 519 229 450
519 102 519 282
102 738 102 670
738 254 453 192
254 239 254 157
239 260 239 855
260 263 260 661
263 649 263 871
649 390 604 302
390 859 390 654
859 965 859 661
965 623 332 411
623 79 623 406
79 607 79 461
607 91 607 625
91 94 91 570
94 303 94 914
303 989 321 128
989 84 38 549
84 700 443 559
700 85 607 225
85 49 85 614
49 74 49 620
74 586 74 421
586 602 586 735
602 781 602 669
781 601 110 643
601 627 601 649
627 426 871 512
426 309 426 111
309 57 309 775
57 826 26 838
826 947 239 706
947 631 153 632
631 397 382 406
397 491 397 576
491 68 491 656
68 861 68 626
861 926 861 208
926 783 926 890
783 996 783 264
996 225 996 760
225 637 667 890
637 432 637 62
432 608 432 564
608 854 608 825
854 839 821 674
839 564 839 175
564 166 564 9
166 831 166 417
831 387 831 660
387 199 906 192
199 360 199 768
360 359 377 494
359 124 359 202
124 438 124 336
438 418 431 718
418 63 418 442
63 705 63 755
705 853 257 36
853 450 83 434
450 793 450 556
793 580 793 596
580 157 580 390
157 692 157 695
692 372 692 968
372 809 372 266
809 549 809 591
549 1 38 12
1 923 1 944
923 326 130 746
326 867 326 915
867 268 867 876
268 531 268 907
531 47 531 952
47 62 47 999
62 553 29 167
553 716 553 723
716 555 716 878
555 95 555 209
95 642 95 504
642 286 576 19
286 258 286 778
258 874 258 16
874 901 874 173
901 319 31 2
319 522 392 221
522 241 522 160
241 327 241 311
327 887 26 231
887 366 887 880
366 464 366 339
464 991 464 852
991 797 436 170
797 577 395 75
577 369 577 311
369 728 369 491
728 103 728 424
103 840 103 268
840 888 840 990
888 533 659 165
533 255 533 196
255 215 255 813
215 120 215 223
120 863 120 777
863 161 273 670
161 99 161 457
99 342 99 771
342 138 342 42
138 833 138 713
833 191 833 281
191 758 191 826
758 335 758 661
335 772 335 113
772 527 282 477
527 466 527 791
466 318 466 866
318 183 318 373
183 669 183 516
669 987 336 531
987 808 980 150
808 644 808 442
644 156 644 168
156 852 156 930
852 990 852 755
990 170 990 816
170 236 991 762
236 579 236 862
579 112 579 363
112 64 112 178
64 403 64 216
403 897 403 597
897 823 897 541
823 534 823 714
534 362 534 505
362 158 362 740
158 291 158 380
291 978 291 415
978 145 978 952
145 878 145 905
878 907 716 499
907 347 209 780
347 837 347 718
837 982 837 531
982 173 131 642
173 289 173 536
289 909 289 230
909 17 976 500
17 323 13 81
323 754 323 911
754 820 754 416
820 122 820 442
122 172 122 73
172 194 172 231
194 752 194 801
752 512 599 305
512 868 990 151
868 9 156 694
9 27 945 218
27 961 27 942
961 503 154 740
503 866 159 442
866 819 866 405
819 665 819 232
665 101 665 190
101 942 101 277
942 107 942 642
107 788 107 517
788 182 456 218
182 984 182 305
984 562 984 689
562 762 562 596
762 620 354 743
620 648 49 386
648 614 157 470
614 148 614 130
148 445 148 333
445 205 305 591
205 422 205 492
422 618 422 700
618 469 618 676
469 265 469 446
265 300 265 386
300 252 185 674
252 559 740 817
559 108 347 601
108 737 108 411
737 886 737 199
886 928 886 723
928 133 881 816
133 532 133 11
532 371 532 120
371 82 371 868
82 638 82 534
638 10 638 350
10 750 10 789
750 802 750 145
802 52 202 674
52 134 52 934
134 459 134 996
459 40 459 738
40 302 40 416
302 915 649 658
915 660 915 923
660 180 679 619
180 36 180 999
36 753 705 78
753 685 753 964
685 70 147 162
70 7 70 27
7 341 7 791
341 8 341 373
8 778 8 447
778 299 778 296
299 626 86 138
626 3 391 260
3 523 3 805
523 223 523 741
223 506 215 157
506 41 869 160
41 221 41 167
221 834 221 700
834 386 333 551
386 58 386 823
58 460 58 619
460 35 460 245
35 817 35 402
817 264 817 521
264 411 264 587
411 657 411 394
657 789 454 125
789 48 789 208
48 100 48 683
100 66 100 819
66 276 66 17
276 651 276 130
651 114 760 527
114 619 114 156
619 969 619 929
969 186 668 672
186 498 186 146
498 250 760 492
250 720 250 767
720 645 720 882
645 681 176 531
681 151 248 531
151 308 881 773
308 931 25 261
931 825 823 421
825 324 825 251
324 842 324 675
842 502 842 528
502 368 502 724
368 864 368 402
864 394 864 62
394 554 394 611
554 320 554 111
320 674 320 336
674 585 185 65
585 939 585 905
939 934 537 463
934 477 317 914
477 743 477 593
743 780 675 130
780 654 780 206
654 777 654 502
777 449 120 244
449 676 449 126
676 81 676 574
81 912 208 905
912 725 913 463
725 2 155 196
2 597 901 218
597 815 403 53
815 482 815 446
482 929 482 495
929 149 619 813
149 78 149 806
78 406 78 578
406 952 748 126
952 16 952 683
16 164 16 813
164 23 164 236
23 706 686 163
706 957 587 767
957 876 40 61
876 541 630 135
541 746 541 984
746 528 130 527
528 932 45 1
932 274 125 51
274 767 274 306
767 499 767 542
499 505 499 354
505 683 505 491
683 670 952 504
670 858 102 5
858 653 858 251
653 596 282 221
596 162 62 208
162 363 117 694
363 278 579 156
278 563 278 106
563 908 3 442
908 958 908 674
958 405 588 105
405 672 405 643
672 231 768 619
231 471 953 37
471 551 471 944
551 741 333 260
741 652 523 296
652 244 652 111
244 424 120 160
424 175 424 997
175 150 82 529
150 661 160 106
661 55 333 227
55 385 55 723
385 470 385 53
470 986 157 247
986 105 986 458
105 803 105 677
803 521 77 291
521 914 740 494
914 763 317 690
763 135 649 374
135 985 811 416
985 90 985 127
90 704 90 724
704 381 168 337
381 312 381 198
312 374 312 396
374 245 718 386
245 611 245 442
611 566 332 190
566 935 566 557
935 430 935 111
430 396 430 739
396 872 198 301
872 14 337 251
14 218 14 652
218 773 218 816
773 504 218 813
504 357 504 1
357 755 357 310
755 97 693 527
97 870 97 113
870 127 642 260
127 331 127 944
331 196 491 619
196 890 196 494
890 206 952 271
206 946 209 582
946 37 12 944
37 296 494 416
296 885 296 386
885 724 65 813
724 271 502 236
271 393 1 502
393 111 393 913
111 689 14 416
689 500 541 251
500 922 903 670
922 59 444 190
59 862 59 157
862 918 1 456
918 542 251 914
542 350 813 463
350 310 247 813
310 421 679 479
421 295 386 261
295 925 386 218
925 227 106 251
227 197 333 218
197 492 106 130
492 744 94 744
744 479 251 218
