1000
703 293
591 974
941 711
768 631
153 702
934 23
559 434
638 140
348 584
633 755
112 208
252 114
376 966
654 308
521 493
703 498
464 714
988 748
793 153
781 656
842 606
559 371
240 797
640 112
712 967
329 852
205 461
683 654
199 671
212 914
491 416
589 413
656 544
606 942
83 627
300 20
583 554
7 565
205 294
791 792
914 100
540 964
975 787
139 63
489 749
383 490
642 83
24 869
421 796
565 442
246 426
503 110
126 534
244 791
172 912
782 580
964 513
87 63
539 892
295 383
680 325
421 315
403 481
331 126
97 203
646 369
580 142
187 272
585 892
166 167
680 562
404 62
940 917
947 323
853 619
203 974
843 369
921 879
40 272
211 470
610 336
140 447
360 302
626 404
943 122
746 982
323 91
657 521
603 981
423 955
748 879
566 184
211 378
177 485
158 736
28 967
370 664
982 800
316 472
551 733
467 981
491 935
304 180
659 514
450 912
103 162
533 233
177 709
546 74
664 819
5 557
785 577
847 301
815 733
304 949
567 489
875 552
624 639
173 74
811 219
390 847
883 577
970 507
917 245
953 523
439 875
592 268
270 767
761 273
697 811
507 362
65 151
990 588
609 80
213 596
276 592
783 882
832 186
903 853
651 263
588 889
405 59
610 649
81 632
9 576
621 55
505 943
186 980
636 259
955 833
855 904
566 386
455 893
44 765
385 736
486 355
370 402
519 204
168 685
316 677
258 259
115 20
924 345
274 659
108 394
533 526
12 835
992 355
780 77
760 645
262 991
1 345
194 687
156 827
772 658
381 722
780 431
213 841
854 946
536 991
367 85
861 116
745 474
718 700
827 270
722 289
908 756
628 280
823 854
151 330
116 773
663 872
382 692
954 876
625 837
478 529
893 574
783 715
3 280
764 763
888 113
831 49
936 405
382 706
837 448
443 372
52 621
327 47
13 363
835 364
136 607
601 249
440 113
620 161
578 226
433 587
765 806
902 623
163 47
538 424
685 215
691 711
8 644
6 5
226 866
19 348
755 965
231 581
724 365
745 31
438 890
910 691
477 793
137 117
965 473
925 581
101 617
805 593
234 458
37 127
997 465
417 777
477 334
117 618
425 339
321 968
35 700
962 998
593 931
959 813
919 119
517 249
794 757
995 510
338 425
694 582
408 553
478 695
244 731
60 149
72 586
891 98
102 919
978 295
728 237
176 155
319 862
582 849
855 758
13 16
207 142
750 724
595 368
978 922
562 500
92 795
986 948
207 132
614 40
498 234
743 977
191 500
75 777
11 626
332 418
321 640
865 591
614 389
638 138
747 341
11 637
101 114
317 493
666 799
988 291
230 407
836 214
351 586
333 712
900 501
950 913
959 683
896 629
544 248
375 223
510 942
689 43
705 717
152 49
86 883
253 860
696 729
100 891
906 342
516 948
484 443
427 344
476 50
161 275
442 454
587 885
513 670
87 200
740 412
361 538
281 665
535 287
662 846
331 354
971 229
341 269
960 200
762 916
799 631
230 934
279 305
354 66
619 89
843 776
810 210
900 376
801 73
41 527
122 826
371 689
884 91
776 453
278 423
320 184
322 145
199 253
378 836
906 416
630 987
826 532
106 506
472 635
616 602
300 50
467 896
294 408
320 779
560 241
717 709
749 740
598 819
728 642
635 175
869 319
190 251
536 735
662 246
949 878
172 753
971 362
78 471
289 255
762 596
390 239
568 315
735 79
481 279
672 439
810 889
676 767
585 993
751 255
801 167
41 9
558 65
983 940
18 693
15 254
870 882
51 336
541 171
285 894
630 360
284 59
710 146
256 973
58 822
980 834
179 789
158 528
504 118
56 905
950 800
44 159
929 886
435 318
514 125
356 264
233 471
375 103
713 730
557 989
825 774
696 815
358 992
154 863
821 985
380 727
427 624
173 766
618 769
398 840
874 143
366 698
15 773
953 18
524 343
257 518
761 535
697 171
198 718
957 678
80 710
276 76
563 873
667 570
263 504
668 859
169 388
81 929
3 285
55 264
267 944
650 449
774 904
448 822
455 145
444 401
519 506
727 168
258 602
564 406
288 839
394 398
163 130
241 12
366 925
958 436
760 190
417 257
228 1
82 899
985 194
910 708
658 682
678 931
996 431
400 148
387 182
794 563
367 143
310 617
189 474
465 524
756 859
823 688
920 850
277 32
663 963
21 813
95 876
543 217
529 803
739 265
220 763
831 871
96 261
963 54
973 706
60 38
372 839
0 102
601 373
57 363
775 509
607 789
814 220
905 440
462 898
30 620
457 178
243 433
594 46
604 38
318 623
82 424
961 790
845 25
713 644
788 30
866 400
511 19
182 747
132 445
972 365
515 952
463 512
438 863
242 666
407 927
487 283
615 511
473 850
501 32
389 221
458 901
414 726
127 217
183 242
334 784
248 548
67 303
968 70
384 131
962 261
860 597
157 197
430 716
548 877
509 995
338 570
483 629
410 553
312 923
731 46
349 597
72 388
641 98
495 856
124 237
155 267
862 25
449 849
326 235
460 290
719 545
401 595
463 960
922 851
120 725
61 135
564 92
283 305
292 247
33 986
66 147
961 665
600 109
977 958
726 73
669 191
599 994
771 742
884 303
332 952
865 144
138 157
637 69
933 720
812 317
291 324
214 14
681 754
333 579
707 913
812 999
326 223
976 532
265 43
705 652
579 71
236 314
86 428
17 729
2 342
392 732
374 328
475 344
898 476
969 928
178 454
446 428
545 670
771 693
286 412
613 94
951 475
135 568
721 287
247 846
611 541
818 229
600 993
933 146
916 907
134 721
994 983
206 834
880 89
452 210
51 419
723 886
527 479
206 160
880 848
384 453
278 816
322 104
297 655
419 306
723 497
716 987
528 737
106 227
616 661
816 648
779 312
125 844
608 560
420 714
68 737
396 984
598 495
752 227
989 858
175 422
337 251
188 411
852 868
732 878
530 741
844 170
290 78
550 821
915 701
928 766
45 858
225 121
239 120
337 391
10 79
874 911
770 945
792 432
94 672
531 550
676 36
488 915
808 343
466 751
668 881
522 24
558 181
88 911
254 605
54 938
165 353
4 76
808 508
870 297
881 26
838 373
979 894
195 814
181 622
250 403
282 284
93 938
690 256
111 353
42 604
684 4
895 58
293 838
166 105
420 179
195 768
118 681
56 702
926 282
159 673
208 42
868 435
128 966
356 164
307 308
302 90
451 730
456 781
314 825
148 842
240 673
352 461
358 396
154 432
671 647
328 380
212 395
451 413
188 228
769 734
572 627
741 840
522 920
583 698
682 701
450 829
121 996
956 543
787 518
490 734
189 945
198 27
96 250
957 110
782 956
299 688
674 0
174 873
667 325
165 95
27 298
803 393
97 169
299 313
187 674
397 871
174 679
944 561
650 62
569 393
224 947
340 57
921 444
480 397
470 817
537 243
561 447
738 406
128 288
350 746
307 130
657 340
150 603
790 193
456 788
232 436
434 537
828 485
738 28
352 972
201 515
647 899
551 932
395 708
935 193
346 927
232 162
572 615
64 197
115 387
520 310
201 785
829 901
999 222
22 183
29 939
784 686
567 346
639 64
759 70
53 71
7 520
660 277
857 21
970 222
133 2
939 523
540 22
139 686
877 266
841 739
759 796
273 53
496 410
660 426
534 857
502 349
641 437
133 990
539 266
820 609
105 775
124 653
107 462
457 84
887 832
496 245
224 594
502 903
260 651
437 646
238 719
459 574
817 851
653 649
196 632
90 845
107 576
704 61
505 84
494 292
33 350
34 147
636 809
445 150
238 833
512 386
441 109
364 499
828 669
704 385
402 487
494 204
824 599
34 677
675 848
144 932
867 924
221 123
441 274
414 526
306 643
296 778
429 69
976 48
824 6
67 185
645 675
131 262
549 648
29 324
180 123
14 216
687 643
430 156
778 772
68 399
429 546
381 48
707 547
185 301
483 525
549 85
861 923
552 216
652 39
997 399
856 309
908 744
547 219
492 628
335 17
525 330
392 590
612 872
820 235
692 460
359 954
39 268
625 377
937 969
309 715
517 192
446 887
802 725
764 415
335 260
864 888
590 936
286 459
930 613
141 149
196 951
271 555
52 937
611 918
136 802
818 809
622 571
742 758
578 804
806 930
907 499
311 684
555 902
807 750
134 218
786 655
215 918
8 571
867 452
926 556
720 129
231 311
479 296
357 164
890 786
486 218
99 160
75 754
137 556
104 909
129 108
347 497
805 357
77 99
464 37
409 661
236 575
31 909
797 339
468 608
35 347
998 329
984 542
752 744
374 351
422 492
946 409
119 589
411 798
757 575
612 170
573 530
468 359
554 694
897 377
695 542
192 45
225 699
391 415
209 975
864 10
152 798
482 770
176 573
531 141
298 634
271 36
484 488
503 516
466 830
699 16
313 379
368 209
88 275
202 679
804 605
885 482
795 634
508 807
469 569
327 830
26 361
979 941
379 281
480 23
202 743
93 584
690 633
111 269
895 252
418 469
948 697
54 889
383 141
303 971
780 471
797 560
869 611
441 85
908 884
582 757
475 181
188 0
434 879
206 857
87 700
948 112
975 382
936 119
471 167
89 478
392 419
684 611
793 272
475 91
213 823
163 719
134 945
779 206
285 166
520 457
505 673
195 425
73 478
392 714
643 379
535 30
957 59
545 66
134 290
544 316
520 27
495 6
675 314
946 16
415 685
244 590
379 302
107 576
291 525
723 545
462 74
1 231
407 474
455 316
401 122
435 891
558 495
585 946
17 563
222 244
367 818
291 488
786 522
741 407
464 933
393 652
435 807
776 80
563 888
674 599
367 965
204 226
50 832
772 924
828 825
464 54
898 652
29 358
572 80
937 767
207 547
441 412
300 854
204 579
422 301
108 795
924 755
320 87
353 149
647 704
358 119
603 847
705 767
494 815
881 248
967 823
235 453
795 792
597 251
104 171
111 353
505 538
620 68
286 702
401 497
782 427
649 759
359 494
238 311
235 784
351 324
145 526
461 827
659 171
68 193
657 415
746 871
894 601
311 824
940 118
827 498
63 526
863 588
50 221
695 537
871 137
218 155
263 839
906 787
617 940
861 588
429 209
874 51
513 743
930 564
153 218
469 651
262 716
825 230
568 127
416 51
98 690
216 207
990 923
309 321
689 970
301 386
262 992
273 184
704 292
598 951
603 587
804 523
996 152
881 557
959 734
453 390
67 559
928 312
850 597
184 546
228 30
848 551
328 286
232 838
759 460
752 327
959 661
890 76
336 853
745 875
20 551
424 732
116 785
799 236
402 484
76 19
564 447
365 781
47 745
911 128
387 589
18 692
943 989
116 839
484 518
88 932
102 639
439 365
209 335
855 387
955 487
465 877
979 437
82 607
337 570
771 804
651 528
310 639
633 567
722 256
534 84
98 208
440 465
607 12
591 150
970 584
246 878
182 973
121 327
503 738
368 360
726 256
944 600
8 136
4 276
152 658
562 113
246 362
53 672
820 312
454 383
556 660
954 324
260 136
750 884
757 278
708 742
332 516
18 900
201 934
7 454
167 241
15 37
120 278
789 742
459 254
224 79
94 211
927 800
279 870
554 880
24 241
581 37
806 868
712 159
846 989
840 739
224 78
648 233
918 65
346 360
615 35
966 296
868 950
331 829
506 239
570 859
760 455
938 533
356 770
106 625
410 65
707 222
397 502
103 322
778 650
566 829
897 598
287 182
949 807
332 473
132 809
380 707
485 965
114 75
901 614
949 953
572 988
112 211
783 34
485 717
554 805
579 200
952 721
91 712
889 962
642 988
872 85
867 709
445 200
459 188
700 596
662 754
997 936
186 624
978 555
770 49
225 213
157 724
902 43
648 779
340 307
73 862
40 483
714 296
628 258
349 765
926 534
63 621
169 215
491 99
27 625
508 70
901 536
150 810
280 203
196 539
600 398
138 723
530 276
541 558
585 373
467 151
53 490
822 758
578 433
622 486
741 958
698 249
101 867
993 373
811 595
754 971
560 186
610 480
958 905
828 626
835 898
135 140
434 157
976 142
451 980
11 422
684 628
755 593
835 606
176 647
847 189
417 28
285 215
555 705
508 673
58 46
11 817
683 813
172 251
899 915
539 535
111 340
239 290
173 189
318 23
359 765
685 151
912 784
397 302
172 907
650 107
306 281
47 670
462 622
193 293
122 177
861 698
896 131
518 199
811 930
498 798
488 499
983 670
610 786
137 816
416 135
263 305
729 888
199 443
976 674
309 451
64 429
543 832
45 834
240 801
469 775
468 547
774 308
190 372
46 300
690 987
681 109
777 423
267 540
992 26
183 283
248 160
229 479
400 612
792 902
442 996
197 860
510 686
432 702
237 42
896 649
427 40
371 500
909 351
252 903
99 659
661 253
298 154
913 247
574 665
601 280
824 517
581 706
922 999
608 553
917 396
801 855
537 834
515 873
411 575
578 906
617 774
943 345
428 95
513 109
887 153
521 731
282 646
127 479
803 768
100 730
860 990
310 190
689 237
350 3
388 86
951 252
12 267
523 28
406 243
813 559
574 928
546 915
986 403
580 25
922 232
791 362
23 752
917 789
921 677
336 306
575 880
514 20
326 985
732 247
426 7
843 799
95 78
180 19
369 261
317 492
35 731
553 128
254 573
394 692
873 870
768 932
439 57
71 711
682 448
313 487
233 619
733 979
83 323
766 337
531 264
567 277
725 84
62 931
313 637
440 777
533 449
25 591
410 947
368 935
973 636
93 223
738 183
366 277
726 612
974 294
944 48
833 9
4 288
450 640
851 449
562 510
985 672
501 751
319 463
556 371
48 618
261 260
750 885
492 709
953 395
852 516
493 972
655 342
154 934
662 964
886 624
299 527
476 885
71 120
724 448
509 642
94 148
961 158
323 927
964 676
656 24
862 178
616 431
159 156
519 343
62 739
169 836
56 289
191 72
123 178
223 966
646 950
307 718
168 506
41 635
450 760
836 710
356 100
174 106
703 377
883 502
103 3
778 319
566 388
736 31
826 384
713 339
809 243
655 993
920 380
586 802
269 680
114 403
527 480
788 370
614 720
905 694
751 758
266 375
783 921
961 142
717 295
60 125
33 994
616 593
972 721
962 790
872 289
198 445
22 914
596 139
997 602
609 978
355 338
925 225
43 939
956 139
736 483
817 919
258 264
349 664
925 831
653 245
621 577
491 363
70 92
315 963
769 2
203 630
974 196
144 991
138 9
763 577
339 541
33 45
458 467
663 565
630 849
499 680
433 61
486 370
308 374
38 249
375 729
681 22
595 124
52 61
543 125
26 866
408 626
715 140
864 468
197 117
980 333
942 866
756 408
519 606
176 481
417 452
10 623
220 864
941 117
72 58
160 212
683 421
899 645
77 481
635 173
569 432
126 318
382 496
212 667
97 413
912 703
671 421
110 909
592 907
242 281
968 39
163 268
293 315
631 837
569 255
131 384
913 165
250 542
517 144
583 110
265 187
798 586
242 219
876 983
634 608
391 627
544 44
816 565
164 165
571 305
542 227
762 515
904 443
803 998
576 960
466 64
634 341
185 240
637 892
409 550
819 887
14 762
623 775
404 998
740 935
372 748
366 21
96 466
522 414
987 489
892 512
271 423
409 162
851 812
819 895
540 344
697 740
364 599
496 283
303 21
355 229
400 780
130 489
442 910
181 812
686 268
210 879
42 679
857 5
613 854
385 500
696 89
903 245
369 419
910 793
202 945
97 253
44 298
166 69
665 2
549 457
425 385
39 514
706 687
643 749
631 999
711 960
396 957
843 250
552 497
187 180
83 334
411 314
590 687
394 627
808 345
414 931
231 428
891 334
529 57
179 947
524 521
282 818
733 550
808 399
389 766
730 933
529 257
179 776
753 725
524 405
504 350
226 86
389 744
217 772
636 436
406 29
984 753
937 13
548 288
412 504
986 55
210 580
108 347
5 791
436 320
149 794
381 501
618 696
147 677
548 869
666 815
55 967
202 852
493 438
326 69
104 477
549 426
381 538
821 886
147 782
476 749
669 56
228 317
573 727
438 145
552 148
329 956
676 161
693 146
297 656
821 657
669 894
156 982
831 430
66 727
682 133
352 619
863 329
92 644
695 146
6 161
16 297
123 701
531 447
982 525
430 787
168 532
74 133
474 352
710 977
688 174
874 644
701 17
743 274
93 364
883 814
294 129
833 470
716 511
221 532
217 640
977 230
568 699
688 393
713 668
361 771
920 13
216 814
923 604
613 463
129 321
269 728
470 386
259 788
347 720
842 694
234 273
794 395
292 668
342 587
266 893
121 844
666 295
557 728
299 390
259 67
60 764
850 842
756 214
477 790
284 848
509 444
893 328
158 460
220 969
143 205
198 36
446 919
764 954
638 431
214 853
875 343
105 77
602 693
620 444
737 609
969 424
785 191
143 236
667 81
238 36
446 402
939 275
638 461
718 378
911 105
41 589
737 746
664 841
279 81
377 325
88 270
118 275
102 773
363 929
335 378
32 963
955 354
31 274
877 826
796 437
841 155
995 82
170 991
528 325
346 747
511 763
654 802
633 507
929 699
482 722
32 208
458 361
357 663
938 330
849 604
376 472
584 170
115 374
503 654
38 234
96 90
897 994
8 981
658 357
844 124
895 629
472 113
473 561
845 52
10 830
115 820
90 660
284 715
130 882
914 632
708 629
333 205
856 679
830 201
845 734
420 942
805 338
15 882
452 641
632 838
941 194
856 79
420 890
800 975
645 761
865 653
900 641
272 806
594 126
194 846
719 840
916 413
671 270
49 769
773 592
781 761
195 918
858 968
865 615
354 255
837 418
594 796
331 59
691 995
916 859
747 583
265 678
507 219
735 675
482 876
858 926
391 304
418 322
164 330
399 192
571 376
810 227
536 1
904 456
287 678
605 257
132 735
341 398
175 405
185 981
530 304
192 75
561 14
744 348
456 878
404 490
748 141
822 605
797 984
175 34
512 908
582 271
162 101
344 0
952 348
