996
897 377 897 994
377 625 377 703
625 837 625 106
837 448 837 631
448 822 448 724
822 58 822 758
58 895 58 72
895 252 895 819
252 114 252 951
114 101 114 403
101 617 101 867
617 310 617 940
310 520 310 639
520 7 520 457
7 565 7 454
565 442 565 816
442 454 442 996
454 178 454 383
178 457 178 862
457 84 457 549
84 505 84 725
505 943 505 673
943 122 943 989
122 826 122 401
826 532 826 877
532 976 532 221
976 48 976 674
48 381 48 944
381 722 381 538
722 289 722 482
289 255 289 872
255 751 255 569
751 466 751 758
466 830 466 96
830 327 830 201
327 47 327 752
47 163 47 745
163 130 163 719
130 307 130 882
307 308 307 718
308 654 308 774
654 683 654 802
683 959 683 813
959 813 959 734
813 21 813 559
21 857 21 366
857 534 857 206
534 126 534 926
126 331 126 594
331 354 331 829
354 66 354 955
66 147 66 727
147 34 147 782
34 677 34 783
677 316 677 921
316 472 316 544
472 635 472 376
635 175 635 173
175 422 175 405
422 492 422 301
492 628 492 709
628 280 628 684
280 3 280 601
3 285 3 350
285 894 285 215
894 979 894 669
979 941 979 733
941 711 941 194
711 691 711 960
691 910 691 995
910 708 910 793
708 395 708 742
395 212 395 953
212 914 212 667
914 100 914 632
100 891 100 730
891 98 891 435
98 641 98 690
641 437 641 900
437 646 437 979
646 369 646 950
369 843 369 419
843 776 843 799
776 453 776 179
453 384 453 390
131 262 384 826
262 991 262 992
991 536 991 170
536 735 536 901
735 79 735 675
79 10 79 856
10 864 10 830
864 888 864 468
888 113 888 729
113 440 113 562
440 905 440 777
905 56 905 958
56 702 56 669
702 153 702 432
153 793 153 887
793 477 793 272
477 334 477 790
334 784 334 891
784 686 784 912
686 139 686 510
139 63 139 956
63 87 63 621
87 200 87 700
200 960 200 579
960 463 960 576
463 512 463 613
512 386 512 908
386 566 386 470
566 184 566 829
184 320 184 546
320 779 320 436
779 312 779 648
312 923 312 928
923 861 923 990
861 116 861 698
116 773 116 839
773 15 773 592
15 254 15 882
254 605 254 573
605 804 605 822
804 578 804 771
578 226 578 906
226 866 226 204
866 400 866 942
400 148 400 780
148 842 148 552
842 606 842 850
606 942 606 835
942 510 942 420
510 995 510 562
995 509 995 82
509 775 509 642
775 105 775 623
105 166 105 911
166 167 166 285
167 801 167 471
801 73 801 855
73 726 73 862
726 414 726 612
414 526 414 931
526 533 526 145
533 233 533 938
233 471 233 648
471 78 471 780
78 290 78 224
290 460 290 239
460 692 460 759
692 382 692 394
382 706 382 975
706 973 706 687
973 256 973 636
256 690 256 726
690 633 690 987
633 755 633 567
755 965 755 924
965 473 965 485
473 850 473 561
850 920 850 597
920 522 920 380
522 24 522 786
24 869 24 656
869 319 869 611
319 862 319 778
862 25 73 478
25 845 25 591
845 90 845 734
90 302 90 660
302 360 302 397
360 630 360 368
630 987 630 849
987 716 987 489
716 430 716 511
430 156 430 831
156 827 156 982
827 270 827 498
270 767 270 671
767 676 767 937
676 36 676 964
36 271 36 238
271 555 271 582
555 902 555 978
902 623 902 792
623 318 623 10
318 435 318 126
435 868 334 83
868 852 868 950
852 329 852 516
329 998 329 956
998 962 998 803
962 261 962 889
261 96 261 369
96 250 96 90
250 403 250 843
403 481 403 986
481 279 481 176
279 305 279 870
305 283 305 571
283 487 283 496
487 402 487 955
402 370 402 484
370 664 370 788
664 819 664 841
819 598 819 887
598 495 598 951
495 856 495 558
856 309 856 679
309 715 309 451
715 783 715 284
783 882 783 921
882 870 15 37
870 297 870 873
297 655 297 656
655 786 655 993
786 890 786 610
890 438 890 420
438 863 438 493
863 154 863 588
154 432 154 934
432 792 432 569
792 791 792 795
791 244 791 362
244 731 244 590
731 46 731 521
46 594 46 300
594 224 318 23
224 947 224 79
947 323 947 410
323 91 323 927
91 884 91 712
884 303 884 908
303 67 303 971
67 185 67 559
185 301 185 981
301 847 301 386
847 390 847 603
390 239 390 299
239 120 239 506
120 725 120 278
725 802 725 753
802 136 802 586
136 607 136 260
607 789 607 82
789 179 789 917
179 420 179 947
420 714 890 76
714 464 714 392
464 37 464 933
37 127 37 581
127 217 127 568
217 543 217 772
543 956 543 832
956 782 329 863
782 580 782 427
580 142 580 210
142 207 142 976
207 132 207 547
132 445 132 809
445 150 445 200
150 603 150 810
603 981 603 587
981 467 981 8
467 896 467 458
896 629 896 649
629 483 629 895
483 525 483 736
525 330 525 982
330 151 330 938
151 65 151 685
65 558 65 918
558 181 558 541
181 622 181 812
622 571 622 486
571 8 571 376
8 644 8 136
644 713 644 874
713 730 713 668
730 451 730 933
451 413 451 980
413 589 413 916
589 119 589 387
119 919 119 936
919 102 919 817
102 0 102 773
0 674 0 344
674 187 142 961
187 272 187 265
272 40 272 806
40 614 40 483
614 389 614 901
389 221 389 766
221 123 221 50
123 180 123 701
180 304 180 187
304 949 304 530
949 878 949 953
878 732 878 456
732 392 732 424
392 590 392 419
590 936 590 687
936 405 936 997
405 59 405 524
59 284 59 957
284 282 284 848
282 926 282 818
926 556 926 858
556 137 556 660
137 117 137 871
117 618 117 941
618 769 618 696
769 734 769 49
734 490 845 52
490 383 490 404
383 295 383 141
295 978 295 717
978 922 978 609
922 851 922 999
851 817 851 812
817 470 817 11
470 211 470 833
211 378 211 112
378 836 378 718
836 214 836 710
214 14 214 853
14 216 14 762
216 552 216 814
552 875 552 497
875 439 875 745
439 672 439 365
672 94 672 985
94 613 94 211
613 930 613 854
930 806 930 811
806 765 806 868
765 44 765 359
44 159 44 544
159 673 159 712
673 240 673 508
240 797 240 801
797 339 797 984
339 425 339 713
425 338 425 385
338 570 338 805
570 667 570 859
667 325 667 81
325 680 325 528
680 562 680 499
562 500 113 472
500 191 500 385
191 669 191 785
669 828 56 289
828 485 828 825
485 177 485 717
177 709 177 122
709 717 709 867
717 705 295 666
705 652 705 767
652 39 652 898
39 268 39 968
268 592 268 686
592 276 102 639
276 76 276 530
76 4 76 19
4 684 4 288
684 311 684 611
311 231 311 824
231 581 231 428
581 925 581 706
925 366 925 831
366 698 366 277
698 583 698 249
583 554 583 747
554 694 554 880
694 582 694 905
582 849 582 757
849 449 849 604
449 650 449 851
650 62 650 778
62 404 62 931
404 626 404 998
626 11 626 828
11 637 11 422
637 69 637 892
69 429 69 326
429 546 429 209
546 74 546 915
74 173 74 462
173 766 173 189
766 928 766 337
928 969 928 574
969 937 969 424
937 52 705 555
52 621 52 61
621 55 621 577
55 264 55 986
264 356 264 531
356 164 356 770
164 357 164 330
357 805 357 663
805 593 805 554
593 931 593 755
931 678 62 739
678 957 678 287
957 110 957 396
110 503 110 909
503 516 503 738
516 948 516 332
948 986 948 697
986 33 55 967
33 350 33 994
350 746 350 504
746 982 746 871
982 800 525 291
800 950 800 975
950 913 646 282
913 707 913 247
707 547 707 380
547 219 547 468
219 811 219 507
811 697 811 595
697 171 697 740
171 541 171 659
541 611 541 339
611 918 869 548
918 215 918 195
215 685 166 69
685 168 685 415
168 727 168 532
727 380 727 573
380 328 707 222
328 374 328 893
374 351 374 308
351 586 351 909
586 72 586 798
72 388 72 191
388 169 388 566
169 97 169 836
97 203 97 413
203 974 203 630
974 591 974 294
591 865 591 150
865 144 865 653
144 932 144 991
932 551 932 768
551 733 551 848
733 815 437 796
815 696 815 666
696 729 696 89
729 17 729 375
17 335 17 701
335 260 335 378
260 651 260 261
651 263 651 528
263 504 263 839
504 118 504 412
118 681 118 940
681 754 681 109
754 75 754 971
75 777 75 192
777 417 777 423
417 257 417 452
257 518 257 605
518 787 518 484
787 975 787 906
975 209 800 927
209 368 209 335
368 595 368 935
595 401 595 124
401 444 401 497
444 921 444 620
921 879 677 147
879 748 879 434
748 988 748 372
988 291 988 642
291 324 291 488
324 29 324 954
29 939 29 406
939 523 939 275
523 953 523 804
953 18 949 807
18 693 18 900
693 771 693 602
771 742 523 28
742 758 742 789
758 855 257 529
855 904 240 185
904 774 904 456
774 825 374 115
825 314 626 408
314 236 314 675
236 575 236 799
575 757 575 880
757 794 757 278
794 563 794 395
563 873 563 888
873 174 873 515
174 679 174 688
679 202 78 95
202 743 202 945
743 977 743 513
977 958 977 710
958 436 694 842
436 232 436 636
232 162 232 922
162 103 162 409
103 375 103 322
375 223 563 17
223 326 223 966
326 235 326 985
235 820 235 784
820 609 820 312
609 80 609 737
80 710 80 776
710 146 977 230
146 933 146 695
933 720 464 54
720 129 720 614
129 108 129 321
108 394 108 795
394 398 394 627
398 840 398 600
840 741 840 739
741 530 741 958
530 573 276 4
573 176 254 459
176 155 176 647
155 267 155 841
267 944 267 540
944 561 944 600
561 447 561 14
447 140 447 564
140 638 140 715
638 138 638 461
138 157 138 723
157 197 157 724
197 64 197 860
64 639 64 466
639 624 310 190
624 427 624 886
427 344 427 40
344 475 344 540
475 951 475 181
951 196 598 897
196 632 196 974
632 81 632 838
81 929 81 279
929 886 929 699
886 723 886 821
723 497 723 545
497 347 148 94
347 35 347 720
35 700 35 731
700 718 700 596
718 198 429 64
198 27 198 445
27 298 27 625
298 634 298 154
634 795 634 608
795 92 108 347
92 564 92 644
564 406 564 930
406 738 406 243
738 28 738 183
28 967 28 417
967 712 967 823
712 333 159 156
333 579 333 980
579 71 198 36
71 53 71 711
53 273 53 672
273 761 273 234
761 535 761 781
535 287 535 539
287 721 287 182
721 134 721 972
134 218 134 945
218 486 218 155
486 355 486 370
355 992 355 338
992 358 992 26
358 396 358 119
396 984 396 917
984 542 984 753
542 695 542 250
695 478 695 537
478 529 478 89
529 803 529 57
803 393 803 768
393 569 393 688
569 469 255 354
469 418 469 775
418 332 418 837
332 952 332 473
952 515 952 721
515 201 212 160
201 785 469 651
785 577 785 116
577 883 577 763
883 86 883 814
86 428 86 388
428 446 428 95
446 887 446 919
887 832 629 708
832 186 832 50
186 980 186 624
980 834 333 205
834 206 834 537
206 160 206 779
160 99 160 248
99 77 99 659
77 780 77 481
780 431 400 612
431 996 431 638
996 121 996 152
121 225 121 844
225 699 225 925
699 16 699 568
16 13 16 946
13 363 13 937
363 57 363 929
57 340 57 439
340 657 340 307
657 521 657 821
521 493 35 615
493 317 493 972
317 812 317 492
812 999 475 91
999 222 232 838
222 970 222 244
970 507 970 689
507 362 507 633
362 971 362 246
971 229 754 662
229 818 229 479
818 809 818 367
809 636 809 243
636 259 973 182
259 258 259 788
258 602 258 628
602 616 602 997
616 661 616 593
661 409 661 959
409 946 409 550
946 854 946 585
854 823 854 300
823 688 823 213
688 299 393 652
299 313 299 527
313 379 313 637
379 281 379 643
281 665 281 306
665 961 665 574
961 790 961 158
790 193 790 962
193 935 193 293
935 491 935 740
491 416 491 363
416 906 416 135
906 342 787 430
342 2 342 655
2 133 2 769
133 990 133 682
990 588 990 860
588 889 588 861
889 810 889 54
810 210 810 227
210 452 210 879
452 867 452 641
867 924 317 228
924 345 616 431
345 1 345 943
1 228 1 536
228 188 228 30
188 411 188 459
411 798 411 575
798 152 798 498
152 49 152 658
49 831 2 665
831 871 578 433
871 397 746 737
397 480 397 502
480 23 480 610
23 934 23 752
934 230 298 44
230 407 230 825
407 927 407 741
927 346 323 83
346 567 346 747
567 489 567 277
489 749 489 130
749 740 749 643
740 412 948 112
412 286 412 441
286 459 286 702
459 574 188 0
574 893 49 770
893 455 893 266
455 145 455 760
145 322 145 438
322 104 322 418
104 909 104 477
909 31 351 324
31 745 31 736
745 474 875 343
474 189 474 407
189 945 189 847
945 770 134 290
770 482 356 100
482 885 482 876
885 587 885 750
587 433 587 342
433 243 433 61
243 537 132 735
537 434 834 45
434 559 434 157
559 371 67 259
371 689 371 556
689 43 689 237
43 265 43 939
265 739 180 19
739 841 840 719
841 213 218 153
213 596 213 225
596 762 596 139
762 916 852 202
916 907 97 253
907 499 907 592
499 364 499 488
364 835 364 599
835 12 835 898
12 241 12 607
241 560 241 167
560 608 560 797
608 468 608 553
468 359 864 220
359 954 359 494
954 876 954 764
876 95 876 983
95 165 231 1
165 353 165 913
111 269 353 149
269 341 269 728
341 747 341 634
747 182 346 360
182 387 678 265
387 115 387 855
115 20 115 820
20 300 20 551
300 50 46 58
50 476 543 125
476 898 476 885
898 462 606 519
462 107 462 622
576 9 71 120
9 41 9 833
41 527 41 635
527 479 527 480
479 296 479 127
296 778 296 966
778 772 650 107
772 658 772 924
658 682 658 357
682 701 682 448
701 915 123 178
915 488 915 899
488 484 680 269
484 443 518 199
443 372 443 904
372 839 372 190
839 288 463 319
288 128 288 548
128 966 128 911
966 376 296 714
376 900 268 163
900 501 18 692
501 32 501 751
32 277 32 963
277 660 21 303
660 426 371 500
426 246 426 549
246 662 246 878
662 846 662 964
846 247 846 989
247 292 165 164
292 494 292 704
494 204 494 815
204 519 204 579
519 506 519 343
506 106 506 168
106 227 27 520
227 752 227 542
752 744 327 121
744 908 744 389
908 756 884 750
756 859 756 408
859 668 859 916
668 881 668 292
881 26 881 557
26 361 26 866
361 538 361 771
538 424 538 505
424 82 969 220
82 899 12 267
899 647 899 645
647 671 77 105
671 199 671 421
199 253 199 443
253 860 570 337
860 597 197 117
597 349 474 352
349 502 349 765
502 903 502 883
903 853 903 252
853 619 853 336
619 89 619 352
89 880 618 48
880 848 411 314
848 675 20 514
675 645 355 229
645 760 645 761
760 190 760 450
190 251 748 141
251 337 251 597
337 391 744 348
391 415 391 627
415 764 415 657
764 763 764 60
763 220 763 511
220 814 732 247
814 195 216 207
195 768 195 425
768 631 932 88
631 799 103 3
799 666 236 143
666 242 349 664
242 183 242 281
183 22 183 283
22 540 22 914
540 964 66 545
964 513 676 161
513 670 513 109
670 545 670 983
545 719 138 9
719 238 414 522
238 833 226 86
833 955 446 402
955 423 286 328
423 278 423 271
278 816 440 465
816 648 816 137
648 549 857 5
549 85 106 174
85 367 85 872
367 143 367 965
143 874 143 205
874 911 92 70
911 88 128 553
88 275 88 270
275 161 43 902
161 620 161 6
620 30 620 68
30 788 30 535
788 456 74 133
456 781 791 5
781 656 781 365
656 544 297 16
544 248 316 455
248 548 248 881
548 877 304 391
877 266 877 465
266 539 266 375
539 892 539 196
892 585 313 487
585 993 585 373
993 600 41 589
600 109 892 512
109 441 681 22
441 274 441 85
274 659 274 743
659 514 99 491
514 125 514 39
125 844 125 60
844 170 844 124
170 612 144 517
612 872 241 24
872 663 894 601
663 963 663 565
963 54 963 315
54 938 774 617
938 93 302 379
93 584 93 364
584 348 584 970
348 19 348 952
19 511 262 716
511 615 63 526
615 572 615 865
572 627 572 988
627 83 258 264
83 642 435 807
642 728 572 80
728 237 728 557
237 124 584 170
124 653 447 531
653 649 653 245
649 610 649 759
610 336 453 235
336 51 336 306
51 419 51 874
419 306 993 373
306 643 242 219
643 687 749 476
687 194 98 208
194 985 194 846
985 821 53 490
821 550 151 467
550 531 550 733
531 141 594 796
141 149 7 426
149 60 149 794
60 38 110 583
38 604 38 249
604 42 203 280
42 208 42 679
208 112 208 32
112 640 762 515
640 321 640 450
321 968 321 309
968 70 968 858
70 759 51 416
759 796 460 158
796 421 162 101
421 315 215 169
315 568 315 293
568 135 171 104
135 61 135 140
61 704 114 75
704 385 704 647
385 736 65 410
736 158 31 274
158 528 896 131
528 737 325 377
737 68 442 910
68 399 68 193
399 997 399 808
997 465 693 146
465 524 674 599
524 343 524 521
343 808 907 172
808 508 808 345
508 807 381 501
807 750 111 340
750 724 533 449
724 365 580 25
365 972 508 70
972 352 253 661
352 461 251 172
461 205 217 640
205 294 129 294
294 408 683 421
408 553 756 214
553 410 495 6
410 496 382 496
496 245 503 654
245 917 175 34
917 940 13 920
940 983 29 358
983 994 670 47
994 599 903 245
599 824 93 223
824 6 824 517
6 5 341 398
5 557 233 619
557 989 361 458
989 858 399 192
858 45 534 84
45 192 45 33
192 517 923 604
517 249 311 238
249 601 38 234
601 373 631 999
373 838 256 722
838 293 320 87
293 703 444 509
703 498 703 912
498 234 827 461
234 458 273 184
458 901 186 560
901 829 42 237
829 450 275 118
450 912 934 201
912 172 305 263
172 753 59 331
