997
999 60 999 929
998 60 998 574
997 60 997 612
996 60 996 716
995 60 995 780
994 60 994 692
993 60 993 122
992 60 992 729
991 60 991 457
990 60 990 842
989 60 989 599
988 60 988 723
987 60 987 194
986 60 986 700
985 60 985 718
984 60 984 703
983 60 983 396
982 60 982 826
981 60 981 554
980 60 980 917
979 60 979 811
978 60 978 686
977 60 977 753
976 60 976 648
975 60 975 961
974 60 974 505
973 60 973 742
972 60 972 720
971 60 971 651
970 60 970 645
969 60 969 869
968 60 968 698
967 60 967 692
966 60 966 963
965 60 965 670
964 60 964 144
963 60 966 652
962 60 962 634
961 60 975 755
960 60 960 760
959 60 959 496
958 60 958 889
957 60 957 879
956 60 956 819
955 60 955 723
954 60 954 699
953 60 953 176
952 60 952 561
951 60 951 186
950 60 950 391
949 60 949 672
948 60 948 223
947 60 947 808
946 60 946 561
945 60 945 326
944 60 944 693
943 60 943 247
942 60 942 374
941 60 941 594
940 60 940 430
939 60 939 366
938 60 938 309
937 60 937 313
936 60 936 644
935 60 935 422
934 60 934 371
933 60 933 446
932 60 932 314
931 60 931 835
930 60 930 122
929 60 929 842
928 60 928 676
927 60 927 914
926 60 926 56
925 60 925 556
924 60 924 256
923 60 923 807
922 60 922 562
921 60 921 173
920 60 920 96
919 60 919 621
918 60 918 672
917 60 917 246
916 60 916 504
915 60 915 129
914 60 914 489
913 60 913 752
912 60 912 705
911 60 911 738
910 60 910 216
909 60 909 285
908 60 908 436
907 60 907 738
906 60 906 770
905 60 905 856
904 60 904 706
903 60 903 837
902 60 902 420
901 60 901 768
900 60 900 69
899 60 899 376
898 60 898 544
897 60 897 742
896 60 896 452
895 60 895 289
894 60 894 850
893 60 893 155
892 60 892 510
891 60 891 453
890 60 890 1
889 60 889 306
888 60 888 492
887 60 887 858
886 60 886 162
885 60 885 837
884 60 884 563
883 60 883 782
882 60 882 879
881 60 881 450
880 60 880 221
879 60 882 790
878 60 878 762
877 60 877 841
876 60 876 768
875 60 875 797
874 60 874 809
873 60 873 206
872 60 872 782
871 60 871 758
870 60 870 136
869 60 869 380
868 60 868 314
867 60 867 446
866 60 866 785
865 60 865 516
864 60 864 688
863 60 863 350
862 60 862 832
861 60 861 629
860 60 860 642
859 60 859 216
858 60 887 530
857 60 857 599
856 60 856 506
855 60 855 702
854 60 854 653
853 60 853 852
852 60 853 650
851 60 851 491
850 60 850 477
849 60 849 639
848 60 848 832
847 60 847 770
846 60 846 717
845 60 845 476
844 60 844 607
843 60 843 280
842 60 842 706
841 60 841 957
840 60 840 250
839 60 839 522
838 60 838 576
837 60 885 547
836 60 836 715
835 60 835 70
834 60 834 524
833 60 833 656
832 60 832 683
831 60 831 841
830 60 830 756
829 60 829 457
828 60 828 351
827 60 827 455
826 60 826 166
825 60 825 734
824 60 824 772
823 60 823 286
822 60 822 480
821 60 821 131
820 60 820 635
819 60 956 569
818 60 818 368
817 60 817 662
816 60 816 621
815 60 815 470
814 60 814 440
813 60 813 799
812 60 812 982
811 60 811 720
810 60 810 194
809 60 874 536
808 60 947 791
807 60 923 559
806 60 806 270
805 60 805 592
804 60 804 600
803 60 803 281
802 60 802 558
801 60 801 581
800 60 800 459
799 60 813 784
798 60 798 25
797 60 797 929
796 60 796 630
795 60 795 457
794 60 794 53
793 60 793 499
792 60 792 500
791 60 791 710
790 60 790 557
789 60 789 404
788 60 788 257
787 60 787 436
786 60 786 683
785 60 785 397
784 60 784 738
783 60 783 665
782 60 782 234
781 60 781 210
780 60 780 268
779 60 779 656
778 60 778 596
777 60 777 685
776 60 776 337
775 60 775 479
774 60 774 383
773 60 773 393
772 60 772 730
771 60 771 737
770 60 906 765
769 60 769 750
768 60 901 527
767 60 767 605
766 60 766 14
765 60 765 529
764 60 764 524
763 60 763 511
762 60 762 221
761 60 761 195
760 60 760 696
759 60 759 969
758 60 758 689
757 60 757 681
756 60 756 100
755 60 755 144
754 60 754 368
753 60 977 196
752 60 913 697
751 60 751 721
750 60 750 578
749 60 749 759
748 60 748 338
747 60 747 666
746 60 746 315
745 60 745 717
744 60 744 647
743 60 743 702
742 60 973 138
741 60 741 211
740 60 740 759
739 60 739 472
738 60 907 664
737 60 737 497
736 60 736 143
735 60 735 323
734 60 825 448
733 60 733 610
732 60 732 301
731 60 731 759
730 60 772 437
729 60 992 638
728 60 728 308
727 60 727 311
726 60 726 180
725 60 725 16
724 60 724 661
723 60 988 592
722 60 722 685
721 60 751 677
720 60 811 586
719 60 719 625
718 60 718 532
717 60 717 183
716 60 716 180
715 60 715 589
714 60 714 567
713 60 713 378
712 60 712 245
710 60 791 632
709 60 709 396
708 60 708 879
707 60 707 311
706 60 797 429
705 60 705 447
704 60 704 669
703 60 984 653
702 60 855 319
701 60 701 128
700 60 700 651
699 60 699 464
698 60 968 405
697 60 697 282
696 60 760 480
695 60 695 78
694 60 694 52
693 60 944 676
692 60 967 675
691 60 691 497
690 60 690 598
689 60 689 5
688 60 688 681
687 60 687 679
686 60 978 453
685 60 722 292
684 60 684 365
683 60 786 290
682 60 682 72
681 60 688 186
680 60 680 335
679 60 687 622
678 60 678 642
677 60 677 738
676 60 676 635
675 60 675 6
674 60 674 500
673 60 673 186
672 60 672 522
671 60 671 184
670 60 670 437
669 60 669 258
668 60 668 291
667 60 667 593
666 60 666 120
665 60 665 399
664 60 677 545
663 60 663 592
662 60 662 487
661 60 661 608
660 60 660 265
659 60 659 310
658 60 658 141
657 60 657 226
656 60 779 494
655 60 655 71
654 60 654 383
653 60 653 487
652 60 652 384
651 60 700 579
650 60 650 448
649 60 649 490
648 60 976 372
647 60 744 587
646 60 646 138
645 60 645 314
644 60 644 842
643 60 643 913
642 60 678 26
641 60 641 540
640 60 640 292
639 60 639 356
638 60 638 84
637 60 637 366
636 60 636 215
635 60 676 56
634 60 634 982
633 60 633 960
632 60 791 305
631 60 631 216
630 60 796 565
629 60 629 20
628 60 628 290
627 60 627 238
626 60 626 291
625 60 719 161
624 60 624 385
623 60 623 566
622 60 687 441
621 60 621 602
620 60 620 6
619 60 619 302
618 60 618 86
617 60 617 316
616 60 616 458
615 60 615 591
614 60 614 492
613 60 613 398
612 60 997 99
611 60 611 992
610 60 733 194
609 60 609 546
608 60 608 341
607 60 844 467
606 60 606 350
605 60 605 962
604 60 604 497
603 60 603 395
602 60 621 17
601 60 601 211
600 60 600 204
599 60 599 520
598 60 690 570
597 60 597 144
596 60 778 444
595 60 595 587
594 60 941 542
593 60 593 107
592 60 663 551
591 60 591 530
590 60 590 767
589 60 836 530
588 60 588 482
587 60 587 878
586 60 586 40
585 60 585 372
584 60 584 10
583 60 583 42
582 60 582 999
581 60 581 435
580 60 580 853
579 60 700 350
578 60 578 40
577 60 577 335
576 60 576 381
575 60 575 443
574 60 574 706
573 60 573 571
572 60 572 339
571 60 573 90
570 60 570 128
569 60 956 515
568 60 568 692
567 60 567 574
566 60 566 118
565 60 565 605
564 60 564 104
563 60 563 832
562 60 562 966
561 60 952 136
560 60 560 444
559 60 559 549
558 60 558 538
557 60 882 363
556 60 556 173
555 60 555 242
554 60 554 182
553 60 553 344
552 60 552 966
551 60 663 326
550 60 550 385
549 60 549 367
548 60 548 747
547 60 885 41
546 60 546 615
545 60 545 92
544 60 898 39
543 60 543 123
542 60 542 273
541 60 541 381
540 60 641 198
539 60 539 507
538 60 558 398
537 60 537 433
536 60 536 426
535 60 535 115
534 60 534 706
533 60 533 87
532 60 985 381
531 60 531 459
530 60 836 377
529 60 529 232
528 60 528 115
527 60 527 412
526 60 526 515
525 60 525 37
524 60 764 395
523 60 523 333
522 60 672 343
521 60 521 337
520 60 989 108
519 60 519 988
518 60 518 455
517 60 517 941
516 60 516 309
515 60 515 417
514 60 514 837
513 60 513 592
512 60 512 947
511 60 511 488
510 60 892 332
509 60 509 490
508 60 508 402
507 60 507 492
506 60 506 362
505 60 505 325
503 60 503 257
502 60 502 310
501 60 501 994
500 60 792 260
499 60 499 368
498 60 498 432
497 60 604 77
496 60 496 244
495 60 495 711
494 60 494 504
493 60 493 14
492 60 492 435
491 60 851 457
490 60 490 378
489 60 489 959
488 60 763 355
487 60 487 433
486 60 486 568
485 60 485 389
484 60 484 2
483 60 483 464
482 60 588 352
481 60 481 82
480 60 480 426
479 60 775 303
478 60 478 853
477 60 850 112
476 60 476 860
475 60 475 64
474 60 474 959
473 60 473 833
472 60 472 180
471 60 471 452
470 60 470 445
469 60 469 402
468 60 468 849
467 60 844 453
466 60 466 904
465 60 465 350
464 60 954 134
463 60 463 137
462 60 462 94
461 60 461 956
460 60 460 692
459 60 459 967
458 60 458 426
457 60 457 299
456 60 456 390
455 60 455 265
454 60 454 322
453 60 844 419
452 60 452 308
451 60 451 3
450 60 450 194
449 60 449 302
448 60 448 591
447 60 447 376
446 60 867 229
445 60 445 438
444 60 444 330
443 60 575 415
442 60 442 887
441 60 687 401
440 60 440 967
439 60 439 958
438 60 445 56
437 60 437 314
436 60 787 410
435 60 435 986
434 60 434 258
433 60 487 242
432 60 432 234
431 60 431 210
430 60 430 128
429 60 466 197
428 60 428 128
427 60 427 854
426 60 536 188
425 60 425 216
424 60 424 476
423 60 423 958
422 60 422 20
421 60 421 649
420 60 902 103
419 60 419 387
418 60 418 219
417 60 956 361
416 60 416 367
415 60 415 459
414 60 414 53
413 60 413 366
412 60 412 966
411 60 411 362
410 60 436 221
409 60 409 354
408 60 408 958
407 60 407 966
406 60 406 957
405 60 968 78
404 60 789 244
403 60 403 337
402 60 402 115
401 60 687 62
400 60 400 54
399 60 783 332
398 60 613 11
397 60 866 530
396 60 709 148
395 60 764 285
394 60 394 135
393 60 393 241
392 60 392 844
391 60 391 864
390 60 456 161
389 60 389 86
388 60 388 883
387 60 392 85
386 60 386 281
385 60 624 200
384 60 412 649
383 60 383 958
382 60 382 116
381 60 985 288
380 60 380 23
379 60 379 71
378 60 490 371
377 60 448 162
376 60 376 323
375 60 375 132
374 60 374 2
373 60 373 173
372 60 585 129
371 60 371 312
370 60 370 383
369 60 369 221
368 60 499 15
367 60 549 41
366 60 366 126
365 60 684 311
364 60 364 354
363 60 363 270
362 60 362 274
361 60 361 706
360 60 360 40
359 60 359 865
358 60 358 260
357 60 357 567
356 60 356 919
355 60 763 115
354 60 409 78
353 60 353 44
352 60 352 576
351 60 828 173
350 60 435 591
349 60 349 506
348 60 348 941
347 60 347 296
346 60 346 204
345 60 345 832
344 60 344 377
343 60 672 267
342 60 342 962
341 60 608 272
340 60 340 333
339 60 339 117
338 60 338 171
337 60 521 219
336 60 336 966
335 60 335 257
334 60 334 316
333 60 333 185
332 60 332 435
331 60 331 605
330 60 330 248
329 60 329 187
328 60 328 150
327 60 327 970
326 60 513 114
325 60 325 779
324 60 324 812
323 60 376 216
322 60 322 274
321 60 321 144
320 60 320 204
319 60 855 12
318 60 318 58
317 60 317 505
316 60 316 999
315 60 315 802
314 60 970 240
313 60 313 914
312 60 649 221
311 60 707 48
310 60 310 986
309 60 309 896
308 60 728 281
307 60 307 66
306 60 958 738
305 60 512 201
304 60 304 272
303 60 775 237
302 60 302 14
301 60 301 162
300 60 300 96
299 60 457 194
298 60 298 260
297 60 297 988
296 60 296 452
295 60 295 644
294 60 294 226
293 60 293 58
292 60 722 94
291 60 291 57
290 60 563 7
289 60 895 210
288 60 288 66
287 60 287 830
286 60 823 176
285 60 524 871
284 60 284 149
283 60 283 255
282 60 913 241
281 60 296 146
280 60 280 245
279 60 279 677
278 60 278 803
277 60 277 183
276 60 276 221
275 60 275 882
274 60 349 95
273 60 273 8
272 60 272 983
271 60 271 243
270 60 363 202
269 60 269 58
268 60 268 412
267 60 672 70
266 60 266 476
265 60 265 459
264 60 264 786
263 60 263 297
262 60 262 212
261 60 261 552
260 60 358 223
259 60 259 123
258 60 258 524
257 60 257 818
256 60 256 834
255 60 283 204
254 60 254 615
253 60 253 211
252 60 252 779
251 60 251 605
250 60 250 144
249 60 249 260
248 60 248 419
247 60 943 103
246 60 917 237
245 60 245 163
244 60 496 40
243 60 271 117
242 60 487 168
241 60 241 738
240 60 314 779
239 60 239 685
238 60 627 173
237 60 237 497
236 60 236 803
235 60 235 180
234 60 234 744
233 60 233 782
232 60 765 195
231 60 231 853
230 60 230 171
229 60 446 254
228 60 228 524
227 60 227 914
226 60 226 160
225 60 225 941
224 60 224 860
223 60 249 183
222 60 222 519
221 60 276 177
220 60 220 120
219 60 219 94
218 60 218 391
217 60 217 691
216 60 216 155
215 60 215 206
214 60 214 575
213 60 213 94
212 60 212 700
211 60 211 887
210 60 210 361
209 60 209 966
208 60 208 180
207 60 207 56
206 60 206 935
205 60 205 887
204 60 283 174
203 60 203 853
202 60 957 172
201 60 791 79
200 60 624 53
199 60 199 9
198 60 198 161
197 60 361 476
196 60 977 146
195 60 906 154
194 60 733 56
193 60 193 258
192 60 192 78
191 60 191 784
190 60 190 559
189 60 189 96
188 60 536 89
187 60 187 772
186 60 688 172
185 60 523 260
184 60 184 161
183 60 523 126
182 60 554 97
181 60 181 741
180 60 472 167
179 60 179 797
178 60 178 956
177 60 276 142
176 60 176 492
175 60 175 494
174 60 320 42
173 60 828 53
172 60 957 40
171 60 171 896
170 60 170 119
169 60 169 368
168 60 168 35
167 60 472 139
166 60 331 16
165 60 165 241
164 60 164 78
163 60 163 41
162 60 435 161
161 60 161 160
160 60 160 138
159 60 159 650
158 60 158 63
157 60 157 489
156 60 156 381
155 60 216 14
154 60 154 143
153 60 153 206
152 60 152 576
151 60 151 415
150 60 328 64
149 60 149 958
148 60 272 113
147 60 147 700
146 60 386 38
145 60 145 606
144 60 144 966
143 60 906 103
142 60 142 43
141 60 141 68
140 60 140 978
139 60 472 104
138 60 138 0
137 60 137 40
136 60 136 891
135 60 394 104
134 60 954 53
133 60 133 161
132 60 132 853
131 60 821 18
130 60 130 149
129 60 129 2
128 60 430 96
127 60 127 41
126 60 126 941
125 60 125 97
124 60 124 719
123 60 123 661
122 60 122 811
121 60 121 111
120 60 120 350
119 60 170 97
118 60 566 44
117 60 117 415
116 60 116 245
115 60 763 108
114 60 988 162
113 60 661 180
112 60 112 880
111 60 121 41
110 60 110 813
109 60 109 330
108 60 763 72
107 60 107 497
106 60 106 34
105 60 105 221
104 60 180 412
103 60 103 151
102 60 102 657
101 60 101 128
100 60 287 802
99 60 99 358
98 60 98 919
97 60 554 41
96 60 430 80
95 60 95 74
94 60 219 42
93 60 93 463
92 60 241 40
91 60 91 470
90 60 90 910
89 60 536 29
88 60 88 863
87 60 533 2
86 60 86 412
85 60 844 274
84 60 638 14
83 60 83 565
82 60 82 906
81 60 81 636
80 60 128 591
79 60 947 337
78 60 78 935
77 60 497 2
76 60 76 772
75 60 75 558
74 60 274 39
73 60 73 913
72 60 528 9
71 60 71 692
70 60 835 42
69 60 69 415
68 60 68 51
67 60 67 339
66 60 985 162
65 60 65 932
64 60 64 932
63 60 63 896
62 60 687 50
61 60 61 572
59 60 59 666
58 60 269 41
57 60 57 982
56 60 56 913
55 60 55 982
54 60 54 830
53 60 53 162
52 60 52 6
51 60 68 44
50 60 50 966
49 60 49 652
48 60 311 65
47 60 47 967
46 60 46 193
45 60 45 913
44 60 44 615
43 60 180 41
42 60 949 21
41 60 41 935
40 60 45 452
39 60 844 42
38 60 386 32
37 60 37 29
36 60 36 565
35 60 653 314
34 60 34 257
33 60 33 112
32 60 194 22
31 60 31 947
30 60 30 25
29 60 536 14
28 60 28 314
27 60 27 784
26 60 361 14
25 60 25 822
24 60 24 463
23 60 969 2
22 60 784 530
21 60 42 591
20 60 78 919
19 60 19 992
18 60 18 98
17 60 221 634
16 60 16 3
15 60 368 524
14 60 874 13
13 60 14 368
12 60 12 53
11 60 558 183
10 60 10 583
9 60 115 530
8 60 802 4
7 60 832 2
6 60 117 14
5 60 361 2
4 60 249 42
3 60 634 1
2 60 2 219
1 60 412 591
60 0 325 412
