1000
143 60
60 573
708 60
952 60
60 462
60 359
206 60
518 60
60 342
809 60
60 293
60 456
685 60
60 750
730 60
148 60
890 60
60 605
60 223
60 798
270 60
596 60
677 60
60 830
59 60
60 354
60 549
60 154
60 966
105 60
60 543
916 60
11 60
375 60
60 489
529 60
824 60
60 474
60 895
142 60
60 874
60 333
60 355
647 60
110 60
328 60
60 950
60 467
6 60
60 814
60 536
873 60
60 609
61 60
60 733
590 60
60 160
461 60
182 60
60 370
60 224
781 60
60 929
723 60
284 60
713 60
60 853
60 3
594 60
740 60
60 451
60 757
60 19
40 60
598 60
60 737
785 60
793 60
60 640
60 404
22 60
632 60
60 278
437 60
60 659
258 60
60 958
60 399
180 60
511 60
34 60
60 356
228 60
60 218
245 60
327 60
879 60
60 658
357 60
137 60
60 158
60 686
60 927
920 60
131 60
60 618
60 639
304 60
60 532
60 671
601 60
60 141
981 60
60 443
60 969
60 109
113 60
139 60
60 225
179 60
60 563
60 933
780 60
60 43
150 60
60 101
633 60
60 261
870 60
60 768
60 653
312 60
60 875
60 465
538 60
60 425
339 60
585 60
60 858
60 486
554 60
60 145
60 964
691 60
60 522
94 60
60 572
60 644
479 60
60 53
60 862
626 60
60 690
276 60
60 897
580 60
41 60
60 360
579 60
115 60
60 772
526 60
253 60
60 454
60 741
704 60
241 60
676 60
60 902
882 60
60 23
587 60
751 60
60 636
60 918
490 60
353 60
430 60
983 60
60 665
998 60
591 60
196 60
700 60
60 146
60 648
60 435
779 60
60 20
60 287
953 60
64 60
475 60
340 60
60 285
60 496
60 842
506 60
818 60
60 77
960 60
60 728
60 808
60 831
889 60
60 446
60 477
60 487
683 60
60 816
60 402
711 60
60 692
382 60
60 102
581 60
60 273
60 38
60 836
60 397
60 170
60 133
924 60
993 60
326 60
694 60
60 859
60 505
55 60
60 373
60 637
654 60
191 60
60 149
614 60
345 60
60 394
765 60
60 936
163 60
719 60
678 60
60 516
60 769
60 230
460 60
783 60
125 60
83 60
100 60
60 426
566 60
60 666
670 60
60 718
749 60
937 60
60 482
60 679
826 60
469 60
60 362
119 60
420 60
60 401
60 132
60 433
621 60
60 746
458 60
207 60
246 60
60 135
309 60
178 60
60 680
466 60
192 60
290 60
12 60
977 60
411 60
63 60
112 60
60 559
60 341
117 60
707 60
731 60
60 189
60 347
812 60
344 60
60 499
25 60
473 60
595 60
60 550
60 286
60 992
60 807
589 60
60 693
60 576
60 695
106 60
60 574
263 60
164 60
62 60
60 996
984 60
60 127
60 249
60 227
60 16
838 60
661 60
97 60
60 748
60 705
710 60
414 60
269 60
790 60
60 495
82 60
910 60
745 60
868 60
60 84
60 552
60 880
60 551
314 60
415 60
60 616
896 60
60 935
60 168
380 60
60 527
735 60
60 828
60 332
825 60
650 60
60 662
232 60
60 699
183 60
60 815
107 60
60 571
734 60
47 60
346 60
122 60
28 60
60 444
448 60
961 60
60 615
464 60
872 60
610 60
60 939
60 396
60 120
60 71
60 186
60 846
60 389
60 603
60 166
165 60
60 262
638 60
60 763
48 60
565 60
951 60
970 60
60 820
377 60
607 60
60 978
60 70
60 324
60 114
271 60
60 308
892 60
294 60
152 60
481 60
60 789
60 116
60 544
494 60
392 60
703 60
60 762
60 231
36 60
60 123
60 243
60 943
698 60
982 60
60 455
60 226
60 837
60 395
60 755
60 259
827 60
60 14
60 797
810 60
991 60
60 13
60 791
60 69
60 140
623 60
60 54
60 612
606 60
712 60
564 60
60 424
878 60
335 60
60 336
60 50
317 60
60 959
60 221
60 266
987 60
60 275
60 931
251 60
27 60
60 74
60 720
523 60
963 60
26 60
60 386
60 468
547 60
965 60
60 766
989 60
60 955
60 384
631 60
325 60
652 60
60 985
592 60
29 60
500 60
60 129
60 747
488 60
144 60
876 60
174 60
540 60
352 60
279 60
60 187
60 39
75 60
60 387
181 60
470 60
934 60
60 1
60 255
926 60
239 60
60 515
103 60
60 519
60 534
60 98
877 60
60 721
60 956
442 60
60 299
60 78
306 60
60 697
364 60
60 904
156 60
295 60
60 87
240 60
60 997
539 60
60 845
236 60
60 784
60 894
184 60
60 817
60 337
663 60
321 60
60 209
7 60
801 60
60 213
60 507
60 212
771 60
60 374
777 60
844 60
60 323
60 175
208 60
739 60
68 60
60 383
60 18
81 60
301 60
923 60
60 202
367 60
60 792
60 92
60 835
0 60
60 795
427 60
216 60
60 528
319 60
517 60
60 684
60 126
852 60
60 277
990 60
641 60
60 709
60 917
60 185
60 722
60 264
378 60
413 60
60 949
315 60
60 802
60 754
60 90
60 962
724 60
108 60
60 900
706 60
881 60
60 742
60 602
758 60
421 60
60 211
681 60
60 946
60 274
60 268
60 220
60 736
60 459
788 60
919 60
60 381
60 310
130 60
45 60
283 60
198 60
60 525
60 256
60 289
498 60
841 60
60 371
60 172
432 60
973 60
343 60
35 60
60 806
422 60
60 260
948 60
60 915
153 60
60 334
60 298
60 497
60 503
60 840
604 60
60 717
60 909
194 60
60 436
60 975
2 60
584 60
839 60
60 292
60 99
60 643
471 60
237 60
727 60
60 329
60 195
281 60
60 635
60 847
888 60
957 60
60 906
521 60
60 93
60 575
60 558
60 774
483 60
265 60
272 60
60 578
562 60
629 60
531 60
67 60
60 854
37 60
361 60
980 60
60 760
447 60
60 233
60 416
391 60
599 60
445 60
786 60
60 509
60 753
60 134
176 60
60 159
60 851
60 657
60 833
167 60
834 60
60 177
60 622
557 60
423 60
60 51
49 60
303 60
864 60
60 24
453 60
484 60
60 608
60 480
600 60
60 863
942 60
501 60
60 331
642 60
944 60
229 60
60 994
322 60
60 388
716 60
492 60
899 60
247 60
60 379
60 358
903 60
625 60
60 567
502 60
60 296
60 76
89 60
60 118
689 60
173 60
568 60
60 583
60 901
60 169
60 288
369 60
60 932
204 60
60 627
60 244
60 33
60 664
60 351
60 348
60 620
725 60
60 759
252 60
729 60
787 60
761 60
752 60
701 60
60 922
60 947
86 60
611 60
417 60
60 155
440 60
542 60
60 569
855 60
197 60
60 193
60 871
60 886
972 60
921 60
60 390
60 907
60 408
914 60
60 891
60 556
214 60
60 832
60 407
60 732
60 431
60 311
770 60
805 60
60 588
31 60
782 60
941 60
60 10
570 60
9 60
60 634
60 530
60 971
794 60
60 350
60 715
60 533
60 121
60 860
655 60
136 60
938 60
222 60
968 60
60 672
796 60
60 96
60 911
257 60
743 60
60 291
452 60
60 940
5 60
478 60
188 60
60 913
410 60
124 60
60 829
60 553
850 60
60 848
349 60
238 60
821 60
60 866
248 60
91 60
60 898
60 535
520 60
541 60
60 162
60 52
80 60
60 476
60 887
297 60
56 60
60 885
819 60
219 60
60 986
491 60
60 668
60 85
60 372
60 646
995 60
60 619
912 60
60 811
60 673
60 368
439 60
628 60
242 60
799 60
8 60
60 104
624 60
318 60
60 582
60 72
60 682
974 60
60 30
60 630
60 514
688 60
60 406
419 60
60 945
60 988
60 660
171 60
778 60
128 60
738 60
857 60
60 597
157 60
60 687
60 645
73 60
215 60
60 250
493 60
46 60
979 60
60 449
60 79
800 60
60 865
60 485
60 577
60 147
613 60
138 60
60 669
441 60
4 60
548 60
60 190
57 60
60 849
60 675
400 60
60 908
205 60
803 60
60 161
412 60
60 843
305 60
234 60
60 767
66 60
60 867
60 726
893 60
674 60
60 696
883 60
60 409
60 385
555 60
95 60
60 21
586 60
60 561
60 65
363 60
60 313
60 930
976 60
60 300
60 280
282 60
58 60
60 822
60 418
861 60
338 60
60 617
593 60
60 403
60 438
366 60
60 524
775 60
714 60
151 60
60 200
60 199
60 376
60 44
804 60
60 884
928 60
999 60
307 60
210 60
60 744
60 302
60 330
472 60
60 15
60 267
60 42
60 546
457 60
463 60
504 60
203 60
773 60
316 60
823 60
537 60
60 508
60 320
60 88
60 365
450 60
756 60
60 702
17 60
254 60
925 60
954 60
560 60
856 60
60 217
60 649
60 201
60 111
813 60
60 434
60 667
60 510
405 60
513 60
656 60
60 235
60 651
764 60
60 545
776 60
393 60
428 60
60 869
398 60
60 429
512 60
60 905
32 60
967 60
871 524
223 948
319 855
689 758
718 532
837 903
459 265
57 982
41 549
176 492
123 259
211 253
801 581
270 363
966 963
997 612
976 648
143 736
203 853
853 231
258 524
958 738
992 729
142 276
738 784
162 448
953 176
649 221
82 906
875 797
14 493
82 481
352 576
822 25
562 922
14 638
457 991
487 653
385 624
830 54
982 826
56 445
128 570
849 639
466 197
563 7
959 474
545 677
137 40
974 505
285 764
988 519
40 241
621 602
171 896
337 521
613 398
287 802
13 874
237 497
65 311
427 854
180 716
96 920
78 695
834 256
310 986
780 268
519 222
565 796
200 624
269 41
378 713
415 575
486 568
216 14
183 717
495 711
463 93
103 906
464 483
25 798
832 862
110 813
941 542
394 104
775 479
904 706
2 533
628 290
313 914
386 32
261 552
737 771
935 206
767 590
999 582
219 2
958 149
103 902
969 2
34 257
539 507
99 997
658 141
687 622
835 931
452 896
850 894
44 615
784 27
720 972
337 403
530 866
923 559
711 60
850 112
161 198
323 376
101 128
956 819
288 985
656 833
351 828
39 274
850 477
3 16
40 586
280 245
257 818
425 216
578 750
437 670
690 570
173 627
686 978
787 410
53 624
139 472
688 681
292 722
763 108
376 899
924 256
689 5
638 992
510 892
473 833
670 965
789 404
448 591
206 153
511 488
712 245
138 0
372 585
969 759
967 459
733 56
69 900
16 331
946 561
291 668
396 983
777 685
980 917
211 887
71 692
584 10
844 453
243 271
575 214
744 234
295 644
131 821
138 646
826 166
848 832
398 558
246 917
876 768
251 605
353 44
844 467
528 9
987 194
25 30
194 457
129 915
323 735
970 240
834 524
988 297
68 44
663 551
426 536
190 559
949 21
652 966
592 988
282 697
180 208
289 895
1 890
140 978
326 945
223 358
210 781
776 337
967 47
309 896
587 878
952 561
454 322
257 788
886 162
772 437
614 492
791 632
452 45
843 280
397 785
939 366
558 183
665 783
400 54
78 192
111 121
830 287
803 278
699 464
513 592
476 860
898 39
408 958
678 26
393 773
908 436
402 508
229 867
979 811
507 492
332 892
338 171
849 468
330 109
644 936
728 308
368 818
42 591
702 743
907 664
310 659
234 782
216 376
136 952
738 911
221 369
545 92
193 46
432 498
308 452
861 629
661 123
573 571
982 55
66 288
20 629
314 653
317 505
998 574
248 330
762 221
57 291
312 371
71 379
247 943
182 554
241 393
418 219
959 489
828 53
268 412
708 879
95 349
865 516
923 807
6 675
1 634
144 597
845 476
90 573
542 273
613 11
650 853
591 615
19 992
318 58
235 180
538 558
348 941
654 383
269 58
311 684
324 812
947 512
966 144
724 661
562 966
759 749
16 725
429 797
127 41
785 866
914 227
604 497
314 437
829 457
476 266
968 698
430 128
472 739
591 435
356 919
415 151
470 445
772 730
315 746
647 744
802 558
73 913
421 649
606 145
362 506
687 50
986 700
340 333
572 61
143 154
272 304
132 375
100 756
129 2
56 207
687 441
932 64
76 772
217 691
941 126
615 254
509 490
417 515
155 893
104 472
171 230
577 335
244 496
620 6
607 844
677 279
516 309
913 643
118 566
692 460
358 260
62 687
587 744
173 373
492 435
426 480
94 219
96 189
990 842
661 180
115 535
891 136
755 975
568 692
502 310
937 313
966 407
14 536
457 851
74 95
331 605
989 108
8 273
966 552
296 452
506 856
70 835
174 283
591 530
527 412
228 524
53 162
215 206
588 482
837 514
961 975
380 869
968 78
978 453
452 471
194 22
576 838
995 780
497 107
544 898
745 717
935 422
913 45
635 820
605 962
589 715
704 669
56 676
753 977
272 113
211 741
112 33
179 797
652 384
487 242
411 362
784 813
564 104
810 194
478 853
302 619
887 442
293 58
42 844
350 863
458 426
149 130
456 161
221 880
204 600
941 517
907 738
640 292
40 578
760 696
106 34
366 637
433 537
226 657
913 241
973 138
935 78
154 906
765 906
392 844
634 962
615 546
128 428
591 128
701 128
14 361
415 459
842 644
944 693
491 851
617 316
67 339
969 869
50 966
763 355
85 392
37 29
760 480
757 681
536 29
134 954
87 533
99 358
500 792
748 338
520 599
652 49
117 415
221 436
316 334
633 960
314 868
352 588
885 41
345 832
790 557
444 560
4 802
556 173
51 68
707 311
18 821
129 585
332 783
40 360
472 180
649 412
274 362
752 913
880 112
816 621
53 12
840 250
64 328
680 335
125 97
860 224
841 877
163 245
371 934
700 147
316 999
742 973
865 359
172 688
276 221
645 314
688 186
187 772
566 623
726 180
505 325
932 314
440 967
343 672
599 989
896 63
949 672
618 86
84 638
337 947
487 168
596 778
141 68
642 860
958 889
784 191
676 635
297 263
117 339
905 856
653 984
119 170
94 722
178 956
759 731
812 982
430 940
40 957
107 593
325 412
271 117
882 790
447 376
944 676
523 126
72 763
368 14
275 882
383 958
767 605
249 42
120 350
322 274
206 873
543 123
75 558
967 692
882 879
459 531
870 136
755 144
449 302
237 917
88 863
671 184
225 941
609 546
954 699
386 281
96 300
2 484
44 566
672 522
389 485
714 567
216 155
685 722
941 594
769 750
18 98
366 413
723 955
368 524
700 651
361 476
688 864
660 265
832 2
815 470
770 847
272 983
115 528
69 415
14 117
490 378
438 445
53 954
672 267
149 284
133 161
791 305
216 910
852 853
333 185
525 37
232 529
270 806
779 325
187 329
524 764
653 854
354 364
383 370
930 122
606 350
489 914
391 864
673 186
250 144
396 709
210 431
41 180
151 103
530 115
301 732
751 677
98 919
912 705
31 947
692 994
296 146
389 86
555 242
999 929
563 884
381 156
679 687
775 303
977 196
608 661
168 35
148 709
328 150
651 971
105 221
950 391
530 784
205 887
951 186
959 496
487 662
947 808
844 274
374 942
361 956
540 641
385 550
144 321
430 80
985 162
859 216
120 220
913 56
444 778
272 608
504 60
447 705
347 296
63 158
172 957
756 830
579 700
691 497
412 180
703 984
354 409
958 439
433 487
764 395
985 381
677 738
919 78
988 723
311 727
513 114
554 41
581 435
599 857
867 446
173 828
565 605
380 23
805 592
887 858
957 879
336 966
248 419
65 932
883 388
165 241
690 598
548 747
241 738
844 419
137 463
621 17
309 938
782 872
775 237
574 706
361 210
233 782
377 836
255 283
448 650
494 504
897 742
41 935
786 683
823 176
306 889
763 511
204 346
102 657
825 734
43 142
559 549
717 846
684 365
457 299
42 835
307 66
402 469
625 719
994 501
183 249
977 146
604 77
262 212
94 462
700 212
666 747
188 536
976 372
721 751
350 465
803 236
853 580
132 853
14 302
371 490
888 492
933 446
895 210
497 2
2 374
499 15
386 38
81 636
344 553
394 135
536 89
700 350
795 457
160 226
762 878
956 461
927 914
260 792
494 779
996 716
434 258
361 2
64 475
970 327
499 368
737 497
962 342
161 719
490 649
121 41
763 115
630 796
627 238
456 390
252 779
368 754
882 363
565 36
733 610
162 988
349 506
83 565
794 53
152 576
650 159
59 666
315 802
161 184
450 881
797 929
198 641
836 530
786 264
453 891
239 685
786 290
929 842
985 718
768 901
841 831
902 420
202 363
194 450
412 86
211 601
956 515
694 52
817 662
298 260
909 285
825 448
144 964
779 656
672 70
639 356
799 813
286 823
56 926
583 42
919 621
687 401
669 258
787 436
827 455
412 591
79 791
789 244
276 177
489 157
120 666
706 361
494 175
921 173
885 547
885 837
611 992
90 910
281 803
12 855
367 416
162 301
422 20
567 357
697 913
765 529
195 761
600 804
839 522
655 71
832 563
874 809
759 740
314 28
982 634
6 52
221 634
626 291
608 341
391 218
527 901
335 257
14 766
451 3
916 504
593 667
423 958
124 719
569 956
260 523
72 682
219 42
161 435
138 160
874 536
943 103
414 53
409 78
774 383
167 472
758 871
170 97
518 455
294 226
9 199
430 96
377 344
760 960
254 446
94 213
782 883
204 283
824 772
728 281
968 405
925 556
402 115
672 918
702 855
470 91
234 432
330 444
981 554
435 332
554 97
435 986
765 195
381 576
720 811
326 663
636 215
193 258
530 887
24 463
314 779
257 503
970 645
122 811
333 523
957 406
791 710
466 904
320 42
665 399
163 41
928 676
419 387
122 993
534 706
277 183
249 260
194 733
169 368
366 126
572 339
459 800
586 811
814 440
412 966
587 595
219 521
458 616
161 160
832 683
947 791
583 10
678 642
499 793
603 395
526 515
78 164
822 480
381 541
204 320
476 424
500 674
265 455
382 116
201 512
741 181
40 496
216 631
663 592
116 245
575 443
706 842
367 549
567 574
841 957
715 836
675 967
966 209
906 770
48 707
