997
999 521 999 850
998 521 998 980
997 521 997 712
996 521 996 678
995 521 995 787
994 521 994 608
993 521 993 553
992 521 992 896
991 521 991 863
990 521 990 891
989 521 989 400
988 521 988 740
987 521 987 641
986 521 986 704
985 521 985 675
984 521 984 541
983 521 983 540
982 521 982 792
981 521 981 316
980 521 980 879
979 521 979 283
978 521 978 382
977 521 977 959
976 521 976 255
975 521 975 652
974 521 974 894
973 521 973 830
972 521 972 714
970 521 970 945
969 521 969 812
968 521 968 475
967 521 967 937
966 521 966 803
965 521 965 869
964 521 964 878
963 521 963 874
962 521 962 958
961 521 961 544
960 521 960 696
959 521 959 659
958 521 958 696
957 521 957 252
956 521 956 431
955 521 955 289
954 521 954 765
953 521 953 884
952 521 952 643
951 521 951 649
950 521 950 324
949 521 949 276
948 521 948 738
947 521 947 922
946 521 946 724
945 521 945 480
944 521 944 53
943 521 943 799
942 521 942 244
941 521 941 586
940 521 940 787
939 521 939 794
938 521 938 397
937 521 937 682
936 521 936 522
935 521 935 515
934 521 934 731
933 521 933 624
932 521 932 525
931 521 931 662
930 521 930 694
929 521 929 540
928 521 928 659
927 521 927 813
926 521 926 319
925 521 925 909
924 521 924 846
923 521 923 465
922 521 922 228
921 521 921 793
920 521 920 697
919 521 919 680
918 521 918 347
917 521 917 895
916 521 916 601
915 521 915 716
914 521 914 836
913 521 913 566
912 521 912 667
911 521 911 480
910 521 910 470
909 521 909 112
908 521 908 50
907 521 907 849
906 521 906 440
905 521 905 832
904 521 904 657
903 521 903 457
902 521 902 819
901 521 901 660
900 521 900 269
899 521 899 821
898 521 898 837
897 521 897 367
896 521 896 174
895 521 895 583
894 521 894 456
893 521 893 549
892 521 892 742
891 521 891 237
890 521 890 844
889 521 889 719
888 521 888 493
887 521 887 885
886 521 886 647
885 521 885 281
884 521 884 505
883 521 883 93
882 521 882 689
881 521 881 557
880 521 880 707
879 521 879 848
878 521 878 27
877 521 877 843
876 521 876 752
875 521 875 725
874 521 874 808
873 521 873 718
872 521 872 393
871 521 871 746
870 521 870 772
869 521 869 301
868 521 868 785
867 521 867 749
866 521 866 710
865 521 865 826
864 521 864 811
863 521 863 231
862 521 862 744
861 521 861 199
860 521 860 643
859 521 859 355
858 521 858 794
857 521 857 829
856 521 856 313
855 521 855 747
854 521 854 676
853 521 853 736
852 521 852 711
851 521 851 559
850 521 850 465
849 521 849 104
848 521 848 544
847 521 847 341
846 521 846 20
845 521 845 974
844 521 844 777
843 521 843 230
842 521 842 716
841 521 841 690
840 521 840 176
839 521 839 635
838 521 838 492
837 521 837 23
836 521 836 756
835 521 835 288
834 521 834 678
833 521 833 531
832 521 832 467
831 521 831 584
830 521 830 388
829 521 829 646
828 521 828 760
827 521 827 380
826 521 826 339
825 521 825 665
824 521 824 632
823 521 823 57
822 521 822 671
821 521 821 612
820 521 820 403
819 521 819 24
818 521 818 626
817 521 817 603
816 521 816 478
815 521 815 288
814 521 814 597
813 521 813 905
812 521 812 610
811 521 811 88
810 521 810 699
809 521 809 569
808 521 808 746
807 521 807 747
806 521 806 615
805 521 805 571
804 521 804 598
803 521 803 226
802 521 802 516
801 521 801 315
800 521 800 416
799 521 799 22
798 521 798 542
797 521 797 417
796 521 796 247
795 521 795 726
794 521 858 72
793 521 793 270
792 521 792 583
791 521 791 656
790 521 790 732
789 521 789 472
788 521 788 595
787 521 940 576
786 521 786 677
785 521 785 924
784 521 784 479
783 521 783 391
782 521 782 204
781 521 781 421
780 521 780 735
779 521 779 890
778 521 778 701
777 521 779 577
776 521 776 539
775 521 775 445
774 521 774 193
773 521 773 280
772 521 772 361
771 521 771 698
770 521 770 737
769 521 769 309
768 521 768 568
767 521 767 229
766 521 766 312
765 521 765 630
764 521 764 468
763 521 763 609
762 521 762 449
761 521 761 902
760 521 760 271
759 521 759 428
758 521 758 543
757 521 757 709
756 521 756 666
755 521 755 526
754 521 754 644
753 521 753 742
752 521 752 354
751 521 751 636
750 521 750 453
749 521 749 440
748 521 748 240
747 521 807 680
746 521 871 167
745 521 745 356
744 521 744 102
743 521 743 486
742 521 753 198
741 521 741 713
740 521 740 275
739 521 739 657
738 521 738 354
737 521 737 157
736 521 736 246
735 521 735 853
734 521 734 689
733 521 733 286
732 521 732 551
731 521 731 344
730 521 730 633
729 521 729 640
728 521 728 549
727 521 727 326
726 521 726 204
725 521 725 541
724 521 724 427
723 521 723 454
722 521 722 514
721 521 721 365
720 521 720 394
719 521 719 342
718 521 718 500
717 521 717 672
716 521 842 108
715 521 715 523
714 521 714 185
713 521 713 325
712 521 712 75
711 521 711 582
710 521 710 243
709 521 709 262
708 521 708 603
707 521 707 272
706 521 706 479
705 521 705 433
704 521 704 868
703 521 703 971
702 521 702 330
701 521 701 875
700 521 700 558
699 521 699 198
698 521 698 607
697 521 697 195
696 521 960 554
695 521 695 406
694 521 694 211
693 521 693 415
692 521 692 413
691 521 691 568
690 521 690 393
689 521 734 607
688 521 688 427
687 521 687 264
686 521 686 683
685 521 685 934
684 521 684 635
683 521 683 423
682 521 682 519
681 521 681 469
680 521 919 164
679 521 679 445
678 521 834 620
677 521 677 456
676 521 676 215
675 521 675 272
674 521 674 254
673 521 673 257
672 521 672 998
671 521 671 323
670 521 670 654
669 521 669 515
668 521 668 273
667 521 667 985
666 521 666 376
665 521 665 509
664 521 664 263
663 521 663 439
662 521 662 536
661 521 661 309
660 521 660 169
659 521 928 169
658 521 658 464
657 521 739 164
656 521 656 158
655 521 655 195
654 521 654 318
653 521 653 137
652 521 652 110
651 521 651 506
650 521 650 598
649 521 649 279
648 521 648 500
647 521 647 118
646 521 646 864
645 521 645 996
644 521 644 471
643 521 860 240
642 521 642 638
641 521 641 174
640 521 640 825
639 521 639 461
638 521 638 319
637 521 637 404
636 521 636 157
635 521 684 180
634 521 634 561
633 521 633 375
632 521 632 359
631 521 631 574
630 521 630 233
629 521 629 368
628 521 628 964
627 521 627 397
626 521 626 64
625 521 625 504
624 521 624 601
623 521 623 618
622 521 622 612
621 521 621 453
620 521 645 153
619 521 619 513
618 521 618 411
617 521 617 920
616 521 616 305
615 521 615 560
614 521 614 904
613 521 613 452
612 521 622 136
611 521 611 977
610 521 610 165
609 521 609 84
608 521 608 287
607 521 771 532
606 521 606 46
605 521 605 329
604 521 604 143
603 521 708 374
602 521 602 227
601 521 916 560
600 521 600 469
599 521 599 530
598 521 650 25
597 521 597 162
596 521 596 442
595 521 595 565
594 521 594 901
593 521 593 404
592 521 592 412
591 521 591 854
590 521 590 898
589 521 589 907
588 521 588 927
587 521 587 333
586 521 586 184
585 521 585 997
584 521 584 148
583 521 982 426
582 521 582 839
581 521 581 351
580 521 580 623
579 521 579 306
578 521 578 804
577 521 577 248
576 521 576 144
575 521 575 232
574 521 574 522
573 521 573 302
572 521 572 451
571 521 571 385
570 521 570 464
569 521 569 495
568 521 691 277
567 521 567 852
566 521 566 71
565 521 565 487
564 521 564 414
563 521 563 418
562 521 562 845
561 521 561 94
560 521 806 120
559 521 559 348
558 521 558 277
557 521 557 265
556 521 556 303
555 521 555 931
554 521 554 291
553 521 553 899
552 521 552 778
551 521 551 425
550 521 550 972
549 521 728 508
548 521 548 307
547 521 547 486
546 521 546 867
545 521 545 168
544 521 717 161
543 521 543 441
542 521 542 370
541 521 552 2
540 521 929 517
539 521 539 494
538 521 538 504
537 521 537 381
536 521 555 187
535 521 535 68
534 521 534 798
533 521 533 233
532 521 532 482
531 521 531 436
530 521 530 482
529 521 529 323
528 521 528 418
527 521 527 351
526 521 526 483
525 521 525 449
524 521 524 508
523 521 523 420
522 521 936 488
520 521 520 128
519 521 519 485
518 521 518 302
517 521 517 214
516 521 516 472
515 521 669 119
514 521 514 3
513 521 513 334
512 521 512 329
511 521 511 430
510 521 510 921
509 521 729 387
508 521 524 183
507 521 507 642
506 521 506 991
505 521 505 3
504 521 538 250
503 521 503 150
502 521 502 776
501 521 501 322
500 521 648 34
499 521 499 509
498 521 498 651
497 521 497 320
496 521 496 876
495 521 495 392
494 521 502 352
493 521 493 447
492 521 492 222
491 521 491 939
490 521 490 283
489 521 489 818
488 521 488 389
487 521 487 308
486 521 547 156
485 521 485 199
484 521 484 400
483 521 483 28
482 521 599 142
481 521 481 969
480 521 911 455
479 521 706 37
478 521 478 337
477 521 477 375
476 521 476 45
475 521 475 444
474 521 474 360
473 521 473 877
472 521 789 294
471 521 471 402
470 521 470 59
469 521 600 236
468 521 468 41
467 521 588 261
466 521 466 851
465 521 923 188
464 521 570 394
463 521 463 405
462 521 462 320
461 521 461 817
460 521 460 333
459 521 459 366
458 521 458 402
457 521 457 432
456 521 562 33
455 521 455 117
454 521 454 104
453 521 621 259
452 521 452 994
451 521 451 66
450 521 450 764
449 521 762 407
448 521 448 369
447 521 447 14
446 521 446 988
445 521 679 406
444 521 444 73
443 521 443 98
442 521 442 241
441 521 441 993
440 521 546 396
439 521 439 925
438 521 438 384
437 521 437 886
436 521 436 79
435 521 435 953
434 521 434 489
433 521 433 122
432 521 432 45
431 521 431 146
430 521 430 196
429 521 429 282
428 521 428 238
427 521 688 179
426 521 426 296
425 521 425 42
424 521 424 639
423 521 423 294
422 521 422 363
421 521 421 223
420 521 420 614
419 521 419 946
418 521 528 131
417 521 417 943
416 521 416 94
415 521 415 36
414 521 414 301
413 521 413 246
412 521 412 948
411 521 580 103
410 521 410 592
409 521 409 348
408 521 408 194
407 521 407 77
406 521 695 212
405 521 405 975
404 521 593 8
403 521 403 637
402 521 458 132
401 521 401 935
400 521 484 69
399 521 399 379
398 521 398 303
397 521 627 275
396 521 396 188
395 521 395 983
394 521 720 96
393 521 872 173
392 521 392 229
391 521 391 681
390 521 390 578
389 521 389 151
388 521 388 770
387 521 499 25
386 521 386 317
385 521 385 730
384 521 384 27
383 521 383 463
382 521 382 235
381 521 381 215
380 521 380 435
379 521 379 963
378 521 378 930
377 521 377 596
376 521 376 187
375 521 805 56
374 521 424 274
373 521 373 316
372 521 372 827
371 521 371 507
370 521 534 312
369 521 369 477
368 521 368 466
367 521 367 260
366 521 366 153
365 521 365 112
364 521 364 889
363 521 363 170
362 521 362 741
361 521 361 116
360 521 360 995
359 521 359 42
358 521 358 932
357 521 357 620
356 521 356 350
355 521 355 700
354 521 410 128
353 521 353 399
352 521 352 893
351 521 527 218
350 521 350 267
349 521 349 992
348 521 629 105
347 521 347 130
346 521 346 824
345 521 345 802
344 521 685 208
343 521 343 743
342 521 364 357
341 521 341 244
340 521 340 833
339 521 339 173
338 521 338 10
337 521 337 693
336 521 336 335
335 521 335 961
334 521 334 809
333 521 460 61
332 521 332 491
331 521 331 723
330 521 330 140
329 521 512 134
328 521 328 13
327 521 327 255
326 521 326 82
325 521 362 163
324 521 324 4
323 521 529 107
322 521 322 855
321 521 321 115
320 521 462 77
319 521 371 133
318 521 318 160
317 521 317 124
316 521 373 175
315 521 315 705
314 521 314 986
313 521 313 120
312 521 766 35
311 521 311 788
310 521 310 611
309 521 661 289
308 521 311 131
307 521 307 9
306 521 306 103
305 521 305 613
304 521 304 171
303 521 398 55
302 521 518 98
301 521 564 213
300 521 300 226
299 521 299 189
298 521 298 52
297 521 297 966
296 521 296 63
295 521 295 617
294 521 345 290
293 521 293 862
292 521 292 343
291 521 291 161
290 521 290 926
289 521 955 4
288 521 815 100
287 521 616 28
286 521 286 556
285 521 285 567
284 521 284 670
283 521 490 191
282 521 282 1
281 521 281 247
280 521 280 768
279 521 279 193
278 521 278 563
277 521 773 89
276 521 276 594
275 521 938 91
274 521 274 383
273 521 273 581
272 521 912 154
271 521 271 780
270 521 510 86
269 521 269 658
268 521 268 579
267 521 267 903
266 521 266 866
265 521 265 270
264 521 264 331
263 521 263 970
262 521 262 951
261 521 261 763
260 521 260 227
259 521 259 481
258 521 258 236
257 521 257 223
256 521 256 968
255 521 327 83
254 521 254 92
253 521 253 831
252 521 252 999
251 521 251 673
250 521 250 990
249 521 249 888
248 521 248 202
247 521 796 81
246 521 828 18
245 521 245 754
244 521 942 69
243 521 266 663
242 521 242 216
241 521 377 38
240 521 748 102
239 521 239 135
238 521 238 29
237 521 237 80
236 521 258 44
235 521 235 446
234 521 234 496
233 521 533 121
232 521 232 422
231 521 498 66
230 521 473 87
229 521 619 208
228 521 228 325
227 521 602 22
226 521 297 101
225 521 225 194
224 521 224 192
223 521 251 459
222 521 222 177
221 521 221 727
220 521 220 962
219 521 219 160
218 521 668 113
217 521 217 859
216 521 216 268
215 521 537 200
214 521 395 285
213 521 213 129
212 521 212 370
211 521 378 249
210 521 210 952
209 521 209 822
208 521 344 152
207 521 207 950
206 521 206 135
205 521 205 841
204 521 782 114
203 521 203 759
202 521 202 781
201 521 201 965
200 521 200 918
199 521 861 178
198 521 810 97
197 521 197 92
196 521 196 437
195 521 295 181
194 521 225 106
193 521 757 184
192 521 192 8
191 521 191 43
190 521 190 550
189 521 189 733
188 521 957 143
187 521 536 941
186 521 186 511
185 521 190 253
184 521 914 83
183 521 494 293
182 521 182 973
181 521 181 256
180 521 214 231
179 521 419 795
178 521 178 133
177 521 177 158
176 521 176 847
175 521 175 575
174 521 349 634
173 521 205 409
172 521 172 548
171 521 171 99
170 521 981 72
169 521 949 41
168 521 168 820
167 521 353 314
166 521 166 78
165 521 750 136
164 521 501 43
163 521 947 18
162 521 162 172
161 521 220 703
160 521 219 13
159 521 159 989
158 521 791 75
157 521 182 31
156 521 292 9
155 521 155 840
154 521 154 0
153 521 777 39
152 521 152 12
151 521 151 390
150 521 150 78
149 521 149 784
148 521 148 123
147 521 147 429
146 521 146 984
145 521 145 545
144 521 474 76
143 521 604 67
142 521 142 147
141 521 141 450
139 521 139 882
138 521 138 915
137 521 137 816
136 521 165 625
135 521 206 5
134 521 134 721
133 521 967 230
132 521 245 234
131 521 278 167
130 521 130 814
129 521 201 838
128 521 132 702
127 521 127 933
126 521 126 801
125 521 125 954
124 521 124 300
123 521 123 221
122 521 126 342
121 521 125 207
120 521 127 892
119 521 401 111
118 521 186 170
117 521 664 114
116 521 116 655
115 521 115 61
114 521 117 51
113 521 113 881
112 521 605 129
111 521 111 74
110 521 110 16
109 521 109 631
108 521 138 774
107 521 209 74
106 521 106 97
105 521 105 6
104 521 687 241
103 521 242 17
102 521 210 32
101 521 386 145
100 521 100 7
99 521 99 15
98 521 443 19
97 521 408 149
96 521 900 122
95 521 95 956
94 521 800 139
93 521 93 31
92 521 197 49
91 521 978 32
90 521 90 76
89 521 217 7
88 521 88 52
87 521 87 109
86 521 218 590
85 521 85 287
84 521 84 141
83 521 108 497
82 521 82 979
81 521 81 33
80 521 80 775
79 521 340 434
78 521 166 62
77 521 358 790
76 521 90 14
75 521 243 284
74 521 107 589
73 521 870 54
72 521 118 79
71 521 71 883
70 521 70 653
69 521 155 48
68 521 68 767
67 521 67 310
66 521 572 91
65 521 65 783
64 521 64 86
63 521 63 503
62 521 62 769
61 521 321 29
60 521 60 722
59 521 59 715
58 521 58 917
57 521 57 203
56 521 448 36
55 521 299 163
54 521 54 11
53 521 53 865
52 521 298 17
51 521 51 70
50 521 50 758
49 521 49 873
48 521 48 12
47 521 47 823
46 521 46 372
45 521 745 30
44 521 65 11
43 521 910 159
42 521 346 20
41 521 906 144
40 521 40 887
39 521 96 686
38 521 119 856
37 521 37 755
36 521 56 26
35 521 908 44
34 521 34 224
33 521 40 438
32 521 180 857
31 521 913 5
30 521 30 606
29 521 47 6
28 521 85 183
27 521 628 39
26 521 26 304
25 521 786 179
24 521 761 591
23 521 23 387
22 521 797 121
21 521 21 944
20 521 308 89
19 521 19 239
18 521 55 520
17 521 38 535
16 521 16 476
15 521 332 411
14 521 211 897
13 521 585 0
12 521 15 692
11 521 73 976
10 521 10 835
9 521 24 60
8 521 674 2
7 521 35 987
6 521 21 751
5 521 573 185
4 521 58 374
3 521 156 587
2 521 95 336
1 521 1 101
521 0 467 880
