1000
521 325
521 596
521 617
521 583
151 521
725 521
567 521
577 521
149 521
514 521
546 521
581 521
521 162
267 521
564 521
309 521
521 131
463 521
521 510
438 521
521 286
239 521
521 600
521 382
521 990
794 521
912 521
521 493
735 521
535 521
252 521
521 685
521 336
521 11
521 147
644 521
432 521
521 776
770 521
615 521
44 521
521 981
221 521
951 521
521 928
955 521
293 521
521 605
689 521
656 521
322 521
258 521
366 521
516 521
682 521
915 521
521 998
521 889
246 521
521 364
412 521
885 521
736 521
623 521
521 187
521 66
521 407
521 335
219 521
521 655
824 521
18 521
521 860
59 521
801 521
521 944
216 521
521 416
521 377
521 651
521 664
521 756
136 521
520 521
842 521
521 541
571 521
521 561
521 389
843 521
524 521
521 704
521 953
708 521
521 487
521 257
457 521
459 521
521 266
521 244
521 892
521 742
992 521
763 521
521 542
521 938
230 521
268 521
538 521
70 521
622 521
866 521
775 521
521 586
394 521
421 521
521 39
192 521
521 836
855 521
476 521
521 965
521 752
521 259
521 446
854 521
174 521
684 521
521 904
167 521
450 521
368 521
962 521
521 573
521 812
122 521
521 488
521 781
521 435
5 521
521 983
544 521
521 343
948 521
370 521
590 521
448 521
521 499
817 521
521 57
891 521
521 819
521 492
946 521
521 560
709 521
521 350
822 521
521 663
521 997
253 521
422 521
430 521
144 521
761 521
521 636
521 67
837 521
32 521
531 521
749 521
521 117
521 606
485 521
88 521
521 228
521 876
810 521
521 829
521 27
521 218
189 521
852 521
521 839
568 521
521 602
521 442
521 24
521 467
521 565
521 26
521 895
428 521
161 521
521 522
521 456
537 521
582 521
521 658
521 175
13 521
789 521
867 521
521 576
357 521
521 224
521 203
521 222
521 238
618 521
200 521
821 521
521 62
820 521
924 521
901 521
521 847
521 441
347 521
521 434
521 529
321 521
952 521
979 521
521 691
521 494
521 247
179 521
903 521
566 521
792 521
330 521
385 521
673 521
521 80
755 521
521 501
173 521
521 52
521 112
521 777
327 521
521 320
521 22
521 360
521 73
123 521
521 914
479 521
780 521
521 188
470 521
466 521
717 521
521 629
521 431
521 182
670 521
521 832
521 399
753 521
521 56
574 521
92 521
611 521
521 897
48 521
74 521
256 521
521 768
290 521
521 20
191 521
521 732
521 907
521 486
521 397
79 521
521 949
521 650
521 676
43 521
521 142
521 328
439 521
521 245
521 595
521 318
426 521
521 197
521 562
649 521
521 83
521 693
352 521
521 261
521 458
521 36
548 521
521 68
521 707
521 626
640 521
521 140
521 7
572 521
646 521
521 630
384 521
521 304
521 204
521 675
521 95
521 599
521 87
521 418
980 521
521 525
521 324
103 521
826 521
521 81
205 521
433 521
669 521
521 148
545 521
449 521
156 521
280 521
33 521
975 521
506 521
521 961
751 521
712 521
521 987
521 800
521 515
718 521
521 391
521 659
757 521
521 275
521 436
993 521
283 521
554 521
521 299
521 265
647 521
160 521
484 521
521 6
521 714
521 408
917 521
521 971
731 521
665 521
575 521
521 295
631 521
521 734
163 521
521 713
882 521
521 549
635 521
521 733
153 521
178 521
521 947
954 521
405 521
521 386
521 358
868 521
502 521
271 521
375 521
888 521
521 802
521 759
521 55
935 521
521 639
694 521
521 930
521 588
521 348
910 521
762 521
417 521
521 803
236 521
521 592
739 521
521 601
521 584
141 521
273 521
447 521
521 557
392 521
699 521
521 342
521 840
521 237
687 521
521 700
521 212
521 967
532 521
94 521
521 706
521 730
521 806
307 521
521 264
862 521
771 521
521 411
594 521
185 521
97 521
86 521
521 657
75 521
445 521
797 521
805 521
137 521
716 521
521 186
521 720
521 166
378 521
521 929
521 632
47 521
551 521
383 521
521 683
521 500
521 337
521 491
193 521
796 521
521 705
521 234
521 181
521 285
521 100
521 692
767 521
521 482
750 521
558 521
521 533
132 521
934 521
722 521
398 521
270 521
896 521
521 850
521 873
393 521
795 521
920 521
195 521
404 521
521 790
825 521
226 521
98 521
521 104
521 9
521 787
521 281
521 671
926 521
213 521
521 89
171 521
593 521
521 696
37 521
521 313
314 521
99 521
521 811
71 521
443 521
638 521
130 521
865 521
521 813
521 326
521 298
214 521
680 521
489 521
521 701
827 521
660 521
521 940
521 164
559 521
521 799
521 19
521 323
848 521
614 521
64 521
833 521
521 288
521 334
521 869
481 521
521 198
521 107
521 523
861 521
521 308
521 625
521 101
553 521
612 521
217 521
521 157
857 521
521 15
521 956
737 521
319 521
521 8
25 521
90 521
521 807
521 536
697 521
152 521
521 154
521 272
521 619
521 543
521 106
884 521
645 521
521 114
921 521
521 379
521 503
772 521
521 269
109 521
521 248
521 296
916 521
249 521
127 521
960 521
521 808
521 931
415 521
521 35
521 425
521 681
774 521
521 978
521 311
878 521
521 527
41 521
835 521
877 521
423 521
521 874
521 526
3 521
521 677
521 608
521 51
521 786
521 782
933 521
521 578
504 521
521 724
863 521
340 521
521 332
429 521
410 521
521 84
521 414
409 521
390 521
521 624
521 942
521 277
779 521
521 505
521 16
135 521
643 521
521 674
291 521
922 521
329 521
982 521
521 363
354 521
521 159
984 521
521 723
957 521
994 521
880 521
521 534
754 521
40 521
521 758
0 521
521 846
521 274
498 521
945 521
65 521
521 303
172 521
521 401
521 653
284 521
521 511
597 521
521 63
521 196
881 521
169 521
521 111
490 521
521 110
521 317
521 452
702 521
521 872
521 851
388 521
477 521
521 474
521 96
521 465
521 900
194 521
818 521
356 521
883 521
292 521
521 206
521 870
661 521
210 521
158 521
521 804
521 703
453 521
521 367
521 517
966 521
220 521
521 305
585 521
968 521
209 521
521 359
521 765
72 521
521 841
521 950
521 129
521 227
830 521
521 184
521 46
688 521
521 69
530 521
82 521
372 521
521 828
521 312
521 207
76 521
859 521
521 49
521 783
550 521
50 521
521 10
521 627
496 521
521 844
521 468
521 461
521 475
886 521
923 521
473 521
521 823
12 521
591 521
816 521
521 986
668 521
521 115
128 521
306 521
521 764
988 521
521 168
60 521
766 521
345 521
287 521
973 521
301 521
225 521
521 116
521 28
521 395
913 521
521 686
959 521
521 316
387 521
711 521
521 170
521 747
235 521
521 93
521 743
279 521
373 521
521 974
1 521
893 521
521 121
729 521
902 521
521 21
849 521
521 740
177 521
497 521
521 894
521 469
521 30
78 521
310 521
793 521
124 521
521 906
454 521
521 963
672 521
42 521
134 521
642 521
521 126
607 521
858 521
402 521
444 521
603 521
139 521
521 483
521 741
958 521
396 521
589 521
521 480
521 989
521 133
521 297
521 871
521 563
521 254
521 349
521 909
521 190
521 899
521 54
38 521
341 521
745 521
609 521
521 555
521 695
760 521
521 798
521 478
294 521
413 521
521 183
351 521
721 521
471 521
508 521
521 14
521 815
353 521
996 521
232 521
521 420
856 521
521 120
251 521
620 521
521 690
641 521
621 521
440 521
521 223
521 460
521 628
521 556
455 521
231 521
521 587
165 521
145 521
521 678
61 521
521 464
521 208
521 355
654 521
521 369
778 521
233 521
521 199
521 278
726 521
667 521
146 521
521 260
521 2
143 521
521 331
521 943
710 521
911 521
521 229
521 241
932 521
521 85
570 521
521 580
521 276
77 521
521 648
838 521
547 521
879 521
4 521
784 521
521 773
521 552
521 339
719 521
495 521
521 634
155 521
509 521
540 521
925 521
521 201
58 521
616 521
521 748
521 518
521 23
637 521
242 521
424 521
521 905
521 519
113 521
521 289
898 521
521 539
521 31
788 521
728 521
202 521
521 698
45 521
791 521
521 346
521 985
937 521
521 451
521 875
521 138
521 613
406 521
521 679
890 521
53 521
371 521
521 180
579 521
521 255
150 521
939 521
521 727
521 610
834 521
652 521
521 908
521 887
102 521
521 437
769 521
462 521
936 521
521 604
746 521
374 521
521 108
118 521
521 361
400 521
521 919
215 521
521 528
662 521
633 521
427 521
521 970
521 977
521 666
521 34
91 521
738 521
521 972
521 403
365 521
521 263
521 976
521 315
521 814
941 521
521 995
176 521
243 521
809 521
785 521
282 521
521 845
240 521
927 521
521 513
969 521
521 29
521 831
521 302
964 521
521 381
991 521
125 521
119 521
521 472
521 376
521 105
999 521
521 598
17 521
333 521
521 362
521 262
507 521
521 512
521 380
344 521
744 521
521 211
918 521
521 419
715 521
853 521
521 569
250 521
338 521
864 521
521 300
866 710
936 488
842 716
463 383
256 968
470 59
972 550
582 711
474 76
542 798
594 901
355 859
460 61
704 986
119 669
243 710
703 220
921 510
181 256
954 125
622 612
714 972
946 724
276 594
643 952
297 101
158 656
868 704
3 514
649 279
809 569
299 163
765 954
622 136
144 576
173 339
781 202
768 568
177 158
701 875
649 951
603 708
273 581
195 655
739 657
369 448
906 144
641 174
450 141
768 280
343 743
96 686
824 346
725 875
219 13
132 458
374 708
655 116
797 417
36 448
456 894
141 84
386 317
824 632
522 574
586 941
402 458
947 922
943 417
969 812
974 894
459 366
869 301
95 956
372 46
522 936
941 536
270 793
18 947
816 137
188 923
582 839
94 416
366 153
788 595
516 802
95 336
119 856
234 496
982 426
921 793
65 783
137 653
247 796
813 905
952 210
637 404
802 345
790 358
804 578
496 876
495 569
853 735
897 367
160 219
794 939
990 250
281 247
357 620
593 404
512 329
706 37
980 879
804 598
736 853
904 657
911 480
540 983
364 357
507 642
998 980
706 479
209 74
965 869
434 489
945 480
384 27
698 771
744 862
507 371
822 209
592 410
934 685
580 103
443 19
27 878
718 500
106 225
827 372
825 640
731 934
304 171
396 188
506 991
409 348
705 315
595 565
97 106
589 907
792 982
647 118
65 11
322 855
726 204
813 927
352 893
637 403
162 597
682 519
732 790
907 849
826 339
155 840
260 367
298 17
538 250
71 566
549 893
892 742
350 267
666 376
840 176
957 143
734 607
6 105
278 563
127 892
98 443
264 687
666 756
166 78
236 258
979 82
397 938
698 607
278 167
537 381
77 407
687 241
412 592
258 44
888 249
445 679
830 388
288 835
608 287
855 747
648 500
77 462
16 110
976 255
400 484
99 171
406 679
288 815
428 238
315 801
379 963
806 615
566 913
960 554
439 925
73 976
4 955
993 441
584 831
782 204
142 147
399 379
819 902
519 485
716 915
556 303
605 329
993 553
474 360
534 798
844 890
712 997
979 283
254 674
915 138
181 295
385 730
534 312
890 779
558 700
658 464
670 284
521 971
675 272
590 218
295 617
730 633
427 688
949 41
91 938
803 966
464 570
785 924
741 362
925 909
170 186
750 453
688 179
421 223
492 222
85 287
725 541
659 959
87 473
262 709
713 741
415 36
749 440
829 857
896 992
223 257
118 79
560 615
402 471
585 997
881 113
693 415
845 974
235 446
294 423
644 471
18 828
284 243
316 373
845 562
898 590
153 645
616 28
276 949
488 389
828 760
711 852
944 21
645 996
355 700
515 669
424 274
510 86
715 523
70 51
473 877
643 860
333 587
290 926
868 785
354 752
630 765
491 332
750 136
573 185
885 887
484 69
784 479
884 505
25 650
262 951
513 334
683 423
759 428
517 929
872 393
955 289
773 280
584 148
374 58
116 361
919 164
902 761
535 68
293 494
292 9
359 632
671 323
751 21
361 772
239 135
383 274
59 715
545 145
359 42
46 606
662 536
344 152
460 333
610 165
851 559
788 311
185 714
335 336
931 662
296 426
391 783
501 43
505 3
653 70
334 809
139 800
311 131
814 130
932 358
104 454
173 872
876 752
222 177
681 391
93 883
281 885
739 164
8 593
440 906
525 932
174 896
457 903
756 836
292 343
736 246
328 13
671 822
891 237
167 871
239 19
998 672
609 84
914 836
145 386
945 970
344 731
532 771
943 799
871 746
610 812
348 559
128 410
301 414
833 340
908 50
718 873
465 923
133 178
320 497
416 800
304 26
579 306
212 695
100 7
97 810
958 696
832 905
729 387
444 475
290 345
795 726
651 498
282 429
211 897
122 433
990 891
939 491
286 733
134 512
437 886
650 598
728 549
2 552
67 604
967 937
540 929
364 889
375 633
52 88
62 769
248 577
908 44
340 434
985 667
527 351
293 862
133 371
397 627
720 394
103 306
964 878
363 422
786 677
640 729
676 215
109 631
506 651
320 462
433 705
180 684
251 673
886 647
100 815
322 501
265 557
597 814
682 937
104 849
978 382
321 29
298 52
353 399
71 883
577 779
72 981
267 903
218 527
847 176
24 60
143 604
138 774
47 6
394 570
127 933
899 821
53 865
363 170
62 166
277 558
82 326
675 985
215 381
442 241
35 766
547 156
493 888
924 846
388 770
140 330
994 608
302 518
110 652
400 989
226 300
447 493
406 695
928 659
238 29
325 713
439 663
806 120
259 621
696 960
652 975
444 73
690 841
4 324
308 89
253 831
146 984
169 928
147 429
819 24
229 767
349 634
556 286
324 950
553 899
360 995
53 944
754 644
712 75
526 483
870 54
674 2
639 424
523 420
820 168
787 995
312 766
156 587
760 271
670 654
504 625
140 521
639 461
617 920
233 630
544 961
468 41
187 555
226 803
953 884
567 285
689 882
233 533
621 453
786 179
738 354
838 492
600 469
541 984
435 953
109 87
709 757
192 224
749 867
857 180
349 992
257 673
618 411
775 80
895 917
881 557
772 870
337 693
161 717
261 763
382 235
545 168
548 307
294 789
42 425
767 68
22 602
316 981
625 165
33 562
213 564
531 436
961 335
28 483
151 389
852 567
678 996
268 216
515 935
86 64
51 117
837 23
860 240
926 319
401 935
411 332
528 131
302 573
887 40
748 240
430 196
149 784
25 499
619 513
413 692
843 230
214 517
690 393
719 342
89 773
408 149
58 917
833 531
919 680
263 664
231 214
609 763
539 494
9 307
178 861
323 529
799 22
579 268
206 135
776 539
414 564
810 699
30 606
152 12
850 465
66 498
851 466
699 198
745 30
931 555
296 63
43 191
49 197
999 850
66 451
139 882
467 832
347 130
454 723
63 503
681 469
211 694
93 31
220 962
467 880
524 508
8 192
918 347
134 721
449 525
432 457
244 341
1 101
413 246
811 864
930 694
80 237
67 310
823 57
889 719
721 365
624 601
672 717
432 45
83 914
309 769
221 727
701 778
263 970
310 611
482 532
57 203
912 667
746 808
854 676
987 641
520 128
661 309
758 50
447 14
157 737
964 628
154 912
49 873
854 591
266 663
108 497
405 975
520 55
124 317
56 26
14 90
370 212
636 157
660 169
39 628
7 217
266 866
481 969
962 958
463 405
387 23
475 968
56 805
795 419
901 660
282 1
61 115
900 122
986 314
94 561
733 189
125 207
437 196
821 612
419 946
656 791
728 508
778 552
514 722
230 967
279 193
189 299
847 341
375 477
940 576
811 88
987 35
248 202
47 823
160 318
933 624
702 330
581 351
477 369
326 727
627 275
300 124
720 96
132 702
442 596
228 325
422 232
456 677
737 770
275 740
994 452
574 631
377 596
922 228
159 989
575 232
684 635
459 251
613 452
431 956
313 120
270 265
159 910
816 478
190 253
839 635
978 32
115 321
516 472
353 314
856 313
234 245
392 229
207 950
858 72
550 190
796 81
32 210
791 75
526 755
722 60
578 390
774 193
495 392
614 420
794 858
787 940
395 285
826 865
277 691
37 755
318 654
401 111
817 461
818 626
697 920
904 614
395 983
764 468
748 102
568 691
547 486
20 846
74 111
619 208
489 818
603 817
195 697
533 121
518 98
450 764
102 744
838 201
486 743
20 346
435 380
757 184
208 685
797 121
580 623
259 481
546 867
841 205
308 487
225 194
965 201
431 146
380 827
665 825
184 586
895 583
807 747
337 478
546 396
863 991
561 634
205 409
261 588
487 565
172 548
789 472
425 551
589 107
754 245
792 583
54 11
227 602
913 5
81 33
588 927
820 403
162 172
129 213
732 551
745 356
151 390
48 155
271 780
227 260
504 538
999 252
368 629
678 834
528 418
605 129
848 544
350 356
187 376
150 503
626 64
780 735
117 455
252 957
689 734
105 629
707 880
834 620
563 418
638 319
848 879
948 738
150 78
600 236
455 911
438 40
272 707
34 224
200 537
642 638
407 762
499 509
948 412
692 15
249 378
623 618
775 445
830 973
384 438
10 835
342 126
34 648
112 909
408 194
291 161
16 476
509 665
255 327
99 15
680 807
114 664
959 977
863 231
530 599
801 126
861 199
291 554
107 529
398 55
436 79
441 543
782 114
206 5
39 777
599 142
585 0
776 502
197 92
485 199
398 303
48 12
571 805
242 216
844 777
368 466
269 900
92 254
502 352
753 198
837 898
571 385
191 490
242 17
572 451
658 269
753 742
703 971
331 723
430 511
283 490
724 427
31 182
91 572
966 297
183 524
918 200
877 843
762 449
264 331
362 163
942 244
511 186
378 930
646 864
182 973
421 781
10 338
85 183
112 365
916 601
45 476
273 668
327 83
942 69
221 123
646 829
611 977
740 988
530 482
203 759
683 686
808 874
916 560
38 377
113 668
289 661
175 575
543 758
148 123
446 988
154 0
305 613
874 963
761 591
108 842
535 38
910 470
175 373
90 76
542 370
751 636
859 217
616 305
