1000
216 30
150 38
747 616
821 810
176 462
958 109
734 935
491 344
629 342
576 129
8 854
882 693
765 994
262 295
952 614
523 600
898 652
950 30
806 481
56 426
185 178
247 311
374 958
254 426
799 424
425 432
362 838
719 314
818 571
218 876
109 688
383 865
624 430
884 170
550 273
145 523
196 368
587 102
861 698
864 323
59 485
174 606
360 143
560 354
84 529
327 6
698 95
563 180
689 413
336 461
527 372
972 662
737 651
597 539
671 618
639 278
50 768
72 658
62 48
488 715
402 773
15 864
383 610
469 653
529 39
712 356
949 566
183 858
753 339
260 827
241 163
377 888
704 423
544 358
543 96
836 959
776 374
259 94
34 147
368 899
124 607
8 672
223 928
235 149
651 175
121 666
218 98
244 442
759 636
775 586
152 279
461 117
640 900
309 602
713 84
622 405
507 44
168 596
804 837
388 721
421 100
792 385
514 22
683 802
380 322
57 479
394 544
910 469
601 247
634 526
338 8
740 185
879 283
315 595
491 20
194 687
116 125
37 619
69 994
547 88
445 251
420 18
641 746
607 530
11 597
877 746
267 471
265 388
947 617
62 268
398 212
731 348
636 644
783 908
270 684
678 138
49 917
150 686
329 342
214 690
930 371
269 412
791 312
741 944
523 650
574 148
271 986
547 692
834 653
906 653
813 48
587 361
333 686
584 443
642 659
106 233
883 631
944 844
545 437
403 816
875 842
508 683
483 866
898 447
675 504
301 308
45 1
608 360
860 230
958 587
141 289
417 945
566 636
334 477
973 635
407 496
18 872
516 790
572 468
697 947
648 618
224 907
346 422
438 979
99 769
514 622
825 981
868 458
141 997
362 514
976 692
316 639
4 322
36 983
328 980
302 474
335 619
247 773
348 472
436 833
121 66
703 909
572 660
343 487
234 185
48 700
73 645
735 275
817 709
236 523
610 439
587 639
569 670
584 491
706 502
640 348
303 283
700 444
309 750
449 539
429 364
555 271
105 83
700 378
76 101
76 967
485 440
6 361
239 385
595 484
536 550
749 881
219 85
561 666
203 737
305 18
374 656
441 459
558 249
35 909
740 540
51 435
537 431
468 514
425 561
464 904
510 922
718 27
833 428
912 172
546 796
946 603
331 682
311 764
70 626
79 95
111 240
112 51
40 195
969 899
958 365
463 610
140 725
401 73
278 61
164 635
210 236
26 494
134 534
48 92
333 970
395 700
232 6
28 738
307 59
918 781
347 287
721 171
654 297
390 746
60 905
67 589
655 458
637 109
522 636
505 624
373 908
723 242
189 80
355 463
165 51
696 842
956 429
10 921
822 698
997 133
607 641
325 48
298 638
773 878
891 82
934 391
80 535
343 361
375 544
319 733
482 956
272 695
358 110
67 964
838 612
566 356
154 171
670 69
680 236
710 936
273 898
325 51
845 338
801 968
744 348
419 557
926 223
995 833
651 620
671 762
573 916
500 622
445 958
58 890
73 225
598 686
234 758
146 280
500 282
200 489
341 619
660 409
544 666
767 965
798 375
456 41
434 389
871 629
795 885
361 898
218 382
171 492
729 616
515 811
227 82
756 392
334 653
836 558
635 300
282 25
864 283
91 457
369 65
199 213
808 902
426 679
675 723
932 480
565 184
316 7
317 993
551 195
5 333
103 958
980 604
294 266
250 598
515 996
53 600
267 784
424 574
476 598
387 77
889 764
554 896
647 851
143 235
958 891
766 543
847 558
320 955
654 19
143 506
717 142
736 812
961 829
655 455
563 177
669 449
590 495
772 82
151 797
288 68
522 787
178 300
173 109
906 841
195 231
183 436
340 296
982 908
81 725
625 134
538 180
376 829
0 829
951 676
400 873
957 55
998 931
408 435
613 693
97 632
28 988
465 455
549 514
978 544
176 855
370 288
958 833
144 899
54 404
928 751
127 933
473 105
368 299
679 184
399 400
679 6
804 998
500 574
840 128
313 528
856 123
201 806
911 977
250 151
732 738
694 648
345 365
301 2
67 225
175 42
363 550
957 470
933 29
793 167
886 372
429 611
247 152
284 22
118 679
996 453
18 537
401 771
130 689
720 934
28 418
780 666
14 962
8 803
696 490
330 605
379 794
520 975
961 842
677 805
628 721
960 380
178 129
361 175
746 955
587 600
892 852
92 627
211 923
884 194
139 929
743 814
582 365
517 181
122 163
704 604
543 863
296 920
845 864
845 958
273 524
898 857
349 196
842 326
166 192
599 708
616 593
337 254
925 171
3 330
405 916
566 461
106 541
125 301
69 179
771 600
90 838
918 761
653 31
536 209
845 839
240 168
250 283
251 947
246 922
623 58
815 878
562 509
381 613
503 330
644 18
769 847
826 18
98 630
619 526
983 957
82 321
161 130
17 930
144 292
126 459
334 718
891 400
609 154
968 152
657 253
752 247
603 378
727 996
952 869
179 223
557 479
75 828
52 228
295 566
332 452
932 940
30 878
725 907
48 615
204 755
174 838
610 444
32 444
721 856
313 908
518 635
159 445
412 198
333 552
513 351
260 881
818 850
812 383
53 802
643 97
391 498
905 835
742 856
353 759
568 945
836 987
136 283
234 43
908 82
20 332
291 314
587 185
757 493
96 417
63 416
193 970
385 965
220 106
246 992
298 711
410 319
86 572
555 920
632 362
544 938
500 16
556 330
21 313
907 318
659 384
162 510
564 818
622 481
317 485
691 94
804 968
794 361
932 62
550 238
836 874
274 646
276 29
559 756
541 42
816 356
860 972
380 491
707 402
921 62
80 693
272 577
943 686
648 802
674 474
370 352
513 977
898 579
813 985
206 283
962 218
724 80
402 310
58 555
845 878
83 499
895 488
314 74
581 768
666 361
729 155
519 777
974 243
578 755
806 157
171 347
553 109
522 76
108 821
277 46
5 681
991 218
380 371
452 156
324 941
329 831
190 922
81 331
64 321
456 491
803 745
106 330
725 703
79 893
984 780
20 666
467 296
826 649
130 600
324 688
158 352
998 883
298 472
755 862
251 172
87 447
880 832
374 548
543 104
229 516
859 901
608 915
36 176
947 397
798 793
207 369
610 846
286 411
471 619
600 944
221 558
629 937
311 936
463 71
110 105
853 532
920 597
338 478
944 387
325 182
544 975
595 1
65 714
34 525
587 230
526 814
878 788
466 644
252 640
722 110
440 511
615 922
63 444
905 479
838 60
348 817
245 43
991 951
258 56
567 37
591 97
80 440
198 686
974 398
456 659
746 82
636 241
778 530
818 469
453 493
450 798
154 502
440 488
500 226
249 782
142 785
233 897
79 120
903 939
31 512
215 485
535 570
75 471
590 143
599 656
454 208
455 309
655 953
248 448
179 125
408 12
612 958
424 979
809 130
173 457
451 579
342 460
453 24
285 420
390 188
603 716
383 186
456 263
442 159
173 971
369 587
713 588
290 641
280 286
980 474
644 612
374 585
966 693
699 279
114 147
306 811
183 261
974 107
739 354
52 690
74 48
896 818
665 566
138 511
655 575
663 779
533 985
274 173
734 65
222 304
22 293
750 202
137 610
845 249
19 494
832 58
185 862
693 859
963 230
777 91
108 550
78 664
887 45
100 912
23 696
494 679
894 657
383 760
343 410
934 110
848 49
497 853
612 981
109 604
495 325
170 437
542 147
485 730
128 544
655 673
350 710
180 324
691 89
919 173
36 128
342 610
523 929
315 195
472 444
441 371
855 701
444 875
771 453
386 940
675 205
971 160
694 664
688 179
312 526
49 621
767 436
94 661
97 280
914 295
333 377
382 597
913 687
275 456
433 970
898 693
352 402
543 944
356 894
694 134
237 379
518 824
248 750
688 531
393 924
335 47
615 168
199 93
742 389
770 805
465 82
636 933
256 566
494 702
853 639
407 341
199 816
191 495
446 76
807 505
567 501
46 80
367 411
228 875
509 715
430 583
48 845
927 664
211 587
851 469
849 592
414 276
718 359
584 404
713 932
13 679
910 539
771 299
410 187
486 748
658 404
259 774
59 513
20 483
44 905
281 137
357 213
636 33
575 761
9 358
720 454
692 299
819 178
410 398
475 212
168 867
897 989
63 726
200 492
495 789
222 727
109 1
692 577
453 999
135 832
430 185
637 427
876 415
814 74
728 574
131 180
216 217
580 689
255 259
667 279
197 309
754 441
585 800
323 592
968 820
115 594
166 747
647 594
561 738
685 21
597 721
864 790
358 775
597 18
910 677
942 71
753 185
49 905
668 822
637 952
437 337
485 939
698 655
626 881
687 892
82 748
722 392
612 924
750 684
763 366
886 35
453 354
904 494
847 885
128 396
517 520
440 633
870 805
260 352
142 845
902 569
995 823
707 581
133 175
165 675
94 610
830 615
912 264
132 861
843 830
525 493
546 251
406 313
422 604
325 786
51 705
266 245
128 956
366 339
247 113
561 886
904 257
990 136
369 219
971 119
948 644
153 566
954 228
747 895
906 663
206 521
169 146
168 267
112 168
643 168
168 315
604 168
168 854
168 664
168 123
327 168
515 168
998 168
639 168
148 168
168 774
176 168
869 168
168 543
168 874
168 356
168 459
77 168
638 168
168 405
168 558
168 708
718 168
142 168
842 168
751 168
10 168
168 273
167 168
703 168
933 168
168 339
168 709
168 93
311 168
168 156
878 168
914 168
168 757
819 168
397 168
923 168
168 964
168 255
422 168
286 168
238 168
567 168
168 529
168 645
168 469
168 452
168 478
168 258
382 168
772 168
168 262
168 950
796 168
777 168
532 168
168 948
68 168
168 800
168 667
168 19
408 168
168 350
168 873
168 283
572 168
168 108
727 168
630 168
168 759
305 168
168 412
168 124
168 710
168 550
431 168
168 513
168 6
168 694
168 760
940 168
168 163
168 549
168 894
168 138
575 168
168 171
168 635
852 168
168 722
168 651
61 168
62 168
168 37
168 387
168 866
168 539
974 168
115 168
168 197
464 168
617 168
168 697
168 348
577 168
168 523
614 168
168 522
319 168
310 168
920 168
168 260
168 884
520 168
168 686
178 168
168 897
421 168
344 168
168 790
168 7
168 934
168 786
465 168
168 498
679 168
168 74
168 892
67 168
805 168
168 296
896 168
168 608
158 168
168 381
168 620
168 531
680 168
328 168
371 168
168 536
192 168
168 233
168 365
168 45
257 168
168 919
925 168
168 159
168 905
168 675
266 168
463 168
208 168
168 888
598 168
168 447
527 168
373 168
168 338
76 168
168 71
989 168
398 168
111 168
876 168
970 168
144 168
168 847
29 168
168 958
308 168
466 168
168 540
168 22
168 456
245 168
168 329
250 168
845 168
168 867
848 168
168 66
106 168
168 832
168 125
168 24
168 253
885 168
168 268
168 843
168 728
588 168
3 168
168 352
835 168
402 168
168 938
168 516
168 189
168 102
626 168
136 168
168 652
941 168
56 168
503 168
58 168
168 95
168 173
31 168
393 168
168 21
168 990
336 168
482 168
168 14
168 293
168 51
119 168
410 168
660 168
849 168
70 168
820 168
883 168
168 831
168 481
688 168
168 689
281 168
368 168
168 921
168 624
168 455
168 87
168 113
354 168
298 168
168 487
811 168
168 400
168 346
168 318
168 705
534 168
168 954
782 168
927 168
451 168
168 600
891 168
658 168
168 574
566 168
882 168
587 168
294 168
571 168
168 802
168 870
168 644
669 168
606 168
168 931
168 50
446 168
168 733
324 168
168 438
168 672
514 168
168 232
168 937
168 764
965 168
460 168
168 15
164 168
488 168
168 69
256 168
35 168
168 433
949 168
168 597
105 168
168 92
299 168
325 168
168 563
168 363
168 900
157 168
168 75
823 168
375 168
545 168
297 168
548 168
168 771
168 309
168 0
168 939
168 755
702 168
824 168
168 289
386 168
168 506
240 168
168 143
168 160
168 457
168 641
141 168
168 259
168 43
168 301
676 168
168 972
168 261
168 576
889 168
168 416
168 441
168 337
910 168
168 659
201 168
663 168
168 633
168 28
168 347
168 353
653 168
153 168
364 168
483 168
492 168
168 172
418 168
168 591
168 815
120 168
151 168
168 766
168 103
739 168
767 168
841 168
844 168
168 791
489 168
168 94
926 168
168 139
430 168
602 168
366 168
222 168
168 968
168 692
73 168
168 541
552 168
898 168
280 168
836 168
715 168
168 279
699 168
42 168
168 440
168 792
168 665
168 994
168 110
168 242
168 449
86 168
730 168
526 168
168 204
978 168
434 168
168 547
168 961
168 666
168 872
864 168
168 817
168 570
330 168
696 168
168 52
168 599
168 781
789 168
168 129
372 168
168 568
168 589
168 683
168 779
168 101
331 168
494 168
133 168
420 168
168 274
581 168
168 799
168 140
168 856
278 168
168 345
406 168
168 612
801 168
168 537
168 865
744 168
358 168
648 168
413 168
168 783
168 41
168 656
149 168
738 168
168 538
147 168
780 168
590 168
168 787
168 254
168 562
971 168
168 642
34 168
411 168
221 168
808 168
214 168
168 248
168 100
168 962
168 194
168 165
168 169
168 114
104 168
168 810
213 168
474 168
509 168
725 168
317 168
618 168
9 168
168 501
585 168
322 168
99 168
179 168
168 560
661 168
798 168
168 524
333 168
168 39
168 4
168 369
168 795
48 168
907 168
89 168
394 168
168 508
168 432
951 168
59 168
168 880
168 753
376 168
879 168
168 985
57 168
168 987
168 773
193 168
168 507
168 304
396 168
168 132
217 168
168 426
444 168
168 1
475 168
285 168
479 168
611 168
168 383
190 168
168 246
417 168
521 168
168 858
196 168
960 168
168 999
168 674
504 168
168 270
168 821
265 168
168 302
168 184
967 168
118 168
247 168
168 264
168 788
168 117
168 272
797 168
467 168
168 737
168 177
206 168
211 168
241 168
181 168
168 621
72 168
90 168
207 168
512 168
519 168
332 168
168 713
168 20
168 361
868 168
30 168
837 168
96 168
168 252
168 379
168 530
168 53
834 168
98 168
952 168
840 168
809 168
168 392
168 682
168 471
168 251
776 168
33 168
187 168
168 343
168 818
528 168
168 913
168 349
168 634
168 729
401 168
168 414
763 168
79 168
168 584
168 231
992 168
168 81
168 586
295 168
623 168
168 443
935 168
168 973
980 168
168 963
553 168
395 168
168 355
628 168
517 168
168 902
168 321
542 168
168 944
168 775
168 582
168 107
168 40
168 695
130 168
370 168
168 569
168 27
505 168
168 205
816 168
168 323
918 168
65 168
839 168
26 168
83 168
518 168
168 827
303 168
168 769
342 168
168 497
785 168
168 137
168 472
812 168
168 18
168 170
200 168
168 391
407 168
168 374
168 745
886 168
168 191
168 314
168 284
168 932
209 168
551 168
423 168
168 47
362 168
218 168
168 957
168 183
607 168
168 904
480 168
168 804
168 126
168 546
168 367
168 929
168 199
510 168
168 525
726 168
855 168
860 168
168 300
131 168
168 752
168 236
226 168
168 135
168 701
425 168
168 693
168 668
168 924
403 168
168 470
168 150
554 168
168 556
168 825
778 168
168 378
351 168
462 168
168 116
168 578
168 806
168 493
168 220
168 454
168 219
719 168
803 168
654 168
647 168
390 168
580 168
168 976
168 495
168 389
956 168
499 168
168 409
168 983
544 168
742 168
162 168
622 168
168 175
168 442
988 168
168 747
168 146
168 277
168 54
168 484
168 610
593 168
12 168
448 168
168 216
239 168
678 168
853 168
168 625
168 128
168 237
439 168
168 564
168 662
916 168
168 698
168 909
168 762
155 168
168 609
428 168
681 168
863 168
203 168
188 168
765 168
859 168
947 168
168 490
168 243
496 168
168 991
613 168
168 685
168 677
25 168
168 145
168 312
750 168
975 168
977 168
731 168
615 168
561 168
168 861
168 594
936 168
168 122
168 282
168 288
419 168
307 168
17 168
168 928
168 915
721 168
168 174
8 168
565 168
168 476
168 784
244 168
168 334
592 168
168 743
168 234
359 168
899 168
23 168
596 168
210 168
995 168
168 754
168 316
168 741
186 168
340 168
168 292
168 535
276 168
168 707
229 168
152 168
168 511
335 168
2 168
461 168
857 168
168 838
168 850
691 168
168 605
306 168
168 225
714 168
828 168
168 627
424 168
168 684
749 168
491 168
486 168
168 341
46 168
168 154
168 109
168 326
794 168
619 168
429 168
78 168
168 500
533 168
906 168
877 168
646 168
415 168
717 168
168 84
168 235
168 134
168 851
450 168
758 168
168 291
227 168
13 168
168 793
80 168
168 287
453 168
168 601
168 320
704 168
168 881
168 97
385 168
168 60
168 946
901 168
168 185
168 631
168 269
168 979
930 168
49 168
161 168
168 996
377 168
168 180
399 168
616 168
887 168
168 166
829 168
168 85
473 168
182 168
82 168
168 502
768 168
168 198
168 911
121 168
895 168
168 88
168 11
168 224
168 830
740 168
168 655
761 168
716 168
953 168
724 168
168 436
893 168
168 690
168 770
711 168
557 168
649 168
168 36
671 168
168 64
380 168
168 748
723 168
168 969
168 445
168 912
168 833
168 908
168 16
275 168
700 168
168 384
903 168
168 583
168 435
984 168
168 228
168 212
168 640
168 636
629 168
670 168
168 917
168 813
168 263
168 734
632 168
826 168
168 91
168 485
168 5
168 603
168 687
271 168
388 168
168 360
168 981
862 168
458 168
168 945
846 168
313 168
168 736
637 168
202 168
168 756
168 993
959 168
555 168
168 955
63 168
168 650
168 427
982 168
168 720
290 168
168 404
168 38
168 579
127 168
942 168
732 168
168 966
168 997
168 437
168 807
168 657
249 168
168 875
168 712
477 168
943 168
230 168
168 468
168 814
168 986
746 168
215 168
706 168
168 573
168 735
168 822
168 357
55 168
673 168
922 168
168 195
168 223
168 871
168 890
44 168
168 595
168 32
168 559
