995
999 453 999 168
993 317 993 168
317 485 317 168
992 246 992 168
246 922 246 168
990 136 990 168
136 283 136 168
989 897 989 168
897 233 897 168
233 106 233 168
988 28 988 168
987 836 987 168
986 271 986 168
271 555 271 168
984 780 984 168
780 666 780 168
982 908 982 168
978 544 978 168
976 692 976 168
973 635 973 168
969 899 969 168
967 76 967 168
966 693 966 168
964 67 964 168
963 230 963 168
960 380 960 168
959 836 959 168
954 228 954 168
953 655 953 168
950 30 950 168
949 566 949 168
948 644 948 168
946 603 946 168
943 686 943 168
942 71 942 168
71 463 71 168
941 324 941 168
938 544 938 168
937 629 937 168
935 734 935 168
734 65 734 168
931 998 931 168
927 664 927 168
926 223 926 168
925 171 925 168
923 211 923 168
211 587 211 168
919 173 919 168
917 49 917 168
915 608 915 168
608 360 608 168
360 143 360 168
914 295 914 168
913 687 913 168
911 977 911 168
977 513 977 168
903 939 903 168
939 485 939 168
901 859 901 168
859 693 859 168
900 640 900 168
893 79 893 168
890 58 890 168
889 764 889 168
764 311 764 168
888 377 888 168
377 333 377 168
887 45 887 168
45 1 45 168
882 693 882 168
880 832 880 168
879 283 879 168
877 746 877 168
874 836 874 168
836 558 836 168
873 400 873 168
872 18 872 168
871 629 871 168
629 342 629 168
870 805 870 168
869 952 869 168
868 458 868 168
458 655 458 168
866 483 866 168
483 20 483 168
865 383 865 168
863 543 863 168
858 183 858 168
857 898 857 168
854 8 854 168
852 892 852 168
892 687 892 168
687 194 687 168
194 884 194 168
884 170 884 168
170 437 170 168
850 818 850 168
849 592 849 168
592 323 592 168
323 864 323 168
848 49 848 168
846 610 846 168
844 944 844 168
843 830 843 168
830 615 830 168
841 906 841 168
840 128 840 168
839 845 839 168
837 804 837 168
835 905 835 168
834 653 834 168
831 329 831 168
329 342 329 168
828 75 828 168
75 471 75 168
827 260 827 168
825 981 825 168
981 612 981 168
824 518 824 168
518 635 518 168
823 995 823 168
995 833 995 168
820 968 820 168
819 178 819 168
815 878 815 168
810 821 810 168
821 108 821 168
108 550 108 168
809 130 809 168
808 902 808 168
902 569 902 168
569 670 569 168
670 69 670 168
807 505 807 168
505 624 505 168
624 430 624 168
801 968 801 168
800 585 800 168
585 374 585 168
799 424 799 168
797 151 797 168
151 250 151 168
796 546 796 168
546 251 546 168
795 885 795 168
885 847 885 168
792 385 792 168
791 312 791 168
312 526 312 168
789 495 789 168
788 878 788 168
787 522 787 168
786 325 786 168
785 142 785 168
784 267 784 168
267 471 267 168
471 619 471 168
783 908 783 168
782 249 782 168
781 918 781 168
918 761 918 168
761 575 761 168
575 655 575 168
779 663 779 168
663 906 663 168
906 653 906 168
778 530 778 168
530 607 530 168
776 374 776 168
774 259 774 168
772 82 772 168
770 805 770 168
805 677 805 168
677 910 677 168
766 543 766 168
765 994 765 168
994 69 994 168
69 179 69 168
763 366 763 168
366 339 366 168
339 753 339 168
753 185 753 168
762 671 762 168
671 618 671 168
618 648 618 168
760 383 760 168
758 234 758 168
757 493 757 168
754 441 754 168
752 247 752 168
751 928 751 168
928 223 928 168
223 179 223 168
749 881 749 168
745 803 745 168
803 8 803 168
744 348 744 168
743 814 743 168
741 944 741 168
739 354 739 168
736 812 736 168
812 383 812 168
735 275 735 168
275 456 275 168
733 319 733 168
319 410 319 168
732 738 732 168
731 348 731 168
730 485 730 168
728 574 728 168
726 63 726 168
724 80 724 168
719 314 719 168
717 142 717 168
142 845 142 168
716 603 716 168
603 378 603 168
378 700 378 168
714 65 714 168
65 369 65 168
712 356 712 168
711 298 711 168
709 817 709 168
817 348 817 168
708 599 708 168
599 656 599 168
656 374 656 168
706 502 706 168
502 154 502 168
705 51 705 168
702 494 702 168
701 855 701 168
855 176 855 168
699 279 699 168
697 947 697 168
695 272 695 168
272 577 272 168
577 692 577 168
685 21 685 168
21 313 21 168
682 331 682 168
331 81 331 168
81 725 81 168
681 5 681 168
5 333 5 168
680 236 680 168
678 138 678 168
138 511 138 168
511 440 511 168
676 951 676 168
951 991 951 168
991 218 991 168
674 474 674 168
673 655 673 168
672 8 672 168
8 338 8 168
669 449 669 168
449 539 449 168
668 822 668 168
822 698 822 168
667 279 667 168
279 152 279 168
665 566 665 168
662 972 662 168
972 860 972 168
860 230 860 168
230 587 230 168
661 94 661 168
652 898 652 168
650 523 650 168
649 826 649 168
826 18 826 168
646 274 646 168
274 173 274 168
645 73 645 168
643 97 643 168
642 659 642 168
638 298 638 168
298 472 298 168
634 526 634 168
633 440 633 168
631 883 631 168
883 998 883 168
998 804 998 168
804 968 804 168
968 152 968 168
152 247 152 168
630 98 630 168
98 218 98 168
628 721 628 168
627 92 627 168
92 48 92 168
625 134 625 168
623 58 623 168
621 49 621 168
49 905 49 168
620 651 620 168
617 947 617 168
614 952 614 168
952 637 952 168
611 429 611 168
609 154 609 168
154 171 154 168
606 174 606 168
174 838 174 168
605 330 605 168
602 309 602 168
601 247 601 168
593 616 593 168
591 97 591 168
589 67 589 168
67 225 67 168
225 73 225 168
73 401 73 168
401 771 401 168
588 713 588 168
586 775 586 168
775 358 775 168
583 430 583 168
430 185 430 168
582 365 582 168
580 689 580 168
578 755 578 168
576 129 576 168
129 178 129 168
573 916 573 168
916 405 916 168
405 622 405 168
571 818 571 168
570 535 570 168
535 80 535 168
568 945 568 168
945 417 945 168
417 96 417 168
96 543 96 168
565 184 565 168
184 679 184 168
564 818 564 168
562 509 562 168
509 715 509 168
715 488 715 168
560 354 560 168
354 453 354 168
559 756 559 168
756 392 756 168
392 722 392 168
722 110 722 168
556 330 556 168
554 896 554 168
896 818 896 168
818 469 818 168
553 109 553 168
552 333 552 168
551 195 551 168
549 514 549 168
548 374 548 168
374 958 374 168
545 437 545 168
437 337 437 168
337 254 337 168
254 426 254 168
542 147 542 168
540 740 540 168
740 185 740 168
538 180 538 168
534 134 534 168
134 694 134 168
533 985 533 168
985 813 985 168
813 48 813 168
532 853 532 168
531 688 531 168
528 313 528 168
527 372 527 168
372 886 372 168
524 273 524 168
521 206 521 168
206 283 206 168
519 777 519 168
777 91 777 168
91 457 91 168
457 173 457 168
512 31 512 168
31 653 31 168
508 683 508 168
683 802 683 168
507 44 507 168
44 905 44 168
506 143 506 168
504 675 504 168
503 330 503 168
501 567 501 168
567 37 567 168
37 619 37 168
499 83 499 168
83 105 83 168
498 391 498 168
391 934 391 168
497 853 497 168
853 639 853 168
496 407 496 168
407 341 407 168
341 619 341 168
490 696 490 168
489 200 489 168
200 492 200 168
492 171 492 168
487 343 487 168
486 748 486 168
748 82 748 168
484 595 484 168
482 956 482 168
480 932 480 168
478 338 478 168
338 845 338 168
477 334 477 168
476 598 476 168
475 212 475 168
212 398 212 168
473 105 473 168
105 110 105 168
470 957 470 168
467 296 467 168
466 644 466 168
464 904 464 168
462 176 462 168
176 36 176 168
460 342 460 168
342 610 342 168
451 579 451 168
579 898 579 168
450 798 450 168
448 248 448 168
248 750 248 168
446 76 446 168
443 584 443 168
439 610 439 168
438 979 438 168
979 424 979 168
424 574 424 168
434 389 434 168
389 742 389 168
742 856 742 168
433 970 433 168
432 425 432 168
425 561 425 168
431 537 431 168
537 18 537 168
428 833 428 168
427 637 427 168
637 109 637 168
423 704 423 168
704 604 704 168
421 100 421 168
100 912 100 168
419 557 419 168
557 479 557 168
418 28 418 168
28 738 28 168
738 561 738 168
416 63 416 168
63 444 63 168
415 876 415 168
876 218 876 168
414 276 414 168
276 29 276 168
29 933 29 168
413 689 413 168
689 130 689 168
409 660 409 168
660 572 660 168
406 313 406 168
313 908 313 168
403 816 403 168
399 400 399 168
400 891 400 168
397 947 397 168
947 251 947 168
396 128 396 168
395 700 395 168
394 544 394 168
393 924 393 168
924 612 924 168
386 940 386 168
940 932 940 168
384 659 384 168
659 456 659 168
381 613 381 168
613 693 613 168
376 829 376 168
373 908 373 168
908 82 908 168
367 411 367 168
411 286 411 168
286 280 286 168
364 429 364 168
429 956 429 168
956 128 956 168
363 550 363 168
359 718 359 168
357 213 357 168
213 199 213 168
355 463 355 168
463 610 463 168
353 759 353 168
759 636 759 168
351 513 351 168
513 59 513 168
350 710 350 168
710 936 710 168
936 311 936 168
311 247 311 168
349 196 349 168
196 368 196 168
346 422 346 168
422 604 422 168
345 365 345 168
365 958 365 168
344 491 344 168
340 296 340 168
296 920 296 168
336 461 336 168
328 980 328 168
327 6 327 168
326 842 326 168
320 955 320 168
955 746 955 168
318 907 318 168
310 402 310 168
308 301 308 168
307 59 307 168
59 485 59 168
306 811 306 168
811 515 811 168
515 996 515 168
305 18 305 168
304 222 304 168
222 727 222 168
727 996 727 168
996 453 996 168
303 283 303 168
302 474 302 168
474 980 474 168
980 604 980 168
604 109 604 168
297 654 297 168
654 19 654 168
19 494 19 168
294 266 294 168
266 245 266 168
245 43 245 168
43 234 43 168
234 185 234 168
293 22 293 168
292 144 292 168
144 899 144 168
899 368 899 168
368 299 368 168
291 314 291 168
314 74 314 168
290 641 290 168
289 141 289 168
141 997 141 168
997 133 997 168
133 175 133 168
287 347 287 168
347 171 347 168
171 721 171 168
285 420 285 168
420 18 420 168
284 22 284 168
22 514 22 168
281 137 281 168
137 610 137 168
277 46 277 168
46 80 46 168
270 684 270 168
684 750 684 168
269 412 269 168
412 198 412 168
198 686 198 168
268 62 268 168
265 388 265 168
388 721 388 168
264 912 264 168
912 172 912 168
172 251 172 168
251 445 251 168
263 456 263 168
262 295 262 168
295 566 295 168
261 183 261 168
183 436 183 168
258 56 258 168
56 426 56 168
426 679 426 168
257 904 257 168
904 494 904 168
256 566 256 168
255 259 255 168
259 94 259 168
253 657 253 168
657 894 657 168
894 356 894 168
252 640 252 168
640 348 640 168
348 472 348 168
472 444 472 168
244 442 244 168
442 159 442 168
159 445 159 168
445 958 445 168
243 974 243 168
242 723 242 168
723 675 723 168
239 385 239 168
385 965 385 168
965 767 965 168
767 436 767 168
436 833 436 168
833 958 833 168
238 550 238 168
237 379 237 168
379 794 379 168
794 361 794 168
232 6 232 168
231 195 231 168
229 516 229 168
516 790 516 168
790 864 790 168
227 82 227 168
226 500 226 168
224 907 224 168
907 725 907 168
221 558 221 168
220 106 220 168
217 216 217 168
216 30 216 168
30 878 30 168
215 485 215 168
485 440 485 168
214 690 214 168
690 52 690 168
52 228 52 168
228 875 228 168
210 236 210 168
236 523 236 168
209 536 209 168
536 550 536 168
550 273 550 168
273 898 273 168
208 454 208 168
454 720 454 168
720 934 720 168
934 110 934 168
110 358 110 168
207 369 207 168
205 675 205 168
675 165 675 168
165 51 165 168
204 755 204 168
755 862 755 168
862 185 862 168
203 737 203 168
737 651 737 168
651 175 651 168
202 750 202 168
750 309 750 168
201 806 201 168
197 309 197 168
309 455 309 168
193 970 193 168
970 333 970 168
333 686 333 168
192 166 192 168
166 747 166 168
191 495 191 168
190 922 190 168
189 80 189 168
188 390 188 168
390 746 390 168
187 410 187 168
186 383 186 168
383 610 383 168
182 325 182 168
181 517 181 168
517 520 517 168
520 975 520 168
975 544 975 168
177 563 177 168
563 180 563 168
169 146 169 168
146 280 146 168
280 97 280 168
97 632 97 168
632 362 632 168
167 793 167 168
793 798 793 168
798 375 798 168
375 544 375 168
164 635 164 168
635 300 635 168
300 178 300 168
178 185 178 168
185 587 185 168
162 510 162 168
510 922 510 168
922 615 922 168
161 130 161 168
130 600 130 168
160 971 160 168
158 352 158 168
157 806 157 168
806 481 806 168
481 622 481 168
156 452 156 168
452 332 452 168
332 20 332 168
155 729 155 168
729 616 729 168
616 747 616 168
747 895 747 168
895 488 895 168
488 440 488 168
440 80 440 168
80 693 80 168
693 898 693 168
153 566 153 168
149 235 149 168
235 143 235 168
143 590 143 168
590 495 590 168
495 325 495 168
148 574 148 168
574 500 574 168
145 523 145 168
140 725 140 168
725 703 725 168
703 909 703 168
909 35 909 168
35 886 35 168
886 561 886 168
561 666 561 168
139 929 139 168
929 523 929 168
523 600 523 168
135 832 135 168
832 58 832 168
58 555 58 168
555 920 555 168
920 597 920 168
132 861 132 168
861 698 861 168
131 180 131 168
180 324 180 168
324 688 324 168
127 933 127 168
933 636 933 168
126 459 126 168
459 441 459 168
441 371 441 168
124 607 124 168
607 641 607 168
641 746 641 168
746 82 746 168
123 856 123 168
856 721 856 168
721 597 721 168
122 163 122 168
163 241 163 168
241 636 241 168
120 79 120 168
79 95 79 168
95 698 95 168
698 655 698 168
655 455 655 168
455 465 455 168
465 82 465 168
119 971 119 168
971 173 971 168
173 109 173 168
118 679 118 168
117 461 117 168
461 566 461 168
116 125 116 168
115 594 115 168
594 647 594 168
647 851 647 168
851 469 851 168
114 147 114 168
147 34 147 168
34 525 34 168
525 493 525 168
493 453 493 168
113 247 113 168
247 773 247 168
112 51 112 168
111 240 111 168
615 48 168 983
107 974 107 168
974 398 974 168
398 410 398 168
410 343 410 168
343 361 343 168
104 543 104 168
543 944 543 168
103 958 103 168
102 587 102 168
101 76 101 168
76 522 76 168
522 636 522 168
99 769 99 168
769 847 769 168
847 558 847 168
558 249 558 168
249 845 249 168
93 199 93 168
199 816 199 168
816 356 816 168
356 566 356 168
566 636 566 168
90 838 90 168
89 691 89 168
691 94 691 168
94 610 94 168
610 444 610 168
88 547 88 168
547 692 547 168
692 299 692 168
299 771 299 168
87 447 87 168
447 898 447 168
898 361 898 168
86 572 86 168
572 468 572 168
468 514 468 168
85 219 85 168
219 369 219 168
369 587 369 168
78 664 78 168
664 694 664 168
694 648 694 168
648 802 648 168
802 53 802 168
53 600 53 168
77 387 77 168
387 944 387 168
944 600 944 168
72 658 72 168
658 404 658 168
70 626 70 168
626 881 626 168
881 260 881 168
260 352 260 168
68 288 68 168
288 370 288 168
370 352 370 168
352 402 352 168
66 121 66 168
121 666 121 168
64 321 64 168
321 82 321 168
82 891 82 168
891 958 891 168
61 278 61 168
278 639 278 168
57 479 57 168
479 905 479 168
905 60 905 168
60 838 60 168
55 957 55 168
957 983 957 168
983 36 168 962
36 128 36 168
128 544 128 168
54 404 54 168
404 584 404 168
584 491 584 168
50 768 50 168
768 581 768 168
581 707 581 168
707 402 707 168
402 773 402 168
773 878 773 168
878 845 878 168
47 335 47 168
335 619 335 168
619 526 619 168
526 814 526 168
814 74 814 168
74 48 74 168
41 456 41 168
456 491 456 168
40 195 40 168
195 315 195 168
315 595 315 168
595 1 595 168
1 109 1 168
39 529 39 168
529 84 529 168
84 713 84 168
713 932 713 168
932 62 932 168
38 150 38 168
150 686 150 168
686 598 686 168
598 250 598 168
250 283 250 168
283 864 283 168
33 636 33 168
636 644 636 168
32 444 32 168
27 718 27 168
718 334 718 168
334 653 334 168
653 469 653 168
469 910 469 168
910 539 910 168
539 597 539 168
26 494 26 168
494 679 494 168
25 282 25 168
282 500 282 168
24 453 24 168
453 771 453 168
771 600 771 168
600 587 600 168
23 696 23 168
696 842 696 168
17 930 17 168
930 371 930 168
371 380 371 168
16 500 16 168
500 622 500 168
622 514 622 168
514 362 514 168
362 838 362 168
838 612 838 168
15 864 15 168
864 845 864 168
14 962 14 168
962 218 168 961
218 382 218 168
382 597 382 168
13 679 13 168
679 6 679 168
6 361 6 168
12 408 12 168
408 435 408 168
435 51 435 168
51 325 51 168
325 48 325 168
11 597 11 168
597 18 597 168
18 644 18 168
644 612 644 168
612 958 612 168
10 921 10 168
921 62 921 168
62 48 62 168
9 358 9 168
358 544 358 168
544 666 544 168
7 316 7 168
316 639 316 168
639 587 639 168
4 322 4 168
322 380 322 168
380 491 380 168
491 20 491 168
20 666 20 168
666 361 666 168
3 330 3 168
330 106 330 168
106 541 106 168
541 42 541 168
42 175 42 168
175 361 175 168
361 587 361 168
587 958 587 168
2 301 2 168
301 125 301 168
125 179 125 168
179 688 179 168
688 109 688 168
109 958 109 168
958 845 958 168
845 48 845 168
48 700 48 168
700 444 700 168
444 875 444 168
875 842 875 168
842 961 842 168
961 829 168 829
829 0 168 0
