997
872 664 872 584
664 556 664 584
556 764 556 584
764 34 764 584
34 398 34 584
398 591 398 584
591 726 591 584
726 512 726 584
512 366 512 584
366 23 366 584
23 648 23 584
648 119 648 584
119 282 119 584
282 206 282 584
206 704 206 584
704 744 704 584
744 985 744 584
985 451 985 584
451 559 451 584
559 719 559 584
719 701 719 584
701 776 701 584
776 50 776 584
50 486 50 584
486 327 486 584
327 837 327 584
837 750 837 584
750 935 750 584
935 135 935 584
135 82 135 584
82 982 82 584
982 208 982 584
208 222 208 584
222 698 222 584
698 110 698 584
110 523 110 584
523 123 523 584
123 577 123 584
577 226 577 584
226 972 226 584
972 971 972 584
971 670 971 584
670 458 670 584
458 456 458 584
456 594 456 584
594 147 594 584
147 377 147 584
377 687 377 584
687 408 687 584
408 298 408 584
298 493 298 584
493 655 493 584
655 276 655 584
276 389 276 584
389 370 389 584
370 89 370 584
89 431 89 584
431 441 431 584
441 759 441 584
759 309 759 584
309 945 309 584
945 506 945 584
506 324 506 584
324 58 324 584
58 777 58 584
777 758 777 584
758 520 758 584
520 489 520 584
489 732 489 584
732 257 732 584
257 233 257 584
233 326 233 584
326 976 326 584
976 625 976 584
625 978 625 584
978 338 978 584
338 681 338 584
681 137 681 584
137 946 137 584
946 557 946 584
557 494 557 584
494 800 494 584
800 775 800 584
775 263 775 584
263 258 263 584
258 121 258 584
121 378 121 584
378 169 378 584
169 315 169 584
315 115 315 584
115 488 115 584
488 609 488 584
609 179 609 584
179 751 179 584
751 483 751 584
483 657 483 584
657 392 657 584
392 992 392 584
992 743 992 584
743 875 743 584
875 400 875 584
400 812 400 584
812 93 812 584
93 534 93 584
534 988 534 584
988 807 988 584
807 113 807 584
113 139 113 584
139 960 139 584
960 547 960 584
547 621 547 584
621 822 621 584
822 741 822 584
741 359 741 584
359 949 359 584
949 40 949 584
40 619 40 584
619 756 619 584
756 561 756 584
561 675 561 584
675 733 675 584
733 544 733 584
544 695 544 584
695 713 695 584
713 388 713 584
388 214 388 584
214 665 214 584
665 95 665 584
95 699 95 584
699 262 699 584
262 92 262 584
92 883 92 584
883 503 883 584
503 873 503 584
873 624 873 584
624 853 624 584
853 618 853 584
618 953 618 584
953 437 953 584
437 318 437 584
318 165 318 584
165 816 165 584
816 64 816 584
64 823 64 584
823 754 823 584
754 283 754 584
283 834 283 584
834 579 834 584
579 798 579 584
798 535 798 584
535 757 535 584
757 394 757 584
394 128 394 584
128 145 128 584
145 824 145 584
824 197 824 584
197 472 197 584
472 564 472 584
564 162 564 584
162 134 162 584
134 623 134 584
623 663 623 584
663 546 663 584
546 412 546 584
412 774 412 584
774 590 774 584
590 551 590 584
551 745 551 584
745 797 745 584
797 929 797 584
929 4 929 584
4 955 4 584
955 156 955 584
156 979 156 584
979 307 979 584
307 501 307 584
501 242 501 584
242 961 242 584
961 73 961 584
73 469 73 584
469 191 469 584
191 966 191 584
966 251 966 584
251 952 251 584
952 405 952 584
405 652 405 584
652 634 652 584
634 772 634 584
772 499 772 584
499 254 499 584
254 874 254 584
305 368 584 999
368 932 368 584
932 667 932 584
667 204 667 584
204 172 204 584
172 541 172 584
541 826 541 584
826 958 826 584
958 677 958 584
677 729 677 584
729 464 729 584
464 529 464 584
529 52 529 584
52 86 52 584
86 861 86 584
861 259 861 584
259 528 259 584
528 116 528 584
116 707 116 584
707 582 707 584
582 796 582 584
796 755 796 584
755 264 755 584
264 70 264 584
70 103 70 584
103 390 103 584
390 504 390 584
504 693 504 584
693 715 693 584
715 100 715 584
100 645 100 584
645 784 645 584
784 120 784 584
120 399 120 584
399 602 399 584
602 954 602 584
954 878 954 584
878 580 878 584
580 330 580 584
330 533 330 584
533 362 533 584
362 189 362 584
189 67 189 584
67 337 67 584
337 524 337 584
524 415 524 584
415 773 415 584
773 601 773 584
601 722 601 584
722 589 722 584
589 360 589 584
360 560 360 584
560 49 560 584
49 127 49 584
127 635 127 584
635 79 635 584
79 296 79 584
296 789 296 584
789 482 789 584
482 288 482 584
288 913 288 584
913 104 913 584
104 272 104 584
272 498 272 584
498 28 498 584
28 30 28 584
30 329 30 584
329 216 329 584
216 616 216 584
616 815 616 584
815 983 815 584
983 586 983 584
586 228 586 584
228 965 228 584
965 467 965 584
467 538 467 584
538 794 538 584
794 738 794 584
738 2 738 584
2 742 2 584
742 164 742 584
164 933 164 584
933 907 933 584
907 886 907 584
886 212 886 584
212 213 212 584
213 35 213 584
35 295 35 584
295 278 295 584
278 159 278 584
159 842 159 584
842 374 842 584
374 22 374 584
22 457 22 584
457 439 457 584
439 734 439 584
734 507 734 584
507 122 507 584
122 413 122 584
413 349 413 584
349 914 349 584
914 653 914 584
653 691 653 584
691 863 691 584
863 333 863 584
333 230 333 584
230 108 230 584
108 513 108 584
513 194 513 584
194 518 194 584
518 187 518 584
187 294 187 584
294 133 294 584
133 746 133 584
746 265 746 584
265 731 265 584
731 930 731 584
930 60 930 584
60 0 60 584
0 490 0 584
490 686 490 584
686 869 686 584
869 539 869 584
539 540 539 584
540 845 540 584
845 566 845 584
566 813 566 584
813 485 813 584
485 45 485 584
45 550 45 584
550 709 550 584
709 481 709 584
481 396 481 584
396 20 396 584
20 718 20 584
718 684 718 584
684 839 684 584
839 311 839 584
311 68 311 584
68 266 68 584
266 749 266 584
749 320 749 584
320 447 320 584
447 9 447 584
9 83 9 584
83 371 83 584
371 143 371 584
143 532 143 584
532 928 532 584
928 221 928 584
221 382 221 584
382 765 382 584
765 363 765 584
363 596 363 584
596 192 596 584
192 403 192 584
403 916 403 584
916 567 916 584
567 77 567 584
77 421 77 584
421 36 421 584
36 957 36 584
957 383 957 584
383 102 383 584
102 47 102 584
47 896 47 584
896 157 896 584
157 705 157 584
705 65 705 584
65 802 65 584
802 381 802 584
381 692 381 584
692 462 692 584
462 904 462 584
904 435 904 584
435 830 435 584
830 303 830 584
303 174 303 584
174 465 174 584
465 138 465 584
138 393 138 584
393 237 393 584
237 38 237 584
38 902 38 584
902 522 902 584
522 817 522 584
817 575 817 584
575 190 575 584
190 790 190 584
790 668 790 584
668 88 668 584
88 900 88 584
900 81 900 584
81 245 81 584
245 527 245 584
527 585 527 584
585 249 585 584
249 909 249 584
909 999 909 584
999 588 584 998
588 323 588 584
323 422 323 584
422 856 422 584
856 781 856 584
781 516 781 584
516 700 516 584
700 182 700 584
182 536 182 584
536 939 536 584
939 101 939 584
101 871 101 584
871 354 871 584
354 610 354 584
610 402 610 584
402 565 402 584
565 860 565 584
860 685 860 584
685 688 685 584
688 892 688 584
892 220 892 584
220 477 220 584
477 573 477 584
573 74 573 584
74 207 74 584
207 244 207 584
244 496 244 584
496 72 496 584
72 131 72 584
131 537 131 584
537 356 537 584
356 712 356 584
712 454 712 584
454 626 454 584
626 600 626 584
600 357 600 584
357 803 357 584
803 253 803 584
253 66 253 584
66 460 66 584
460 334 460 584
334 476 334 584
476 706 476 584
706 780 706 584
780 8 780 584
8 627 8 584
627 737 627 584
737 452 737 584
452 805 452 584
805 176 805 584
176 148 176 584
148 339 148 584
339 350 339 584
350 897 350 584
897 61 897 584
61 509 61 584
509 711 509 584
711 424 711 584
424 769 424 584
769 432 769 584
432 149 432 584
149 632 149 584
632 196 632 584
196 268 196 584
268 427 268 584
427 340 427 584
340 41 340 584
41 827 41 584
827 714 827 584
714 994 714 584
994 740 994 584
740 885 740 584
885 793 885 584
793 12 793 584
12 391 12 584
391 880 391 584
880 410 880 584
410 792 410 584
792 227 792 584
227 637 227 584
637 238 637 584
238 155 238 584
155 445 155 584
445 345 445 584
345 597 345 584
597 90 597 584
90 15 90 584
15 256 15 584
256 459 256 584
459 117 459 584
117 292 117 584
292 332 292 584
332 163 332 584
163 54 163 584
54 232 54 584
232 24 232 584
24 26 24 584
26 409 26 584
409 595 409 584
595 290 595 584
290 931 290 584
931 42 931 584
42 500 42 584
500 642 500 584
642 478 642 584
478 847 478 584
847 658 847 584
658 3 658 584
3 491 3 584
491 615 491 584
615 84 615 584
84 107 84 584
107 676 107 584
676 229 676 584
229 183 229 584
183 419 183 584
419 313 419 584
313 198 313 584
198 140 198 584
140 375 140 584
375 801 375 584
801 990 801 584
990 150 990 584
150 964 150 584
964 727 964 584
727 644 727 584
644 243 644 584
243 811 243 584
811 455 811 584
455 908 455 584
908 343 908 584
343 177 343 584
177 852 177 584
852 285 852 584
285 195 285 584
195 184 195 584
184 890 184 584
890 514 890 584
514 898 514 584
898 629 898 584
629 255 629 584
255 173 255 584
173 876 173 584
876 739 876 584
739 526 739 584
526 558 526 584
558 651 558 584
651 650 651 584
650 109 650 584
109 430 109 584
430 474 430 584
474 328 474 584
328 304 328 584
304 865 304 584
865 160 865 584
160 448 160 584
448 417 448 584
417 690 417 584
690 696 690 584
696 989 696 584
989 200 989 584
200 87 200 584
87 893 87 584
893 970 893 584
970 301 970 584
301 495 301 584
495 948 495 584
948 105 948 584
105 728 105 584
728 818 728 584
818 310 818 584
310 39 310 584
39 29 39 584
29 281 29 584
281 603 281 584
603 471 603 584
471 209 471 584
209 99 209 584
99 866 99 584
866 322 866 584
322 201 322 584
201 912 201 584
912 480 912 584
480 660 480 584
660 252 660 584
252 352 252 584
352 181 352 584
181 14 181 584
14 440 14 584
440 806 440 584
806 446 806 584
446 859 446 584
859 656 859 584
656 153 656 584
153 770 153 584
770 387 770 584
387 870 387 584
870 682 870 584
682 240 682 584
240 717 240 584
717 308 717 584
308 299 308 584
299 639 299 584
639 562 639 584
562 510 562 584
510 666 510 584
666 548 666 584
548 246 548 584
246 835 246 584
835 606 835 584
606 407 606 584
407 829 407 584
829 671 829 584
671 836 671 584
836 358 836 584
358 570 358 584
570 525 570 584
525 397 525 584
397 21 397 584
21 80 21 584
80 331 80 584
331 674 331 584
674 846 674 584
846 10 846 584
10 934 10 584
934 991 934 584
991 968 991 584
968 887 968 584
887 348 887 584
348 434 348 584
434 517 434 584
517 55 517 584
55 850 55 584
850 841 850 584
841 335 841 584
335 857 335 584
857 13 857 584
13 922 13 584
922 636 922 584
636 51 636 584
51 6 51 584
6 905 6 584
905 981 905 584
981 921 981 584
921 418 921 584
418 795 418 584
795 505 795 584
505 59 505 584
59 763 59 584
763 125 763 584
125 171 125 584
171 530 171 584
530 75 530 584
75 235 75 584
235 78 235 584
78 161 78 584
161 43 161 584
43 442 43 584
442 844 442 584
844 884 844 584
884 553 884 584
553 611 553 584
611 16 611 584
16 372 16 584
372 554 372 584
554 791 554 584
791 347 791 584
347 1 347 584
1 810 1 584
810 638 810 584
638 951 638 584
951 317 951 584
317 274 317 584
274 571 274 584
571 608 571 584
608 724 608 584
724 576 724 584
576 725 576 584
725 385 725 584
385 178 385 584
178 248 178 584
248 351 248 584
351 940 351 584
940 118 940 584
118 411 118 584
411 855 411 584
855 205 855 584
205 771 205 584
771 543 771 584
543 203 543 584
203 57 203 584
57 799 57 584
799 286 799 584
286 346 286 584
346 659 346 584
659 279 659 584
279 225 279 584
225 114 225 584
114 386 114 584
386 889 386 584
889 888 889 584
888 782 888 584
782 300 782 584
300 963 300 584
963 151 963 584
151 185 151 584
185 628 185 584
628 277 628 584
277 511 277 584
511 341 511 584
341 581 341 584
581 284 581 584
284 261 284 584
261 293 261 584
293 894 293 584
894 640 894 584
640 218 640 584
218 862 218 584
862 918 862 584
918 373 918 584
373 620 373 584
620 647 620 584
647 144 647 584
144 404 144 584
404 825 404 584
825 788 825 584
788 269 788 584
269 891 269 584
891 993 891 584
993 804 993 584
804 94 804 584
94 369 94 584
369 96 369 584
96 316 96 584
316 843 316 584
843 962 843 584
962 224 962 584
224 270 224 584
270 355 270 584
355 917 355 584
917 924 917 584
924 944 924 584
944 484 944 584
484 473 484 584
473 563 473 584
563 694 563 584
694 545 694 584
545 631 545 584
631 679 631 584
679 959 679 584
959 475 959 584
475 364 475 584
364 267 364 584
267 247 267 584
247 361 247 584
361 319 361 584
319 69 319 584
69 141 69 584
141 995 141 584
995 568 995 584
568 882 568 584
882 973 882 584
973 669 973 584
669 180 669 584
180 662 180 584
662 306 662 584
306 785 306 584
785 98 785 584
98 604 98 584
604 479 604 584
479 787 479 584
787 18 787 584
18 379 18 584
379 497 379 584
497 969 497 584
969 17 969 584
17 450 17 584
450 325 450 584
325 336 325 584
336 614 336 584
614 425 614 584
425 760 425 584
760 166 760 584
166 987 166 584
987 186 987 584
186 947 186 584
947 689 947 584
689 508 689 584
508 401 508 584
401 44 401 584
44 680 44 584
680 911 680 584
911 587 911 584
587 703 587 584
703 868 703 584
868 838 868 584
838 710 838 584
710 215 710 584
215 111 215 584
111 592 111 584
592 574 592 584
574 193 574 584
193 287 193 584
287 443 287 584
443 858 443 584
858 5 858 584
5 901 5 584
901 986 901 584
986 980 986 584
980 112 980 584
112 188 112 584
188 449 188 584
449 919 449 584
919 124 919 584
124 683 124 584
683 380 683 584
380 202 380 584
202 395 202 584
395 779 395 584
779 720 779 584
720 920 720 584
920 753 920 584
753 997 753 584
997 723 997 584
723 126 723 584
126 280 126 584
280 721 280 584
721 170 721 584
170 936 170 584
936 19 936 584
19 984 19 584
984 730 984 584
730 877 730 584
877 938 877 584
938 344 938 584
344 241 344 584
241 747 241 584
747 768 747 584
768 555 768 584
555 752 555 584
752 678 752 584
678 223 678 584
223 607 223 584
607 199 607 584
199 654 199 584
654 809 654 584
809 234 809 584
234 881 234 584
881 748 881 584
748 531 748 584
531 519 531 584
519 925 519 584
925 175 925 584
175 840 175 584
840 521 840 584
521 716 521 584
716 766 716 584
766 487 766 584
487 937 487 584
937 25 937 584
25 62 25 584
62 414 62 584
414 132 414 584
132 599 132 584
599 996 599 584
996 612 996 584
612 273 612 584
273 762 273 584
762 598 762 584
598 321 598 584
321 633 321 584
633 502 633 584
502 416 502 584
416 406 416 584
406 849 406 584
849 33 849 584
33 271 33 584
271 708 271 584
708 879 708 584
879 848 879 584
848 142 848 584
142 569 142 584
569 76 569 584
76 697 76 584
697 761 697 584
761 736 761 584
736 314 736 584
314 950 314 584
950 867 950 584
867 71 867 584
71 605 71 584
605 832 605 584
832 453 832 584
453 168 453 584
168 630 168 584
630 572 630 584
572 260 572 584
260 549 260 584
549 463 549 584
463 365 463 584
365 53 365 584
53 646 53 584
646 289 646 584
289 32 289 584
32 63 32 584
63 46 63 584
46 312 46 584
312 899 312 584
899 735 899 584
735 783 735 584
783 236 783 584
236 136 236 584
136 146 136 584
146 470 146 584
470 85 470 584
85 941 85 584
941 975 941 584
975 854 975 584
854 444 854 584
444 27 444 584
27 778 27 584
778 833 778 584
833 211 833 584
211 433 211 584
433 767 433 584
767 702 767 584
702 302 702 584
302 31 302 584
31 154 31 584
154 428 154 584
428 814 428 584
814 420 814 584
420 7 420 584
7 91 7 584
91 895 91 584
895 97 895 584
97 831 97 584
831 617 831 584
617 367 617 584
367 210 367 584
210 384 210 584
384 903 384 584
903 466 903 584
466 275 466 584
275 906 275 584
906 967 906 584
967 423 967 584
423 129 423 584
129 342 129 584
342 622 342 584
622 106 622 584
106 593 106 584
593 915 593 584
915 167 915 584
167 436 167 584
436 583 436 584
583 942 583 584
942 542 942 584
542 828 542 584
828 820 828 584
820 152 820 584
152 672 152 584
672 643 672 584
643 515 643 584
515 661 515 584
661 974 661 584
974 426 974 584
426 649 426 584
649 673 649 584
673 786 673 584
786 231 786 584
231 217 231 584
217 468 217 584
468 158 468 584
158 461 158 584
461 943 461 584
943 492 943 584
492 926 492 584
926 48 926 584
48 641 48 584
641 613 641 584
613 219 613 584
219 297 219 584
297 821 297 584
821 56 821 584
56 864 56 584
864 11 864 584
11 851 11 584
851 239 851 584
239 977 239 584
977 37 977 584
37 923 37 584
923 353 923 584
353 578 353 584
578 927 578 584
927 250 927 584
250 956 250 584
956 376 956 584
376 808 376 584
808 291 808 584
291 438 291 584
438 429 438 584
429 998 429 584
998 130 584 910
130 552 130 584
552 910 552 584
910 819 584 819
