1000
366 23
87 893
210 367
134 623
312 899
60 0
35 213
994 740
400 875
881 234
489 732
808 376
504 390
426 974
303 174
366 512
361 319
455 908
46 312
95 665
406 849
212 213
372 16
520 489
253 803
683 124
523 110
974 661
652 634
7 91
9 83
144 647
665 214
416 406
751 483
560 49
517 434
923 353
698 110
425 760
420 7
145 128
514 898
53 365
294 187
543 203
179 751
678 752
945 506
923 37
582 707
682 870
828 820
425 614
664 556
631 679
394 128
365 463
733 675
543 771
161 43
945 309
986 901
542 828
970 301
302 702
545 631
640 894
675 561
273 612
161 78
846 10
750 935
497 969
961 73
970 893
702 767
177 343
894 293
940 351
378 121
885 740
877 938
674 846
821 56
806 446
379 497
465 174
924 944
754 283
908 343
832 453
351 248
125 763
276 389
253 66
574 592
806 440
106 593
417 690
917 924
83 371
277 511
741 822
764 556
409 26
937 25
763 59
525 570
111 592
701 719
781 516
785 98
448 417
628 277
133 294
608 724
268 427
358 570
480 660
785 306
856 781
381 692
135 935
964 150
608 571
905 981
126 280
712 356
480 912
381 802
316 96
311 68
117 292
738 2
905 6
587 911
249 909
73 469
430 109
839 311
889 888
169 378
424 711
524 415
835 246
864 56
585 249
47 102
283 834
313 419
168 453
333 863
347 1
389 370
207 74
193 574
52 529
471 603
593 915
383 102
49 127
709 481
359 741
345 445
62 25
983 586
74 573
668 88
156 955
27 444
709 550
494 557
170 721
580 330
926 48
668 790
2 742
916 567
444 854
318 437
314 736
122 507
176 805
721 280
492 926
541 172
906 967
403 916
316 843
736 761
113 807
175 840
28 498
130 552
860 565
333 230
587 703
906 275
774 590
146 136
539 540
888 782
175 925
998 130
784 645
835 606
217 231
38 237
228 586
568 882
206 282
236 136
503 883
848 879
842 159
810 1
720 779
231 786
584 874
471 209
367 617
269 891
701 776
879 708
743 875
809 234
335 857
226 972
413 122
947 689
617 831
46 63
346 659
809 654
841 335
956 250
639 299
726 591
267 247
687 377
876 173
63 32
346 286
553 611
777 758
176 148
919 449
308 299
643 515
620 373
704 206
491 615
502 633
553 884
348 887
222 208
860 685
336 614
625 976
728 105
814 428
373 918
771 205
488 609
410 880
768 555
887 968
313 198
902 38
545 694
972 971
195 184
855 205
235 78
780 706
770 153
563 694
261 293
512 726
42 500
235 75
876 739
674 331
101 939
520 758
87 200
261 284
714 994
789 296
80 331
376 956
830 303
564 162
455 811
930 731
178 385
818 728
357 803
70 103
14 181
515 661
270 355
214 388
232 24
416 502
886 907
795 505
540 845
422 856
952 405
160 865
420 814
320 447
770 387
120 784
196 632
589 360
503 873
977 37
374 842
394 757
463 549
194 518
305 584
382 221
131 537
528 116
542 942
65 705
482 789
260 549
538 794
162 134
930 60
5 858
583 942
242 961
767 433
684 718
103 390
599 996
67 337
821 297
886 212
18 379
211 433
754 823
832 605
653 691
405 652
248 178
447 9
984 730
297 219
729 464
622 106
957 36
360 560
917 355
222 698
71 605
815 616
505 59
187 518
111 215
179 609
622 342
752 555
4 929
854 975
707 116
185 628
664 872
802 65
766 487
492 943
738 794
662 306
309 759
941 975
5 901
571 274
684 839
723 126
561 756
943 461
996 612
524 337
369 96
837 750
990 801
697 76
680 911
258 121
322 201
903 466
877 730
889 386
459 256
531 519
429 438
585 527
141 995
655 276
651 650
783 735
440 14
347 791
61 509
202 395
822 621
548 666
487 937
26 24
788 825
719 559
229 183
448 160
573 477
186 987
137 946
281 29
268 196
836 358
286 799
238 155
953 618
55 850
761 697
150 990
147 594
629 255
537 356
912 201
452 805
717 240
117 459
6 51
3 658
844 442
109 650
667 204
948 495
711 509
275 466
548 246
12 391
991 934
419 183
429 998
691 863
285 852
464 529
281 603
383 957
476 334
100 715
445 155
673 786
815 983
850 841
931 290
4 955
255 173
550 45
254 499
557 946
831 97
580 878
308 717
790 190
33 271
635 79
491 3
953 437
250 927
507 734
377 147
172 204
192 403
607 199
264 755
988 807
643 672
272 498
364 475
565 402
164 933
774 412
869 539
112 188
988 534
519 925
976 326
100 645
862 918
282 119
393 237
598 321
995 568
546 412
236 783
722 601
92 883
851 239
159 278
325 450
326 233
779 395
874 254
928 532
241 747
788 269
92 262
708 271
992 743
296 79
563 473
577 226
182 536
572 630
186 947
472 564
265 731
287 443
992 392
199 654
70 264
581 284
591 398
414 132
267 364
197 472
32 289
388 713
787 479
777 58
833 778
449 188
251 952
827 41
19 936
713 695
321 633
844 884
224 270
208 982
950 867
336 325
966 251
948 105
428 154
710 838
115 488
391 880
747 768
991 968
54 163
521 716
798 535
285 195
260 572
855 411
669 180
441 431
706 476
858 443
861 259
656 153
436 583
928 221
40 619
42 931
132 599
75 530
486 327
140 375
18 787
536 939
200 989
827 714
80 21
15 90
435 830
811 243
385 725
558 526
357 600
352 181
435 904
54 232
613 219
907 933
418 795
626 600
107 676
323 422
865 304
749 320
963 151
310 39
149 632
722 589
829 671
977 239
323 588
757 535
375 801
513 194
317 951
432 149
441 759
72 131
259 528
866 322
157 705
756 619
256 15
538 467
72 496
327 837
527 245
501 242
718 20
258 263
897 61
189 67
81 245
307 501
833 211
823 64
914 653
44 401
263 775
897 350
19 984
655 493
729 677
421 36
64 816
867 71
547 621
616 216
69 319
493 298
220 892
215 710
677 958
451 559
342 129
797 929
813 485
380 683
151 185
227 637
547 960
716 766
137 681
602 954
671 836
985 451
575 817
180 662
797 745
941 85
618 853
439 457
166 760
274 317
338 681
997 723
602 399
456 594
461 158
932 667
223 678
369 94
853 624
76 569
534 93
104 913
636 51
456 458
44 680
368 932
119 648
384 903
546 663
804 94
986 980
386 114
93 812
748 531
913 288
233 257
636 922
291 438
648 23
762 273
69 141
663 623
558 651
735 899
114 225
554 791
732 257
202 380
504 693
510 666
426 649
344 938
825 404
699 95
676 229
849 33
372 554
123 523
220 477
987 166
634 772
39 29
91 895
144 404
485 45
799 57
657 483
637 238
223 607
55 517
878 954
764 34
575 190
475 959
898 629
57 203
439 734
737 452
980 112
240 682
679 959
192 596
218 862
658 847
43 442
272 104
737 627
402 610
301 495
596 363
640 218
869 686
478 847
793 12
10 934
354 610
17 969
138 393
852 177
686 490
940 118
278 295
885 793
334 460
715 693
859 446
673 649
465 138
484 944
143 532
262 699
595 290
295 35
171 125
460 66
577 123
700 182
499 772
696 690
895 97
143 371
265 746
409 595
392 657
41 340
127 635
927 578
700 516
34 398
462 904
824 197
644 727
646 289
746 133
340 427
58 324
626 454
578 353
796 755
152 672
692 462
266 749
727 964
145 824
646 53
695 544
742 164
506 324
454 712
982 82
582 796
152 820
191 966
31 154
266 68
733 544
332 292
598 762
315 115
773 601
11 851
909 999
135 82
450 17
469 191
430 474
31 302
798 579
108 230
118 411
315 169
424 769
241 344
415 773
89 431
11 864
861 86
656 859
436 167
896 47
484 473
579 834
630 168
40 949
965 228
171 530
89 370
193 287
86 52
486 50
915 167
979 307
696 989
481 396
341 581
359 949
414 62
775 800
362 533
397 21
613 641
776 50
604 479
979 156
778 27
165 816
243 644
511 341
725 576
800 494
170 936
533 330
298 408
525 397
641 48
352 252
98 604
224 962
318 165
950 314
576 724
921 418
687 408
838 868
541 826
660 252
423 967
304 328
843 962
300 963
113 139
332 163
521 840
30 28
981 921
552 910
829 407
868 703
744 704
999 588
973 669
590 551
474 328
470 146
782 300
513 108
638 951
625 978
432 769
920 753
606 407
99 866
973 882
896 157
993 804
140 198
848 142
638 810
467 965
13 922
720 920
971 670
496 244
508 401
209 99
993 891
20 396
225 279
90 597
13 857
189 362
562 510
689 508
207 244
900 81
739 526
659 279
914 349
597 345
339 350
562 639
900 88
361 247
421 77
84 107
349 413
611 16
329 216
339 148
124 919
688 892
826 958
818 310
423 129
77 567
647 620
566 813
615 84
960 139
227 792
329 30
348 434
819 910
685 688
744 985
817 522
745 551
514 890
470 85
566 845
22 457
410 792
338 978
627 8
753 997
399 120
870 387
468 158
522 902
363 765
890 184
624 873
642 478
142 569
22 374
780 8
670 458
871 354
217 468
305 368
210 384
765 382
0 490
500 642
400 812
748 881
288 482
808 291
101 871
584 788
778 584
584 950
584 8
104 584
933 584
584 53
584 468
584 696
765 584
706 584
584 499
172 584
135 584
581 584
227 584
584 764
398 584
584 895
77 584
492 584
356 584
874 584
584 971
588 584
271 584
584 56
314 584
358 584
995 584
833 584
584 221
690 584
584 88
584 328
584 861
845 584
584 654
584 940
711 584
584 189
584 894
915 584
584 351
842 584
154 584
584 97
834 584
584 621
338 584
584 694
584 970
958 584
584 32
584 336
898 584
976 584
584 186
584 771
280 584
538 584
870 584
584 214
364 584
584 117
241 584
584 410
584 686
584 505
309 584
584 196
839 584
41 584
701 584
697 584
493 584
738 584
979 584
584 404
905 584
584 133
374 584
596 584
236 584
584 533
648 584
718 584
827 584
584 813
584 733
584 176
598 584
584 413
814 584
442 584
867 584
388 584
584 102
584 912
584 572
584 566
584 636
223 584
586 584
584 969
21 584
522 584
584 602
284 584
584 722
677 584
584 524
584 436
203 584
87 584
584 537
164 584
444 584
286 584
461 584
299 584
584 770
584 267
584 145
359 584
584 741
584 424
584 467
676 584
937 584
584 927
893 584
584 877
584 414
275 584
584 7
584 265
333 584
249 584
890 584
584 163
702 584
423 584
584 326
66 584
584 276
896 584
584 6
584 75
371 584
345 584
288 584
295 584
584 623
713 584
633 584
840 584
743 584
996 584
584 232
251 584
584 939
584 554
584 746
584 311
660 584
671 584
584 591
585 584
111 584
584 79
584 985
584 101
899 584
584 283
782 584
656 584
18 584
84 584
584 719
10 584
551 584
496 584
584 948
9 584
331 584
584 794
584 736
975 584
279 584
931 584
166 584
624 584
869 584
231 584
383 584
584 175
212 584
456 584
612 584
729 584
599 584
584 616
584 396
584 14
550 584
584 752
584 828
567 584
584 728
584 29
131 584
584 715
584 64
664 584
497 584
584 454
584 393
584 319
638 584
349 584
584 590
584 734
727 584
156 584
584 412
582 584
804 584
433 584
256 584
858 584
584 502
584 986
853 584
854 584
479 584
584 878
584 776
584 674
584 965
584 651
584 61
584 872
921 584
856 584
78 584
584 634
584 317
584 430
584 453
584 897
310 584
584 31
584 417
216 584
76 584
584 805
584 923
584 945
584 83
595 584
584 372
584 735
584 873
584 411
274 584
584 224
584 226
584 488
584 114
584 918
584 838
290 584
584 772
262 584
584 759
549 584
584 803
584 427
850 584
429 584
831 584
297 584
48 584
807 584
463 584
584 27
584 710
23 584
584 474
622 584
259 584
708 584
584 96
849 584
584 883
350 584
659 584
238 584
584 628
650 584
584 774
687 584
458 584
584 732
584 37
237 584
584 452
584 594
464 584
402 584
584 565
584 486
584 36
73 584
584 188
195 584
584 693
584 989
584 30
70 584
584 294
584 112
584 384
94 584
584 129
518 584
584 401
220 584
584 682
584 503
378 584
475 584
587 584
584 864
966 584
584 629
584 81
584 329
531 584
90 584
909 584
322 584
50 584
1 584
584 179
584 888
465 584
584 397
544 584
584 645
38 584
808 584
929 584
425 584
852 584
584 11
16 584
811 584
584 832
584 941
584 22
584 512
665 584
584 667
173 584
825 584
884 584
934 584
892 584
954 584
991 584
316 584
847 584
584 446
584 997
192 584
610 584
167 584
5 584
584 564
557 584
584 553
584 762
584 618
341 584
584 89
844 584
25 584
584 139
584 300
584 292
584 556
947 584
584 951
584 171
953 584
584 105
330 584
584 460
584 445
261 584
584 348
584 305
109 584
568 584
432 584
584 369
584 130
584 252
455 584
244 584
240 584
584 201
955 584
471 584
521 584
119 584
584 339
726 584
749 584
699 584
368 584
584 751
826 584
573 584
584 936
584 949
287 584
584 837
353 584
584 642
529 584
584 235
998 584
153 584
766 584
385 584
584 793
347 584
584 375
615 584
675 584
662 584
450 584
584 323
935 584
584 908
607 584
584 571
536 584
584 198
584 617
584 928
123 584
584 360
584 575
472 584
944 584
134 584
376 584
448 584
961 584
584 162
584 982
136 584
875 584
584 20
584 387
822 584
584 761
868 584
584 981
584 841
161 584
748 584
584 817
584 663
584 593
637 584
584 74
584 419
584 972
943 584
13 584
584 52
584 730
584 205
584 773
116 584
584 434
584 515
785 584
584 535
584 882
470 584
584 763
584 990
584 459
716 584
367 584
337 584
632 584
584 614
584 967
584 820
242 584
584 900
584 800
584 334
780 584
19 584
584 51
584 792
174 584
584 974
346 584
603 584
584 860
666 584
584 150
399 584
584 672
584 218
39 584
584 692
584 407
501 584
229 584
786 584
584 714
584 127
584 282
152 584
584 168
534 584
584 977
584 304
584 253
584 695
584 296
584 724
584 620
239 584
689 584
816 584
584 670
352 584
584 82
584 307
187 584
530 584
487 584
584 313
584 126
420 584
584 739
584 42
584 208
584 49
258 584
584 523
584 514
584 222
584 815
584 243
584 796
584 273
740 584
584 357
144 584
657 584
584 767
47 584
584 942
584 527
855 584
584 630
561 584
528 584
584 866
59 584
584 100
584 132
509 584
584 373
485 584
584 887
230 584
277 584
584 140
579 584
92 584
209 584
584 115
911 584
584 312
889 584
584 750
584 922
584 178
584 769
142 584
914 584
784 584
846 584
691 584
584 684
15 584
584 219
584 72
303 584
228 584
54 584
584 439
584 910
920 584
504 584
157 584
584 170
789 584
795 584
584 301
584 960
980 584
720 584
447 584
93 584
584 994
584 608
584 526
584 255
913 584
68 584
584 495
584 777
584 143
584 600
584 69
584 851
712 584
185 584
35 584
810 584
584 197
584 717
584 210
169 584
606 584
584 506
443 584
584 541
584 745
584 507
673 584
584 871
584 491
655 584
57 584
95 584
67 584
700 584
791 584
234 584
999 584
584 952
103 584
148 584
584 753
318 584
149 584
584 476
584 757
520 584
233 584
137 584
584 366
584 431
60 584
428 584
584 930
584 40
151 584
584 204
584 904
584 797
584 798
540 584
365 584
478 584
213 584
956 584
34 584
576 584
584 225
962 584
138 584
584 678
584 647
302 584
790 584
106 584
584 418
661 584
584 381
886 584
321 584
584 98
683 584
584 141
584 848
584 812
635 584
737 584
584 254
584 885
584 245
584 609
584 775
180 584
584 824
580 584
668 584
836 584
584 260
723 584
592 584
584 578
584 946
482 584
584 33
584 562
957 584
802 584
584 155
625 584
516 584
876 584
680 584
584 563
704 584
395 584
584 543
165 584
584 688
626 584
993 584
916 584
308 584
830 584
380 584
754 584
584 250
107 584
584 513
484 584
584 511
584 415
342 584
584 159
182 584
584 643
584 559
821 584
584 343
781 584
835 584
421 584
584 545
584 653
707 584
584 211
584 823
721 584
584 925
584 987
584 416
584 207
122 584
681 584
552 584
466 584
605 584
584 270
584 498
0 584
86 584
584 382
584 110
158 584
325 584
584 147
44 584
584 558
264 584
747 584
756 584
992 584
449 584
584 457
584 818
400 584
584 215
584 574
118 584
584 281
517 584
584 731
891 584
881 584
257 584
584 525
584 306
473 584
181 584
755 584
988 584
584 409
494 584
584 71
584 709
58 584
584 698
584 217
362 584
584 451
703 584
344 584
266 584
584 354
438 584
584 604
584 768
584 903
613 584
584 247
640 584
584 190
191 584
120 584
291 584
584 462
584 631
584 546
787 584
584 160
584 43
584 4
584 391
639 584
392 584
268 584
177 584
315 584
584 539
924 584
584 658
584 570
584 510
584 335
584 829
584 508
469 584
679 584
601 584
408 584
584 926
379 584
584 902
584 865
584 125
584 879
584 783
405 584
862 584
584 193
24 584
611 584
206 584
584 202
584 194
584 124
779 584
584 555
584 263
584 685
435 584
584 377
880 584
584 481
17 584
108 584
584 426
584 298
584 577
584 121
584 422
80 584
649 584
857 584
907 584
863 584
355 584
584 583
901 584
584 3
584 984
584 441
641 584
584 480
584 394
2 584
584 801
584 113
968 584
584 917
584 963
584 938
584 146
584 619
584 859
28 584
919 584
184 584
584 597
669 584
26 584
973 584
547 584
584 932
55 584
584 983
584 589
500 584
584 809
324 584
477 584
584 246
584 964
584 272
584 906
584 403
406 584
584 532
386 584
584 285
390 584
483 584
361 584
363 584
327 584
584 489
819 584
560 584
584 742
91 584
584 440
584 646
584 199
644 584
584 183
584 627
278 584
584 389
584 269
584 959
584 12
584 542
200 584
46 584
584 799
760 584
584 437
85 584
584 293
584 62
584 569
584 289
584 45
548 584
248 584
584 332
584 725
370 584
320 584
584 99
63 584
652 584
584 65
340 584
978 584
584 519
758 584
705 584
584 128
490 584
843 584
806 584
744 584
