1000
520 424
520 716
503 520
520 367
520 215
520 863
589 520
520 51
520 749
520 849
520 322
347 520
176 520
902 520
520 550
45 520
156 520
520 354
520 50
426 520
672 520
520 598
633 520
294 520
922 520
266 520
880 520
612 520
765 520
520 889
520 833
823 520
594 520
520 887
520 806
158 520
828 520
520 884
611 520
520 282
399 520
520 241
520 816
520 835
999 520
520 230
707 520
557 520
615 520
291 520
537 520
471 520
273 520
520 145
525 520
520 184
520 767
520 642
520 181
520 70
520 146
520 477
453 520
237 520
520 621
520 114
520 850
743 520
580 520
520 533
520 112
556 520
13 520
520 402
520 223
520 605
882 520
520 624
520 559
520 75
297 520
210 520
520 595
253 520
520 529
520 789
520 579
520 342
520 479
977 520
518 520
584 520
520 597
520 470
520 257
520 404
819 520
352 520
137 520
698 520
499 520
520 860
147 520
167 520
520 296
411 520
520 324
488 520
520 280
520 545
520 376
130 520
270 520
506 520
906 520
239 520
240 520
520 673
520 876
520 372
520 851
958 520
520 451
520 728
351 520
704 520
520 641
787 520
466 520
175 520
520 360
104 520
520 534
520 76
986 520
854 520
520 971
82 520
520 701
520 166
520 654
581 520
383 520
520 142
744 520
520 848
915 520
520 344
586 520
520 738
520 696
832 520
520 780
520 870
555 520
520 667
520 169
520 119
520 413
53 520
258 520
524 520
89 520
520 813
520 396
186 520
520 623
56 520
323 520
520 0
520 90
520 127
520 834
520 532
247 520
631 520
541 520
520 662
943 520
234 520
204 520
520 668
68 520
346 520
4 520
52 520
520 464
520 283
754 520
520 444
170 520
520 911
520 129
520 433
796 520
961 520
520 256
29 520
913 520
990 520
520 313
520 975
520 815
318 520
617 520
979 520
349 520
520 277
520 212
15 520
93 520
666 520
520 725
414 520
394 520
520 993
520 335
790 520
520 489
446 520
141 520
520 954
520 61
202 520
252 520
520 219
874 520
520 108
379 520
520 48
300 520
520 229
520 236
856 520
783 520
520 727
949 520
561 520
388 520
520 566
460 520
59 520
520 386
520 948
520 275
57 520
967 520
494 520
84 520
83 520
732 520
243 520
436 520
885 520
520 391
65 520
520 726
842 520
326 520
271 520
520 692
962 520
520 118
10 520
101 520
900 520
520 527
520 417
435 520
774 520
520 811
520 345
138 520
520 739
81 520
151 520
520 416
520 724
520 131
520 160
520 951
355 520
931 520
91 520
520 648
520 9
520 702
520 496
200 520
520 102
520 199
520 741
520 576
509 520
751 520
779 520
520 596
520 419
340 520
520 472
520 285
520 375
801 520
520 647
363 520
520 143
520 126
520 523
969 520
520 172
996 520
814 520
304 520
520 810
665 520
520 784
520 431
746 520
520 193
19 520
520 982
308 520
520 362
736 520
292 520
20 520
520 263
520 878
520 188
440 520
520 44
520 395
520 839
122 520
520 593
520 47
520 286
452 520
932 520
582 520
619 520
994 520
515 520
148 520
486 520
520 793
520 224
674 520
520 786
520 3
447 520
520 132
520 55
571 520
520 77
106 520
520 233
206 520
111 520
976 520
520 690
520 36
613 520
909 520
520 348
334 520
520 260
535 520
63 520
643 520
520 455
520 747
520 365
520 630
753 520
459 520
520 328
520 178
320 520
269 520
476 520
520 248
610 520
492 520
826 520
520 228
92 520
165 520
520 871
428 520
890 520
634 520
205 520
520 105
374 520
40 520
520 575
520 526
745 520
520 808
520 785
24 520
853 520
540 520
274 520
520 461
80 520
249 520
301 520
846 520
520 480
763 520
317 520
497 520
162 520
520 843
520 655
520 332
520 139
574 520
520 397
25 520
935 520
520 893
510 520
520 14
520 861
520 329
392 520
520 265
520 928
8 520
183 520
989 520
109 520
603 520
905 520
520 467
22 520
520 481
520 866
520 337
520 437
520 671
378 520
520 31
852 520
985 520
520 883
520 254
520 357
520 791
829 520
341 520
520 628
800 520
115 520
415 520
520 984
797 520
520 425
520 28
520 501
520 491
520 560
520 100
652 520
520 264
759 520
520 946
845 520
822 520
970 520
267 520
103 520
520 607
622 520
520 69
868 520
113 520
203 520
398 520
520 140
520 410
714 520
520 773
520 973
520 120
520 719
520 715
608 520
520 947
520 261
543 520
520 546
520 981
520 432
520 683
159 520
520 809
520 644
520 110
66 520
520 41
201 520
520 58
520 938
214 520
520 703
149 520
520 917
259 520
46 520
359 520
520 778
74 520
520 891
520 881
520 968
281 520
520 590
95 520
173 520
255 520
150 520
916 520
650 520
520 180
520 11
520 507
520 209
520 639
430 520
676 520
919 520
213 520
956 520
504 520
520 569
88 520
520 646
520 49
592 520
520 16
777 520
531 520
520 901
327 520
520 177
520 688
520 907
520 319
520 225
520 896
520 695
520 23
520 894
168 520
456 520
520 788
539 520
825 520
124 520
520 226
520 568
37 520
799 520
96 520
520 302
520 198
520 381
520 511
660 520
520 933
699 520
485 520
276 520
812 520
520 723
520 290
520 578
268 520
520 638
520 867
450 520
520 315
72 520
681 520
495 520
927 520
384 520
366 520
691 520
998 520
520 685
520 288
678 520
520 310
512 520
680 520
864 520
912 520
898 520
925 520
520 795
645 520
520 245
824 520
336 520
520 538
520 558
522 520
516 520
918 520
520 942
520 939
530 520
734 520
798 520
520 950
910 520
482 520
244 520
616 520
865 520
520 427
658 520
293 520
570 520
520 583
869 520
520 548
520 792
520 401
577 520
520 190
194 520
144 520
659 520
620 520
153 520
393 520
242 520
520 32
520 232
794 520
520 600
627 520
520 434
520 454
614 520
520 549
520 588
123 520
390 520
520 353
563 520
520 679
134 520
520 154
520 697
626 520
67 520
675 520
520 171
520 542
923 520
520 27
669 520
520 766
771 520
520 463
710 520
520 43
762 520
520 246
520 908
443 520
1 520
520 694
520 708
520 364
520 412
520 964
940 520
520 807
520 862
520 250
211 520
514 520
520 295
713 520
520 700
520 238
520 899
520 284
520 684
520 573
520 221
980 520
490 520
520 587
520 591
640 520
407 520
781 520
520 135
185 520
520 929
520 403
520 157
520 609
520 656
38 520
99 520
978 520
604 520
520 98
817 520
520 730
693 520
520 963
520 483
306 520
520 717
520 572
7 520
520 831
520 782
520 12
520 991
520 356
804 520
520 687
197 520
520 272
520 892
449 520
520 686
520 368
520 517
520 903
520 965
705 520
408 520
196 520
886 520
520 500
520 311
207 520
520 830
520 189
520 474
520 60
382 520
305 520
42 520
520 62
972 520
992 520
73 520
487 520
551 520
859 520
520 475
325 520
97 520
5 520
389 520
520 966
418 520
71 520
709 520
649 520
858 520
879 520
155 520
423 520
959 520
520 750
370 520
520 218
520 125
520 420
520 26
733 520
307 520
520 187
677 520
520 735
836 520
343 520
520 706
520 914
116 520
179 520
519 520
520 312
405 520
299 520
520 585
904 520
469 520
520 764
314 520
520 18
520 544
520 827
520 316
729 520
17 520
279 520
718 520
373 520
520 875
520 756
330 520
520 117
520 400
309 520
663 520
520 844
520 995
385 520
361 520
182 520
520 632
478 520
761 520
629 520
441 520
520 78
818 520
711 520
520 462
748 520
520 521
107 520
231 520
520 802
217 520
740 520
6 520
484 520
21 520
520 752
520 653
520 287
974 520
520 333
520 562
757 520
520 721
174 520
520 2
520 636
520 85
520 920
520 602
601 520
520 39
520 760
520 163
770 520
520 303
34 520
350 520
520 64
520 618
520 552
520 840
33 520
520 554
520 468
520 742
473 520
220 520
926 520
520 371
936 520
406 520
331 520
520 195
87 520
30 520
758 520
429 520
520 567
520 873
661 520
520 775
651 520
502 520
520 208
520 422
520 222
520 369
161 520
289 520
520 837
520 670
520 682
599 520
520 505
520 872
251 520
755 520
960 520
520 380
520 421
722 520
136 520
520 945
409 520
35 520
520 508
520 855
152 520
338 520
520 564
930 520
689 520
776 520
720 520
520 769
86 520
941 520
520 553
520 321
520 227
953 520
897 520
520 803
944 520
192 520
637 520
520 768
520 339
439 520
536 520
520 821
520 121
520 235
520 565
520 262
772 520
457 520
847 520
520 493
520 298
737 520
988 520
805 520
877 520
952 520
547 520
987 520
895 520
520 358
957 520
924 520
520 937
520 841
387 520
520 712
997 520
520 377
520 278
664 520
520 921
520 657
191 520
520 54
520 513
606 520
94 520
520 983
216 520
520 498
820 520
520 128
520 438
731 520
520 458
520 625
888 520
520 635
445 520
520 442
520 448
528 520
79 520
520 838
520 465
934 520
520 133
164 520
857 520
520 955
723 351
351 332
351 798
351 175
612 351
351 487
437 351
351 626
772 351
432 351
351 912
299 351
351 98
351 47
351 900
351 591
351 680
351 391
351 284
266 351
351 827
730 351
303 351
351 795
654 351
878 351
934 351
198 351
351 37
897 351
351 173
351 863
351 271
369 351
351 465
521 351
351 285
102 351
351 787
351 384
351 371
145 351
548 351
958 351
351 492
351 455
351 745
982 351
836 351
351 746
351 118
351 649
351 497
351 474
330 351
351 107
980 351
260 351
70 351
44 351
351 26
778 351
551 351
351 222
351 822
458 351
351 812
351 820
351 379
351 776
115 351
351 983
351 848
351 264
830 351
436 351
714 351
351 462
988 351
351 725
351 698
351 417
135 351
351 310
351 706
340 351
351 913
351 760
351 935
351 93
185 351
76 351
452 351
351 517
351 919
351 580
136 351
598 351
351 550
351 825
764 351
351 235
365 351
351 11
666 351
259 351
546 351
351 653
351 489
122 351
344 351
246 351
351 766
56 351
351 536
351 129
281 351
450 351
324 351
351 774
703 351
351 528
454 351
692 351
351 446
351 543
459 351
351 711
109 351
351 553
74 351
351 92
351 865
351 686
351 363
351 294
950 351
351 280
351 187
351 383
869 351
351 602
351 223
150 351
101 351
351 530
535 351
440 351
351 106
351 759
648 351
351 245
351 272
351 493
721 351
351 418
59 351
351 684
376 351
249 351
351 18
212 351
511 351
351 828
989 351
227 351
351 435
351 691
765 351
314 351
999 351
351 238
351 90
180 351
15 351
700 351
560 351
351 28
652 351
351 473
351 158
351 882
121 351
927 351
447 351
130 351
351 328
351 46
351 73
351 119
414 351
351 930
351 716
351 325
255 351
800 351
351 360
351 416
892 351
63 351
351 752
762 351
770 351
351 556
381 351
351 754
675 351
301 351
16 351
351 523
564 351
48 351
24 351
351 773
351 864
567 351
854 351
41 351
351 785
761 351
351 124
495 351
351 138
618 351
956 351
611 351
792 351
251 351
438 351
460 351
351 104
832 351
818 351
557 351
351 89
351 336
351 663
351 815
977 351
397 351
431 351
670 351
351 178
273 351
351 205
233 351
351 211
351 775
429 351
515 351
500 351
351 65
351 944
351 834
351 315
302 351
351 699
51 351
161 351
351 938
351 589
351 837
351 269
351 206
351 267
351 91
410 351
36 351
13 351
99 351
351 322
234 351
853 351
351 803
835 351
351 965
79 351
351 751
367 351
351 513
351 845
351 54
351 833
351 114
402 351
297 351
351 457
972 351
257 351
678 351
524 351
430 351
954 351
353 351
672 351
319 351
351 448
351 424
715 351
351 757
351 614
351 171
351 872
351 731
345 351
952 351
393 351
351 810
415 351
351 910
351 755
349 351
351 841
874 351
351 382
351 677
351 156
351 717
298 351
351 695
253 351
351 693
491 351
529 351
351 720
216 351
351 80
327 351
364 351
351 250
351 42
351 572
351 582
252 351
351 276
690 351
372 351
351 733
811 351
866 351
351 688
587 351
3 351
968 351
154 351
862 351
682 351
514 351
921 351
739 351
351 239
351 167
351 603
799 351
317 351
132 351
311 351
67 351
221 351
351 358
351 744
351 81
351 34
351 258
201 351
351 645
351 940
627 351
351 354
605 351
351 981
724 351
351 501
14 351
351 768
275 351
549 351
351 763
351 552
39 351
199 351
606 351
351 291
646 351
594 351
346 351
351 923
777 351
351 928
971 351
351 705
351 600
351 886
351 817
351 218
422 351
147 351
469 351
151 351
537 351
386 351
890 351
608 351
351 879
351 779
351 231
588 351
244 351
797 351
425 351
219 351
351 308
607 351
351 220
568 351
351 875
351 475
351 846
906 351
984 351
8 351
351 339
351 873
351 756
351 342
975 351
351 512
880 351
351 816
351 320
351 902
351 555
362 351
351 146
351 488
351 368
351 858
62 351
973 351
75 351
351 32
207 351
351 485
351 899
351 420
312 351
351 522
351 658
351 628
351 576
351 620
351 674
404 351
377 351
718 351
559 351
287 351
351 967
351 840
638 351
668 351
351 844
520 351
351 788
351 769
451 351
351 72
351 780
351 885
351 943
855 351
351 713
351 877
351 807
351 116
894 351
66 351
824 351
268 351
351 35
395 351
351 554
423 351
351 168
155 351
640 351
261 351
593 351
143 351
518 351
351 77
351 162
351 657
351 903
338 351
351 300
685 351
351 948
887 351
351 936
351 539
137 351
351 687
697 351
286 351
351 9
88 351
351 702
931 351
994 351
351 809
351 625
895 351
348 351
351 111
351 343
288 351
351 992
505 351
351 196
351 621
676 351
939 351
976 351
351 313
351 826
484 351
94 351
839 351
838 351
351 915
893 351
351 740
351 796
351 519
351 326
351 590
351 236
351 400
110 351
351 388
351 12
394 351
442 351
2 351
351 581
351 905
4 351
351 922
351 527
226 351
758 351
599 351
545 351
558 351
406 351
351 823
351 538
148 351
351 664
351 914
351 256
131 351
351 916
232 351
351 254
351 951
197 351
461 351
351 195
351 911
0 351
979 351
334 351
426 351
595 351
472 351
351 917
351 750
188 351
351 385
217 351
351 673
351 741
351 374
665 351
970 351
351 296
351 270
351 932
213 351
139 351
55 351
351 486
351 804
351 610
351 392
351 735
203 351
503 351
50 351
708 351
525 351
351 164
924 351
466 351
123 351
209 351
782 351
351 38
351 427
732 351
351 617
127 351
351 370
729 351
351 585
351 112
946 351
351 229
351 408
390 351
351 133
516 351
478 351
351 978
351 609
351 434
351 643
351 160
669 351
351 597
351 889
351 331
960 351
351 696
163 351
357 351
290 351
476 351
351 573
83 351
351 937
190 351
335 351
351 439
351 45
351 352
507 351
351 683
351 509
40 351
351 141
351 790
351 441
181 351
351 847
412 351
228 351
351 829
351 806
351 662
681 351
622 351
808 351
998 351
351 19
351 843
351 578
727 351
351 247
262 351
5 351
351 736
351 771
351 642
498 351
351 704
534 351
813 351
10 351
449 351
278 351
43 351
351 481
947 351
351 97
152 351
802 351
857 351
351 341
636 351
584 351
153 351
351 884
351 64
351 650
351 307
351 719
351 563
248 351
25 351
661 351
569 351
351 398
619 351
403 351
990 351
351 794
351 108
351 531
411 351
351 814
351 204
351 986
351 53
351 95
351 166
351 963
351 329
351 407
918 351
71 351
351 189
351 671
791 351
351 33
712 351
351 306
467 351
351 170
351 142
351 293
351 433
396 351
351 230
323 351
351 929
351 925
540 351
304 351
566 351
351 361
856 351
401 351
351 738
748 351
987 351
351 373
351 634
852 351
184 351
571 351
237 351
214 351
351 945
689 351
351 456
351 859
601 351
351 881
920 351
351 660
289 351
295 351
679 351
464 351
351 279
159 351
351 22
23 351
351 172
468 351
165 351
667 351
909 351
351 742
962 351
351 27
876 351
883 351
351 126
351 904
615 351
351 722
351 174
351 898
351 996
562 351
351 58
351 128
351 144
351 169
351 969
351 482
570 351
871 351
351 793
547 351
933 351
443 351
957 351
351 444
351 103
351 477
351 380
942 351
849 351
656 351
579 351
479 351
351 355
113 351
351 176
215 351
953 351
351 753
613 351
470 351
405 351
351 347
177 351
351 596
955 351
351 105
351 31
351 592
399 351
351 453
604 351
351 321
351 483
351 508
471 351
639 351
860 351
351 274
351 318
186 351
583 351
351 413
84 351
265 351
506 351
351 533
805 351
351 888
351 60
351 526
351 541
387 351
134 351
69 351
29 351
351 125
351 616
192 351
351 819
351 463
224 351
351 997
49 351
351 194
749 351
351 52
707 351
202 351
351 510
350 351
941 351
351 30
842 351
351 117
850 351
351 637
351 743
351 283
351 17
351 316
61 351
644 351
82 351
351 867
263 351
786 351
964 351
351 868
351 193
351 96
292 351
419 351
490 351
351 831
351 908
140 351
351 210
351 901
351 20
351 409
120 351
356 351
781 351
710 351
632 351
351 494
225 351
351 726
351 631
351 421
629 351
87 351
351 445
351 966
351 480
351 85
351 183
949 351
305 351
351 366
647 351
243 351
783 351
351 68
282 351
499 351
351 532
575 351
242 351
351 701
624 351
351 6
870 351
623 351
351 789
351 861
694 351
428 351
959 351
57 351
100 351
182 351
630 351
633 351
641 351
586 351
351 651
655 351
351 737
351 86
309 351
277 351
351 926
240 351
351 375
351 544
351 200
351 767
351 389
241 351
351 191
351 784
728 351
351 78
351 542
561 351
351 504
351 747
351 7
821 351
351 734
333 351
985 351
337 351
351 995
577 351
801 351
351 502
208 351
635 351
574 351
1 351
351 896
351 851
351 659
351 991
351 378
351 359
993 351
907 351
351 496
974 351
351 961
351 21
351 157
351 709
891 351
179 351
351 565
149 351
