998
999 520 999 351
998 520 998 351
997 520 997 351
996 520 996 351
995 520 995 351
994 520 994 351
993 520 993 351
992 520 992 351
991 520 991 351
990 520 990 351
989 520 989 351
988 520 988 351
987 520 987 351
986 520 986 351
985 520 985 351
984 520 984 351
983 520 983 351
982 520 982 351
981 520 981 351
980 520 980 351
979 520 979 351
978 520 978 351
977 520 977 351
976 520 976 351
975 520 975 351
974 520 974 351
973 520 973 351
972 520 972 351
971 520 971 351
970 520 970 351
969 520 969 351
968 520 968 351
967 520 967 351
966 520 966 351
965 520 965 351
964 520 964 351
963 520 963 351
962 520 962 351
961 520 961 351
960 520 960 351
959 520 959 351
958 520 958 351
957 520 957 351
956 520 956 351
955 520 955 351
954 520 954 351
953 520 953 351
952 520 952 351
951 520 951 351
950 520 950 351
949 520 949 351
948 520 948 351
947 520 947 351
946 520 946 351
945 520 945 351
944 520 944 351
943 520 943 351
942 520 942 351
941 520 941 351
940 520 940 351
939 520 939 351
938 520 938 351
937 520 937 351
936 520 936 351
935 520 935 351
934 520 934 351
933 520 933 351
932 520 932 351
931 520 931 351
930 520 930 351
929 520 929 351
928 520 928 351
927 520 927 351
926 520 926 351
925 520 925 351
924 520 924 351
923 520 923 351
922 520 922 351
921 520 921 351
920 520 920 351
919 520 919 351
918 520 918 351
917 520 917 351
916 520 916 351
915 520 915 351
914 520 914 351
913 520 913 351
912 520 912 351
911 520 911 351
910 520 910 351
909 520 909 351
908 520 908 351
907 520 907 351
906 520 906 351
905 520 905 351
904 520 904 351
903 520 903 351
902 520 902 351
901 520 901 351
900 520 900 351
899 520 899 351
898 520 898 351
897 520 897 351
896 520 896 351
895 520 895 351
894 520 894 351
893 520 893 351
892 520 892 351
891 520 891 351
890 520 890 351
889 520 889 351
888 520 888 351
887 520 887 351
886 520 886 351
885 520 885 351
884 520 884 351
883 520 883 351
882 520 882 351
881 520 881 351
880 520 880 351
879 520 879 351
878 520 878 351
877 520 877 351
876 520 876 351
875 520 875 351
874 520 874 351
873 520 873 351
872 520 872 351
871 520 871 351
870 520 870 351
869 520 869 351
868 520 868 351
867 520 867 351
866 520 866 351
865 520 865 351
864 520 864 351
863 520 863 351
862 520 862 351
861 520 861 351
860 520 860 351
859 520 859 351
858 520 858 351
857 520 857 351
856 520 856 351
855 520 855 351
854 520 854 351
853 520 853 351
852 520 852 351
851 520 851 351
850 520 850 351
849 520 849 351
848 520 848 351
847 520 847 351
846 520 846 351
845 520 845 351
844 520 844 351
843 520 843 351
842 520 842 351
841 520 841 351
840 520 840 351
839 520 839 351
838 520 838 351
837 520 837 351
836 520 836 351
835 520 835 351
834 520 834 351
833 520 833 351
832 520 832 351
831 520 831 351
830 520 830 351
829 520 829 351
828 520 828 351
827 520 827 351
826 520 826 351
825 520 825 351
824 520 824 351
823 520 823 351
822 520 822 351
821 520 821 351
820 520 820 351
819 520 819 351
818 520 818 351
817 520 817 351
816 520 816 351
815 520 815 351
814 520 814 351
813 520 813 351
812 520 812 351
811 520 811 351
810 520 810 351
809 520 809 351
808 520 808 351
807 520 807 351
806 520 806 351
805 520 805 351
804 520 804 351
803 520 803 351
802 520 802 351
801 520 801 351
800 520 800 351
799 520 799 351
798 520 798 351
797 520 797 351
796 520 796 351
795 520 795 351
794 520 794 351
793 520 793 351
792 520 792 351
791 520 791 351
790 520 790 351
789 520 789 351
788 520 788 351
787 520 787 351
786 520 786 351
785 520 785 351
784 520 784 351
783 520 783 351
782 520 782 351
781 520 781 351
780 520 780 351
779 520 779 351
778 520 778 351
777 520 777 351
776 520 776 351
775 520 775 351
774 520 774 351
773 520 773 351
772 520 772 351
771 520 771 351
770 520 770 351
769 520 769 351
768 520 768 351
767 520 767 351
766 520 766 351
765 520 765 351
764 520 764 351
763 520 763 351
762 520 762 351
761 520 761 351
760 520 760 351
759 520 759 351
758 520 758 351
757 520 757 351
756 520 756 351
755 520 755 351
754 520 754 351
753 520 753 351
752 520 752 351
751 520 751 351
750 520 750 351
749 520 749 351
748 520 748 351
747 520 747 351
746 520 746 351
745 520 745 351
744 520 744 351
743 520 743 351
742 520 742 351
741 520 741 351
740 520 740 351
739 520 739 351
738 520 738 351
737 520 737 351
736 520 736 351
735 520 735 351
734 520 734 351
733 520 733 351
732 520 732 351
731 520 731 351
730 520 730 351
729 520 729 351
728 520 728 351
727 520 727 351
726 520 726 351
725 520 725 351
724 520 724 351
723 520 723 351
722 520 722 351
721 520 721 351
720 520 720 351
719 520 719 351
718 520 718 351
717 520 717 351
716 520 716 351
715 520 715 351
714 520 714 351
713 520 713 351
712 520 712 351
711 520 711 351
710 520 710 351
709 520 709 351
708 520 708 351
707 520 707 351
706 520 706 351
705 520 705 351
704 520 704 351
703 520 703 351
702 520 702 351
701 520 701 351
700 520 700 351
699 520 699 351
698 520 698 351
697 520 697 351
696 520 696 351
695 520 695 351
694 520 694 351
693 520 693 351
692 520 692 351
691 520 691 351
690 520 690 351
689 520 689 351
688 520 688 351
687 520 687 351
686 520 686 351
685 520 685 351
684 520 684 351
683 520 683 351
682 520 682 351
681 520 681 351
680 520 680 351
679 520 679 351
678 520 678 351
677 520 677 351
676 520 676 351
675 520 675 351
674 520 674 351
673 520 673 351
672 520 672 351
671 520 671 351
670 520 670 351
669 520 669 351
668 520 668 351
667 520 667 351
666 520 666 351
665 520 665 351
664 520 664 351
663 520 663 351
662 520 662 351
661 520 661 351
660 520 660 351
659 520 659 351
658 520 658 351
657 520 657 351
656 520 656 351
655 520 655 351
654 520 654 351
653 520 653 351
652 520 652 351
651 520 651 351
650 520 650 351
649 520 649 351
648 520 648 351
647 520 647 351
646 520 646 351
645 520 645 351
644 520 644 351
643 520 643 351
642 520 642 351
641 520 641 351
640 520 640 351
639 520 639 351
638 520 638 351
637 520 637 351
636 520 636 351
635 520 635 351
634 520 634 351
633 520 633 351
632 520 632 351
631 520 631 351
630 520 630 351
629 520 629 351
628 520 628 351
627 520 627 351
626 520 626 351
625 520 625 351
624 520 624 351
623 520 623 351
622 520 622 351
621 520 621 351
620 520 620 351
619 520 619 351
618 520 618 351
617 520 617 351
616 520 616 351
615 520 615 351
614 520 614 351
613 520 613 351
612 520 612 351
611 520 611 351
610 520 610 351
609 520 609 351
608 520 608 351
607 520 607 351
606 520 606 351
605 520 605 351
604 520 604 351
603 520 603 351
602 520 602 351
601 520 601 351
600 520 600 351
599 520 599 351
598 520 598 351
597 520 597 351
596 520 596 351
595 520 595 351
594 520 594 351
593 520 593 351
592 520 592 351
591 520 591 351
590 520 590 351
589 520 589 351
588 520 588 351
587 520 587 351
586 520 586 351
585 520 585 351
584 520 584 351
583 520 583 351
582 520 582 351
581 520 581 351
580 520 580 351
579 520 579 351
578 520 578 351
577 520 577 351
576 520 576 351
575 520 575 351
574 520 574 351
573 520 573 351
572 520 572 351
571 520 571 351
570 520 570 351
569 520 569 351
568 520 568 351
567 520 567 351
566 520 566 351
565 520 565 351
564 520 564 351
563 520 563 351
562 520 562 351
561 520 561 351
560 520 560 351
559 520 559 351
558 520 558 351
557 520 557 351
556 520 556 351
555 520 555 351
554 520 554 351
553 520 553 351
552 520 552 351
551 520 551 351
550 520 550 351
549 520 549 351
548 520 548 351
547 520 547 351
546 520 546 351
545 520 545 351
544 520 544 351
543 520 543 351
542 520 542 351
541 520 541 351
540 520 540 351
539 520 539 351
538 520 538 351
537 520 537 351
536 520 536 351
535 520 535 351
534 520 534 351
533 520 533 351
532 520 532 351
531 520 531 351
530 520 530 351
529 520 529 351
528 520 528 351
527 520 527 351
526 520 526 351
525 520 525 351
524 520 524 351
523 520 523 351
522 520 522 351
521 520 521 351
519 520 519 351
518 520 518 351
517 520 517 351
516 520 516 351
515 520 515 351
514 520 514 351
513 520 513 351
512 520 512 351
511 520 511 351
510 520 510 351
509 520 509 351
508 520 508 351
507 520 507 351
506 520 506 351
505 520 505 351
504 520 504 351
503 520 503 351
502 520 502 351
501 520 501 351
500 520 500 351
499 520 499 351
498 520 498 351
497 520 497 351
496 520 496 351
495 520 495 351
494 520 494 351
493 520 493 351
492 520 492 351
491 520 491 351
490 520 490 351
489 520 489 351
488 520 488 351
487 520 487 351
486 520 486 351
485 520 485 351
484 520 484 351
483 520 483 351
482 520 482 351
481 520 481 351
480 520 480 351
479 520 479 351
478 520 478 351
477 520 477 351
476 520 476 351
475 520 475 351
474 520 474 351
473 520 473 351
472 520 472 351
471 520 471 351
470 520 470 351
469 520 469 351
468 520 468 351
467 520 467 351
466 520 466 351
465 520 465 351
464 520 464 351
463 520 463 351
462 520 462 351
461 520 461 351
460 520 460 351
459 520 459 351
458 520 458 351
457 520 457 351
456 520 456 351
455 520 455 351
454 520 454 351
453 520 453 351
452 520 452 351
451 520 451 351
450 520 450 351
449 520 449 351
448 520 448 351
447 520 447 351
446 520 446 351
445 520 445 351
444 520 444 351
443 520 443 351
442 520 442 351
441 520 441 351
440 520 440 351
439 520 439 351
438 520 438 351
437 520 437 351
436 520 436 351
435 520 435 351
434 520 434 351
433 520 433 351
432 520 432 351
431 520 431 351
430 520 430 351
429 520 429 351
428 520 428 351
427 520 427 351
426 520 426 351
425 520 425 351
424 520 424 351
423 520 423 351
422 520 422 351
421 520 421 351
420 520 420 351
419 520 419 351
418 520 418 351
417 520 417 351
416 520 416 351
415 520 415 351
414 520 414 351
413 520 413 351
412 520 412 351
411 520 411 351
410 520 410 351
409 520 409 351
408 520 408 351
407 520 407 351
406 520 406 351
405 520 405 351
404 520 404 351
403 520 403 351
402 520 402 351
401 520 401 351
400 520 400 351
399 520 399 351
398 520 398 351
397 520 397 351
396 520 396 351
395 520 395 351
394 520 394 351
393 520 393 351
392 520 392 351
391 520 391 351
390 520 390 351
389 520 389 351
388 520 388 351
387 520 387 351
386 520 386 351
385 520 385 351
384 520 384 351
383 520 383 351
382 520 382 351
381 520 381 351
380 520 380 351
379 520 379 351
378 520 378 351
377 520 377 351
376 520 376 351
375 520 375 351
374 520 374 351
373 520 373 351
372 520 372 351
371 520 371 351
370 520 370 351
369 520 369 351
368 520 368 351
367 520 367 351
366 520 366 351
365 520 365 351
364 520 364 351
363 520 363 351
362 520 362 351
361 520 361 351
360 520 360 351
359 520 359 351
358 520 358 351
357 520 357 351
356 520 356 351
355 520 355 351
354 520 354 351
353 520 353 351
352 520 352 351
350 520 350 351
349 520 349 351
348 520 348 351
347 520 347 351
346 520 346 351
345 520 345 351
344 520 344 351
343 520 343 351
342 520 342 351
341 520 341 351
340 520 340 351
339 520 339 351
338 520 338 351
337 520 337 351
336 520 336 351
335 520 335 351
334 520 334 351
333 520 333 351
332 520 332 351
331 520 331 351
330 520 330 351
329 520 329 351
328 520 328 351
327 520 327 351
326 520 326 351
325 520 325 351
324 520 324 351
323 520 323 351
322 520 322 351
321 520 321 351
320 520 320 351
319 520 319 351
318 520 318 351
317 520 317 351
316 520 316 351
315 520 315 351
314 520 314 351
313 520 313 351
312 520 312 351
311 520 311 351
310 520 310 351
309 520 309 351
308 520 308 351
307 520 307 351
306 520 306 351
305 520 305 351
304 520 304 351
303 520 303 351
302 520 302 351
301 520 301 351
300 520 300 351
299 520 299 351
298 520 298 351
297 520 297 351
296 520 296 351
295 520 295 351
294 520 294 351
293 520 293 351
292 520 292 351
291 520 291 351
290 520 290 351
289 520 289 351
288 520 288 351
287 520 287 351
286 520 286 351
285 520 285 351
284 520 284 351
283 520 283 351
282 520 282 351
281 520 281 351
280 520 280 351
279 520 279 351
278 520 278 351
277 520 277 351
276 520 276 351
275 520 275 351
274 520 274 351
273 520 273 351
272 520 272 351
271 520 271 351
270 520 270 351
269 520 269 351
268 520 268 351
267 520 267 351
266 520 266 351
265 520 265 351
264 520 264 351
263 520 263 351
262 520 262 351
261 520 261 351
260 520 260 351
259 520 259 351
258 520 258 351
257 520 257 351
256 520 256 351
255 520 255 351
254 520 254 351
253 520 253 351
252 520 252 351
251 520 251 351
250 520 250 351
249 520 249 351
248 520 248 351
247 520 247 351
246 520 246 351
245 520 245 351
244 520 244 351
243 520 243 351
242 520 242 351
241 520 241 351
240 520 240 351
239 520 239 351
238 520 238 351
237 520 237 351
236 520 236 351
235 520 235 351
234 520 234 351
233 520 233 351
232 520 232 351
231 520 231 351
230 520 230 351
229 520 229 351
228 520 228 351
227 520 227 351
226 520 226 351
225 520 225 351
224 520 224 351
223 520 223 351
222 520 222 351
221 520 221 351
220 520 220 351
219 520 219 351
218 520 218 351
217 520 217 351
216 520 216 351
215 520 215 351
214 520 214 351
213 520 213 351
212 520 212 351
211 520 211 351
210 520 210 351
209 520 209 351
208 520 208 351
207 520 207 351
206 520 206 351
205 520 205 351
204 520 204 351
203 520 203 351
202 520 202 351
201 520 201 351
200 520 200 351
199 520 199 351
198 520 198 351
197 520 197 351
196 520 196 351
195 520 195 351
194 520 194 351
193 520 193 351
192 520 192 351
191 520 191 351
190 520 190 351
189 520 189 351
188 520 188 351
187 520 187 351
186 520 186 351
185 520 185 351
184 520 184 351
183 520 183 351
182 520 182 351
181 520 181 351
180 520 180 351
179 520 179 351
178 520 178 351
177 520 177 351
176 520 176 351
175 520 175 351
174 520 174 351
173 520 173 351
172 520 172 351
171 520 171 351
170 520 170 351
169 520 169 351
168 520 168 351
167 520 167 351
166 520 166 351
165 520 165 351
164 520 164 351
163 520 163 351
162 520 162 351
161 520 161 351
160 520 160 351
159 520 159 351
158 520 158 351
157 520 157 351
156 520 156 351
155 520 155 351
154 520 154 351
153 520 153 351
152 520 152 351
151 520 151 351
150 520 150 351
149 520 149 351
148 520 148 351
147 520 147 351
146 520 146 351
145 520 145 351
144 520 144 351
143 520 143 351
142 520 142 351
141 520 141 351
140 520 140 351
139 520 139 351
138 520 138 351
137 520 137 351
136 520 136 351
135 520 135 351
134 520 134 351
133 520 133 351
132 520 132 351
131 520 131 351
130 520 130 351
129 520 129 351
128 520 128 351
127 520 127 351
126 520 126 351
125 520 125 351
124 520 124 351
123 520 123 351
122 520 122 351
121 520 121 351
120 520 120 351
119 520 119 351
118 520 118 351
117 520 117 351
116 520 116 351
115 520 115 351
114 520 114 351
113 520 113 351
112 520 112 351
111 520 111 351
110 520 110 351
109 520 109 351
108 520 108 351
107 520 107 351
106 520 106 351
105 520 105 351
104 520 104 351
103 520 103 351
102 520 102 351
101 520 101 351
100 520 100 351
99 520 99 351
98 520 98 351
97 520 97 351
96 520 96 351
95 520 95 351
94 520 94 351
93 520 93 351
92 520 92 351
91 520 91 351
90 520 90 351
89 520 89 351
88 520 88 351
87 520 87 351
86 520 86 351
85 520 85 351
84 520 84 351
83 520 83 351
82 520 82 351
81 520 81 351
80 520 80 351
79 520 79 351
78 520 78 351
77 520 77 351
76 520 76 351
75 520 75 351
74 520 74 351
73 520 73 351
72 520 72 351
71 520 71 351
70 520 70 351
69 520 69 351
68 520 68 351
67 520 67 351
66 520 66 351
65 520 65 351
64 520 64 351
63 520 63 351
62 520 62 351
61 520 61 351
60 520 60 351
59 520 59 351
58 520 58 351
57 520 57 351
56 520 56 351
55 520 55 351
54 520 54 351
53 520 53 351
52 520 52 351
51 520 51 351
50 520 50 351
49 520 49 351
48 520 48 351
47 520 47 351
46 520 46 351
45 520 45 351
44 520 44 351
43 520 43 351
42 520 42 351
41 520 41 351
40 520 40 351
39 520 39 351
38 520 38 351
37 520 37 351
36 520 36 351
35 520 35 351
34 520 34 351
33 520 33 351
32 520 32 351
31 520 31 351
30 520 30 351
29 520 29 351
28 520 28 351
27 520 27 351
26 520 26 351
25 520 25 351
24 520 24 351
23 520 23 351
22 520 22 351
21 520 21 351
20 520 20 351
19 520 19 351
18 520 18 351
17 520 17 351
16 520 16 351
15 520 15 351
14 520 14 351
13 520 13 351
12 520 12 351
11 520 11 351
10 520 10 351
9 520 9 351
8 520 8 351
7 520 7 351
6 520 6 351
5 520 5 351
4 520 4 351
3 520 3 351
2 520 2 351
1 520 1 351
520 0 351 0
