997
999 478 999 768
997 792 997 409
994 775 994 916
775 499 775 666
499 758 499 732
993 982 993 258
990 854 990 548
988 454 988 202
987 381 987 765
986 857 986 907
985 385 985 741
984 250 984 680
250 832 250 822
981 510 981 449
510 677 510 757
677 357 677 920
357 277 357 972
980 810 980 417
977 118 977 773
973 13 973 612
13 667 13 852
971 934 971 200
969 587 969 635
968 956 968 918
966 518 966 644
964 616 964 523
616 494 616 908
961 437 961 708
437 358 437 102
960 746 960 668
746 242 746 713
242 294 242 813
954 978 954 721
952 919 952 21
951 912 951 429
948 39 948 703
947 3 947 701
3 292 3 536
292 523 292 404
946 494 946 343
945 197 945 635
944 161 944 591
943 102 943 679
102 191 102 820
938 827 938 967
827 586 827 386
935 294 935 995
933 816 933 897
932 788 932 477
931 522 931 753
930 764 930 815
929 77 929 963
925 134 925 416
918 41 918 929
917 540 917 941
540 371 540 553
915 978 915 551
911 628 911 709
910 844 910 316
844 123 844 656
909 803 909 855
803 657 803 699
908 277 908 711
907 8 907 927
905 683 905 949
683 427 683 187
427 965 427 912
903 100 903 914
902 156 902 546
900 649 900 729
892 401 892 994
891 507 891 668
507 487 507 744
889 425 889 494
425 922 425 301
888 857 888 367
857 254 857 208
254 105 254 835
886 300 886 530
300 870 300 786
885 897 885 423
884 880 884 661
883 814 883 660
814 133 814 562
133 350 133 234
879 956 879 781
956 18 956 974
877 65 877 285
65 555 65 990
876 198 876 376
198 73 198 973
874 438 874 657
873 949 873 608
949 158 949 197
872 4 872 448
4 107 4 937
868 382 868 280
382 93 382 634
867 838 867 928
865 953 865 506
953 240 953 317
864 373 864 832
863 124 863 330
861 379 861 716
859 758 859 424
856 559 856 212
559 158 559 550
158 105 158 602
855 472 855 1
853 232 853 467
852 282 852 399
850 989 850 163
849 311 849 656
848 614 848 486
614 171 614 473
847 57 847 760
57 897 57 779
840 805 840 324
805 783 805 505
839 623 839 771
836 543 836 467
830 950 830 919
828 203 828 196
826 293 826 615
825 807 825 705
824 531 824 428
531 657 531 642
823 767 823 357
821 299 821 93
299 659 299 660
818 247 818 595
813 657 813 113
811 514 811 478
809 831 809 743
808 468 808 723
806 604 806 914
604 530 604 695
801 523 801 288
523 326 523 731
800 123 800 593
799 975 799 789
975 532 975 870
798 621 798 979
795 575 795 411
793 348 793 798
348 698 348 970
791 454 791 724
454 335 454 466
790 657 790 45
657 819 657 395
819 695 819 940
787 377 787 151
786 530 786 56
785 318 785 934
318 253 318 810
253 413 253 416
782 197 782 771
781 972 781 693
972 601 823 89
780 408 780 640
778 694 778 255
776 326 776 189
774 219 774 882
219 6 219 841
773 328 773 754
771 6 782 532
770 958 770 244
958 276 958 603
276 779 276 747
769 906 769 621
765 858 765 880
763 617 763 360
617 554 617 417
554 692 554 516
762 851 762 422
851 244 851 594
244 552 244 105
760 817 760 628
817 707 817 841
757 741 757 28
754 669 754 19
752 310 752 302
751 239 751 542
750 36 750 477
36 837 36 793
837 103 837 733
749 322 749 887
745 240 745 812
743 453 743 881
742 881 742 356
881 170 881 749
740 906 740 176
738 578 738 577
578 78 578 642
735 572 735 774
731 854 731 355
854 663 854 963
730 890 730 369
729 450 729 430
727 983 727 909
725 373 725 494
373 939 373 444
724 555 724 498
555 514 555 307
723 664 723 38
720 970 720 538
718 160 718 464
717 31 717 906
715 610 715 207
610 698 610 275
714 453 714 686
453 329 453 625
713 521 713 483
711 12 711 957
710 635 710 458
635 794 945 379
794 812 794 739
812 34 812 613
709 257 709 91
708 105 708 552
705 477 705 111
703 802 703 653
700 662 700 924
699 345 699 39
345 912 345 833
696 756 696 75
693 756 693 558
691 354 691 424
354 58 354 827
58 343 58 133
690 860 690 232
689 114 689 496
114 976 114 247
976 183 976 588
183 530 183 505
688 748 688 681
687 430 687 543
686 385 686 570
385 572 385 127
685 53 685 921
53 377 53 801
680 564 680 611
679 233 679 646
233 845 233 688
845 649 845 917
675 887 675 43
674 275 674 287
275 197 275 373
197 209 197 480
672 229 672 955
670 896 670 399
896 755 896 251
665 328 665 522
661 592 661 482
592 655 592 892
660 407 299 229
656 128 849 574
128 697 128 47
697 206 697 575
206 51 206 877
653 205 653 73
205 832 205 554
652 234 652 387
650 257 650 415
648 733 648 846
647 78 647 977
78 560 78 920
560 552 560 944
646 166 646 55
166 789 166 539
789 161 789 897
643 734 643 860
734 632 734 339
641 77 641 570
77 618 77 946
639 645 639 144
637 377 637 463
631 45 631 913
627 172 627 236
172 115 172 403
625 16 625 936
16 916 16 186
624 73 624 587
622 978 622 592
620 788 620 326
619 93 619 623
613 644 613 937
644 234 644 315
234 955 58 25
612 232 198 689
232 978 232 537
611 668 611 462
668 651 891 343
607 797 607 254
605 572 605 442
603 545 603 783
599 491 599 546
491 890 491 630
598 926 598 136
597 669 597 265
594 399 594 333
593 841 593 671
841 380 817 344
591 539 560 508
539 150 539 978
588 147 588 318
147 434 147 524
585 340 585 654
583 820 583 465
820 93 820 719
581 530 581 306
579 347 579 209
347 923 347 595
576 766 576 758
766 965 766 331
965 387 965 748
574 482 574 146
482 108 482 296
108 66 108 672
571 733 571 960
569 265 569 802
568 741 568 528
741 316 741 942
316 315 316 307
315 556 315 810
556 623 556 744
623 678 623 714
567 237 567 327
566 894 566 919
894 468 894 488
565 758 565 596
758 257 758 694
562 290 562 310
561 547 561 728
547 998 547 756
998 671 998 305
558 150 558 528
557 924 557 293
924 912 924 421
553 519 553 701
551 728 551 100
728 377 728 912
377 237 377 645
550 634 550 262
549 777 549 883
777 451 777 602
451 367 451 797
548 822 65 42
546 209 599 115
544 350 544 903
350 838 350 470
542 919 542 519
919 767 566 83
541 788 541 410
537 755 537 556
755 963 755 545
536 906 536 82
535 475 535 466
475 85 475 843
85 118 85 525
529 161 529 374
161 295 161 890
526 239 526 167
239 293 239 983
293 792 293 933
525 898 525 321
524 963 524 146
963 335 854 5
520 370 520 618
516 17 205 446
17 916 17 776
513 208 513 532
512 337 512 363
337 115 337 898
115 726 115 32
509 49 509 478
504 897 504 829
503 957 503 651
957 123 957 676
502 444 502 294
501 739 501 979
739 822 739 227
822 651 822 279
500 517 500 638
517 10 517 748
10 408 10 926
498 573 498 201
573 295 573 578
497 838 497 976
838 66 838 666
493 860 493 845
860 295 860 289
295 701 295 83
492 395 492 663
490 682 490 866
489 426 489 511
488 70 488 616
486 842 486 362
484 939 484 345
483 906 483 278
906 310 906 586
481 736 481 913
736 450 736 188
450 162 450 694
480 959 480 412
959 712 959 269
712 476 873 452
473 897 473 271
471 311 471 265
470 514 470 445
514 358 514 926
467 584 836 338
466 673 535 461
673 862 673 248
862 402 862 332
402 469 402 756
465 265 465 784
265 600 471 121
464 401 464 98
463 343 463 521
343 144 571 187
462 904 462 626
904 596 904 514
461 704 461 759
460 802 460 838
459 226 459 844
458 422 458 132
422 532 422 245
532 378 513 311
449 835 449 816
835 409 607 211
409 45 409 132
446 642 446 328
443 642 443 63
442 123 442 282
123 407 123 685
441 955 441 678
955 328 108 221
439 272 439 193
272 843 272 968
843 914 843 797
436 71 436 323
71 695 71 764
433 227 433 469
227 229 227 954
229 671 549 281
432 866 432 174
866 834 866 506
429 666 429 123
424 73 691 159
73 494 73 15
423 2 423 288
2 682 2 696
420 162 420 572
419 895 419 995
417 387 617 209
416 351 253 312
351 93 351 961
415 326 415 637
414 663 414 788
412 407 412 629
405 72 405 939
72 35 72 874
403 362 403 76
400 589 400 796
589 600 589 518
600 310 600 898
397 63 397 647
63 322 63 857
396 941 396 575
394 887 394 999
393 759 393 434
759 642 759 626
392 217 392 779
391 970 391 872
390 268 390 832
389 93 389 622
388 783 388 561
386 19 354 738
19 103 397 247
384 358 384 569
358 978 358 803
383 105 383 334
105 479 105 189
376 621 376 14
375 979 375 784
372 527 372 915
527 580 527 858
369 189 369 9
189 634 17 323
368 722 368 792
722 66 722 726
66 247 66 654
366 49 366 871
365 335 365 818
361 563 361 565
563 702 563 257
702 217 702 548
360 457 360 869
457 444 457 928
444 618 444 835
359 1 359 698
356 719 356 69
719 203 719 707
352 834 352 737
834 655 834 707
349 538 349 777
538 144 538 381
144 875 144 788
346 381 346 962
381 21 381 68
21 941 21 180
344 761 344 382
341 41 341 804
41 6 41 203
6 430 6 555
339 899 339 819
899 37 899 472
338 636 338 975
636 633 636 621
336 100 336 530
334 796 334 886
796 761 796 335
333 116 333 725
116 515 116 842
332 156 332 895
156 406 156 978
406 273 406 353
273 203 273 922
331 430 331 492
330 533 330 970
327 506 327 885
506 329 865 306
325 302 325 476
302 664 302 947
664 478 664 662
324 438 324 419
438 515 438 932
321 448 321 989
448 939 391 50
939 452 939 474
320 171 320 972
317 950 317 40
950 455 950 783
313 871 313 148
871 111 871 101
111 519 111 969
519 747 519 576
747 511 747 34
312 456 312 911
456 201 456 377
309 8 309 426
8 335 8 721
335 732 335 965
732 104 732 414
308 171 308 953
307 545 6 172
305 748 305 185
748 676 517 217
676 634 894 62
303 534 303 518
534 618 534 815
301 645 301 427
645 217 456 124
298 807 298 425
807 663 807 374
297 632 297 262
296 340 296 103
340 640 340 435
291 942 291 581
289 996 289 669
996 476 996 842
476 271 476 56
288 756 567 165
756 70 402 751
70 203 70 171
287 12 287 587
286 928 286 652
284 667 284 183
283 445 283 395
445 726 445 938
281 543 281 923
280 80 280 863
80 212 80 837
212 474 212 455
279 217 279 935
278 970 278 633
970 802 868 173
274 901 274 900
901 783 901 267
270 100 270 434
100 815 372 384
269 982 269 378
264 247 264 610
247 51 114 152
263 878 263 359
878 95 878 485
95 203 95 772
203 733 203 966
262 410 297 251
410 784 410 35
261 768 261 706
768 816 394 191
260 587 260 941
259 533 259 165
533 160 533 927
258 401 258 682
401 138 401 309
138 162 138 958
256 638 256 604
638 323 638 104
252 615 252 676
615 815 615 7
251 294 896 157
249 477 249 448
477 895 438 746
248 380 248 893
380 916 380 687
246 39 246 967
39 217 358 659
245 858 245 66
243 18 243 584
18 912 18 950
241 326 241 785
238 374 238 910
374 428 807 236
428 421 428 398
231 124 231 861
124 322 124 390
322 792 322 186
230 51 230 998
228 704 228 734
704 882 704 989
225 235 225 619
235 941 235 366
224 304 224 684
304 496 304 648
496 167 496 441
167 651 167 365
223 609 223 325
609 875 609 586
875 733 875 217
222 468 222 962
468 716 468 601
716 271 231 847
221 267 221 266
267 478 267 214
220 582 220 658
582 1 582 137
218 310 218 220
214 285 214 745
285 362 206 475
362 268 362 78
268 941 268 677
941 271 260 364
211 485 264 122
210 684 210 862
684 654 684 107
654 602 585 39
602 160 349 67
207 926 207 916
926 215 904 43
215 326 215 563
202 371 202 285
371 912 371 718
200 528 200 568
199 487 199 509
487 682 487 388
682 134 682 191
134 890 134 761
196 90 196 103
90 150 90 824
150 387 150 715
387 586 286 273
194 173 194 564
173 79 173 988
193 570 193 727
570 655 225 77
192 213 192 992
213 311 213 808
188 170 188 522
187 651 683 140
651 217 651 175
186 413 322 109
413 118 413 584
118 936 118 238
936 694 936 222
185 937 230 491
184 816 184 730
182 237 182 736
181 706 181 880
180 190 180 277
179 887 179 834
887 171 887 190
178 399 178 605
399 802 670 64
177 12 177 664
12 831 12 802
176 842 176 628
175 922 175 826
922 191 922 831
191 1 993 91
1 478 439 92
174 815 174 131
815 658 534 88
169 329 169 487
329 495 329 720
495 171 495 479
171 764 171 959
216 367 216 389
367 658 367 964
658 479 218 72
165 408 259 150
408 678 408 580
678 694 678 658
694 733 547 243
733 893 80 313
164 979 164 985
979 478 501 669
163 572 163 314
159 190 159 418
190 920 190 250
920 923 268 502
923 75 923 130
75 266 2 413
266 515 266 387
157 426 157 400
154 880 154 649
880 833 181 755
833 701 484 4
701 170 752 170
153 364 153 640
364 671 364 829
152 912 152 120
151 846 151 62
846 737 304 573
149 927 149 828
927 596 533 455
596 804 361 0
804 934 804 119
934 430 241 767
430 170 274 95
148 328 148 850
146 858 459 211
858 666 858 30
666 505 460 94
505 407 284 160
145 671 145 992
143 294 143 982
294 31 294 386
31 831 31 352
831 271 955 34
142 24 142 984
24 141 24 971
140 434 140 237
139 587 139 856
137 962 137 406
962 707 346 31
707 79 179 589
79 584 79 737
584 912 75 36
912 314 169 341
314 586 314 825
586 170 609 329
136 204 136 775
204 792 204 763
135 282 135 606
282 982 178 529
982 989 982 869
989 983 704 516
983 698 983 895
132 788 997 141
788 209 499 129
131 779 131 655
779 93 392 433
93 370 93 122
129 277 129 582
127 753 127 692
753 940 753 515
940 587 228 96
126 629 126 890
629 226 629 130
125 667 125 878
667 379 667 320
122 236 821 18
119 706 119 61
706 518 706 440
518 618 303 474
618 103 618 867
103 916 149 515
916 407 53 579
407 530 407 905
117 895 117 769
895 764 239 420
113 355 113 780
355 552 888 110
552 870 351 712
870 671 870 772
112 521 112 839
521 474 650 234
474 49 405 580
110 469 110 643
469 842 469 97
109 580 109 884
580 914 408 543
914 162 544 692
162 633 162 665
106 20 106 901
20 995 20 974
995 508 809 511
508 411 508 246
411 692 411 3
101 511 235 9
99 47 99 591
47 208 47 336
208 160 208 761
160 842 160 468
842 606 996 733
606 737 606 636
98 155 371 451
155 633 155 799
633 832 750 90
832 893 864 663
97 991 97 263
991 898 991 893
898 434 600 49
434 692 270 69
692 726 385 101
94 277 598 84
277 792 277 342
92 744 92 956
744 398 507 596
398 721 398 702
721 74 8 710
74 104 74 840
91 435 925 61
435 601 435 698
601 632 601 271
89 792 667 311
87 25 87 853
25 323 25 792
323 572 436 67
572 378 572 545
86 49 86 437
49 37 49 833
37 404 37 814
404 328 404 614
328 893 328 355
893 511 991 655
84 363 84 902
82 120 795 143
120 810 120 503
810 802 41 128
81 306 81 673
306 271 291 350
76 642 118 126
642 649 846 35
649 511 649 125
69 543 742 337
543 767 86 396
68 595 717 631
595 290 526 40
290 240 290 889
240 669 240 48
669 671 85 319
671 104 671 27
67 96 158 166
96 326 96 851
326 621 326 201
621 632 135 32
632 170 632 940
64 479 64 195
479 494 479 54
62 472 787 52
472 310 472 68
61 992 298 10
992 577 145 481
577 640 577 831
640 784 153 182
784 88 375 393
88 913 88 282
60 141 60 766
56 418 223 310
55 257 55 432
257 319 215 154
319 59 319 242
59 802 59 811
802 170 12 257
54 590 54 168
590 575 590 659
575 634 697 192
52 195 52 762
195 545 195 46
545 217 987 379
217 816 559 347
816 478 816 42
50 767 249 142
767 792 767 368
792 478 934 237
48 104 48 674
46 522 46 5
522 370 162 383
370 634 370 951
634 511 634 500
44 447 44 930
447 485 447 806
485 452 485 805
452 342 452 51
342 967 342 980
967 35 490 612
43 421 675 38
421 353 421 882
42 942 981 440
942 797 164 690
797 726 98 639
726 310 726 700
38 772 213 453
772 626 87 531
626 974 50 942
974 882 20 952
882 51 722 716
33 201 33 82
201 783 620 290
783 170 138 23
170 271 170 552
32 363 117 430
363 630 363 57
630 587 630 26
587 528 240 24
528 379 624 177
379 237 210 859
237 764 521 794
30 83 30 791
83 141 295 60
141 515 141 70
515 655 16 37
655 478 943 14
29 829 29 986
829 107 504 229
107 395 107 155
395 695 283 255
28 662 28 875
662 698 662 44
698 45 512 185
45 890 45 876
890 530 161 81
530 51 497 645
51 378 540 520
378 310 378 204
310 478 300 583
27 226 27 340
226 40 226 292
40 913 510 116
913 353 899 23
353 663 353 489
663 271 830 219
271 764 226 89
26 978 800 100
978 764 156 627
23 761 147 308
761 121 134 194
121 35 121 541
22 130 22 848
130 681 493 527
681 695 233 22
15 628 15 224
628 897 740 26
14 440 76 33
440 937 261 418
937 34 931 370
34 426 681 879
426 209 401 94
11 921 11 597
921 455 921 272
455 478 29 790
9 255 447 276
255 659 778 112
659 897 590 13
897 209 948 348
209 104 1 59
7 564 7 11
564 236 564 450
236 928 184 51
928 869 457 768
869 311 139 695
311 737 99 19
737 494 79 633
494 511 632 380
511 764 557 106
764 478 764 407
5 35 74 735
35 695 252 0
695 104 256 426
104 478 104 770
478 418 199 431
418 431 71 495
431 0 431 454
