998
997 723 997 3
996 281 996 3
994 182 994 3
992 571 992 3
571 214 571 3
990 756 990 3
986 207 986 3
985 851 985 3
982 524 982 3
981 174 981 3
977 281 977 3
281 138 281 3
972 531 972 3
971 751 971 3
970 620 970 3
969 843 969 3
966 7 966 3
7 282 7 3
964 873 964 3
873 184 873 3
961 899 961 3
960 127 960 3
959 402 959 3
949 735 949 3
948 300 948 3
946 342 946 3
945 880 945 3
880 418 880 3
943 626 943 3
942 936 942 3
941 709 941 3
940 336 940 3
937 647 937 3
647 486 647 3
934 276 934 3
276 101 276 3
933 695 933 3
932 310 932 3
929 8 929 3
8 95 8 3
928 377 928 3
926 324 926 3
925 876 925 3
876 519 876 3
519 848 519 3
848 954 848 3
921 551 921 3
920 898 920 3
919 651 919 3
917 743 917 3
743 978 743 3
978 231 978 3
916 651 916 3
915 757 915 3
914 786 914 3
913 347 913 3
347 680 347 3
912 523 912 3
909 228 909 3
908 518 908 3
518 228 518 3
907 50 907 3
50 316 50 3
316 481 316 3
906 521 906 3
905 24 905 3
904 171 904 3
897 584 897 3
584 70 584 3
896 332 896 3
895 29 895 3
889 451 889 3
888 958 888 3
887 991 887 3
886 326 886 3
885 758 885 3
758 951 758 3
884 218 884 3
218 188 218 3
883 391 883 3
391 953 391 3
882 352 882 3
881 144 881 3
144 851 144 3
851 531 851 3
879 591 879 3
591 691 591 3
878 515 878 3
515 798 515 3
798 121 798 3
877 20 877 3
20 856 20 3
856 935 856 3
875 47 875 3
47 857 47 3
857 947 857 3
874 953 874 3
872 967 872 3
871 235 871 3
235 410 235 3
869 850 869 3
850 911 850 3
865 823 865 3
823 717 823 3
717 403 717 3
863 813 863 3
862 802 862 3
802 999 802 3
860 240 860 3
858 587 858 3
853 369 853 3
847 936 847 3
936 924 936 3
844 855 844 3
855 947 855 3
947 642 947 3
842 350 842 3
350 615 350 3
840 604 840 3
839 42 839 3
42 957 42 3
957 481 957 3
838 708 838 3
837 559 837 3
836 708 836 3
708 726 708 3
835 700 835 3
700 399 700 3
399 351 399 3
351 768 351 3
833 88 833 3
832 303 832 3
831 525 831 3
830 43 830 3
829 968 829 3
827 121 827 3
826 148 826 3
148 800 148 3
822 233 822 3
233 445 233 3
820 122 820 3
122 578 122 3
578 227 578 3
227 870 227 3
870 689 870 3
818 383 818 3
817 503 817 3
814 564 814 3
564 779 564 3
779 815 779 3
812 975 812 3
811 785 811 3
809 18 809 3
18 723 18 3
808 792 808 3
806 801 806 3
805 605 805 3
605 14 605 3
804 587 804 3
587 58 587 3
803 74 803 3
799 255 799 3
255 521 255 3
521 97 521 3
97 427 97 3
427 147 427 3
797 394 797 3
796 615 796 3
791 950 791 3
790 101 790 3
101 171 101 3
788 475 788 3
787 466 787 3
784 984 784 3
984 172 984 3
783 652 783 3
652 528 652 3
782 602 782 3
781 362 781 3
780 188 780 3
188 625 188 3
778 308 778 3
776 474 776 3
474 62 474 3
773 94 773 3
94 757 94 3
757 480 757 3
770 517 770 3
517 683 517 3
767 980 767 3
765 777 765 3
777 890 777 3
764 429 764 3
763 207 763 3
761 138 761 3
760 655 760 3
759 464 759 3
755 357 755 3
357 558 357 3
754 382 754 3
382 630 382 3
753 740 753 3
750 722 750 3
749 140 749 3
140 810 140 3
745 538 745 3
744 762 744 3
762 58 762 3
742 868 742 3
738 206 738 3
737 419 737 3
736 370 736 3
370 991 370 3
733 793 733 3
793 327 793 3
327 211 327 3
732 968 732 3
731 0 731 3
0 203 0 3
203 955 203 3
728 278 728 3
727 35 727 3
721 772 721 3
719 43 719 3
718 617 718 3
617 346 617 3
716 62 716 3
715 402 715 3
402 560 402 3
713 614 713 3
614 560 614 3
560 980 560 3
712 113 712 3
711 303 711 3
303 486 303 3
710 868 710 3
868 432 868 3
707 186 707 3
186 315 186 3
705 859 705 3
859 446 859 3
446 687 446 3
687 111 687 3
704 394 704 3
394 403 394 3
703 559 703 3
701 451 701 3
698 406 698 3
694 899 694 3
899 968 899 3
690 695 690 3
695 620 695 3
686 181 686 3
685 768 685 3
684 176 684 3
682 473 682 3
681 240 681 3
240 706 240 3
706 714 706 3
679 332 679 3
678 121 678 3
121 756 121 3
676 77 676 3
77 629 77 3
629 987 629 3
675 423 675 3
674 533 674 3
673 768 673 3
671 441 671 3
441 228 441 3
670 414 670 3
669 305 669 3
667 291 667 3
291 408 291 3
666 494 666 3
494 786 494 3
786 815 786 3
815 461 815 3
461 29 461 3
665 150 665 3
664 513 664 3
513 825 513 3
662 722 662 3
661 214 661 3
660 975 660 3
659 275 659 3
658 81 658 3
656 476 656 3
653 516 653 3
650 429 650 3
429 795 429 3
649 512 649 3
648 24 648 3
24 668 24 3
668 207 668 3
646 950 646 3
950 288 950 3
645 308 645 3
308 922 308 3
643 588 643 3
641 810 641 3
640 979 640 3
638 965 638 3
637 354 637 3
354 61 354 3
61 349 61 3
635 134 635 3
633 720 633 3
720 269 720 3
632 834 632 3
631 697 631 3
697 331 697 3
331 408 331 3
408 539 408 3
628 34 628 3
34 746 34 3
746 952 746 3
624 118 624 3
118 725 118 3
621 278 621 3
278 411 278 3
619 752 619 3
613 663 613 3
612 952 612 3
611 951 611 3
951 466 951 3
466 369 466 3
610 741 610 3
609 302 609 3
608 852 608 3
852 43 852 3
43 722 43 3
607 958 607 3
606 968 606 3
968 615 968 3
601 689 601 3
600 123 600 3
596 819 596 3
819 693 819 3
594 551 594 3
551 403 551 3
592 989 592 3
989 302 989 3
590 965 590 3
589 356 589 3
356 177 356 3
586 45 586 3
45 725 45 3
585 22 585 3
22 976 22 3
976 413 976 3
583 447 583 3
447 725 447 3
582 473 582 3
581 522 581 3
522 433 522 3
433 636 433 3
580 29 580 3
579 691 579 3
691 288 691 3
575 265 575 3
574 195 574 3
573 161 573 3
572 369 572 3
369 104 369 3
570 377 570 3
568 166 568 3
166 70 166 3
567 891 567 3
891 532 891 3
566 493 566 3
563 119 563 3
119 326 119 3
326 692 326 3
562 74 562 3
74 113 74 3
113 314 113 3
561 268 561 3
557 794 557 3
794 163 794 3
163 741 163 3
741 725 741 3
554 222 554 3
222 538 222 3
538 983 538 3
983 349 983 3
349 930 349 3
930 771 930 3
552 395 552 3
395 816 395 3
816 314 816 3
314 413 314 3
550 810 550 3
546 841 546 3
545 751 545 3
544 424 544 3
424 44 424 3
543 956 543 3
956 324 956 3
324 342 324 3
541 320 541 3
540 999 540 3
999 207 999 3
537 825 537 3
535 29 535 3
530 593 530 3
593 265 593 3
265 205 265 3
205 525 205 3
526 104 526 3
104 962 104 3
514 626 514 3
510 623 510 3
508 274 508 3
274 111 274 3
506 493 506 3
504 384 504 3
502 197 502 3
197 207 197 3
501 615 501 3
615 735 615 3
735 725 735 3
500 512 500 3
512 599 512 3
499 918 499 3
498 199 498 3
199 993 199 3
993 910 993 3
497 939 497 3
939 344 939 3
496 975 496 3
975 843 975 3
843 890 843 3
495 285 495 3
285 748 285 3
748 923 748 3
492 473 492 3
491 445 491 3
445 181 445 3
490 17 490 3
489 211 489 3
487 636 487 3
484 479 484 3
479 109 479 3
109 692 109 3
483 41 483 3
41 988 41 3
482 709 482 3
478 14 478 3
477 603 477 3
603 680 603 3
472 998 472 3
471 282 471 3
282 70 282 3
70 900 70 3
470 486 470 3
469 861 469 3
861 813 861 3
813 634 813 3
468 730 468 3
730 867 730 3
867 29 867 3
465 963 465 3
963 849 963 3
463 288 463 3
288 642 288 3
462 828 462 3
828 775 828 3
775 702 775 3
460 935 460 3
935 672 935 3
459 123 459 3
458 507 458 3
457 384 457 3
456 998 456 3
455 200 455 3
200 64 200 3
64 58 64 3
58 604 58 3
454 267 454 3
453 995 453 3
995 599 995 3
450 505 450 3
449 155 449 3
448 46 448 3
46 334 46 3
334 834 334 3
834 602 834 3
602 998 602 3
444 766 444 3
766 625 766 3
443 854 443 3
442 14 442 3
440 134 440 3
134 210 134 3
439 903 439 3
903 509 903 3
438 336 438 3
437 15 437 3
15 740 15 3
740 182 740 3
436 536 436 3
435 149 435 3
149 625 149 3
431 604 431 3
430 297 430 3
297 536 297 3
536 129 536 3
428 944 428 3
944 702 944 3
426 953 426 3
953 825 953 3
425 14 425 3
422 726 422 3
726 69 726 3
421 300 421 3
417 954 417 3
954 473 954 3
473 725 473 3
416 108 416 3
108 616 108 3
415 141 415 3
141 242 141 3
409 864 409 3
407 80 407 3
405 800 405 3
404 696 404 3
401 172 401 3
400 158 400 3
158 772 158 3
397 549 397 3
396 2 396 3
2 800 2 3
393 533 393 3
389 310 389 3
388 634 388 3
387 683 387 3
683 315 683 3
315 549 315 3
386 80 386 3
80 894 80 3
380 414 380 3
414 182 414 3
182 725 182 3
725 620 725 3
379 626 379 3
376 221 376 3
375 800 375 3
800 346 800 3
374 27 374 3
373 824 373 3
824 480 824 3
480 323 480 3
323 420 323 3
420 987 420 3
371 625 371 3
367 17 367 3
366 569 366 3
365 244 365 3
244 588 244 3
588 548 588 3
364 221 364 3
363 36 363 3
36 242 36 3
361 558 361 3
558 310 558 3
310 980 310 3
360 6 360 3
359 406 359 3
406 390 406 3
358 525 358 3
355 503 355 3
348 485 348 3
343 368 343 3
368 264 368 3
341 901 341 3
340 273 340 3
338 523 338 3
523 845 523 3
337 918 337 3
335 138 335 3
138 267 138 3
333 27 333 3
330 623 330 3
623 372 623 3
372 353 372 3
353 174 353 3
174 952 174 3
329 206 329 3
206 398 206 3
325 221 325 3
317 95 317 3
95 965 95 3
312 569 312 3
569 321 569 3
311 598 311 3
309 336 309 3
336 150 336 3
307 918 307 3
918 923 918 3
306 854 306 3
301 423 301 3
298 967 298 3
967 377 967 3
377 771 377 3
296 663 296 3
663 845 663 3
295 622 295 3
622 485 622 3
485 801 485 3
293 507 293 3
507 328 507 3
292 96 292 3
290 96 290 3
96 973 96 3
973 332 973 3
289 181 289 3
181 785 181 3
785 625 785 3
287 771 287 3
284 169 284 3
169 751 169 3
280 162 280 3
162 78 162 3
78 283 78 3
283 825 283 3
279 520 279 3
277 184 277 3
272 565 272 3
565 644 565 3
271 127 271 3
127 922 127 3
266 273 266 3
263 176 263 3
176 116 176 3
261 262 261 3
258 273 258 3
273 987 273 3
257 81 257 3
256 616 256 3
254 768 254 3
768 987 768 3
253 210 253 3
252 106 252 3
106 383 106 3
383 214 383 3
251 476 251 3
476 864 476 3
249 772 249 3
772 618 772 3
248 627 248 3
627 398 627 3
247 723 247 3
246 69 246 3
245 577 245 3
577 626 577 3
243 709 243 3
241 866 241 3
239 37 239 3
37 657 37 3
657 751 657 3
751 29 751 3
29 988 29 3
238 672 238 3
237 553 237 3
553 692 553 3
692 505 692 3
236 339 236 3
339 53 339 3
53 924 53 3
234 434 234 3
434 150 434 3
232 979 232 3
979 595 979 3
229 527 229 3
527 172 527 3
172 452 172 3
452 242 452 3
226 644 226 3
644 636 644 3
225 230 225 3
230 771 230 3
224 486 224 3
223 6 223 3
6 322 6 3
220 529 220 3
529 4 529 3
219 390 219 3
390 346 390 3
217 228 217 3
216 195 216 3
215 533 215 3
533 672 533 3
213 201 213 3
212 625 212 3
209 539 209 3
539 228 539 3
208 792 208 3
792 795 792 3
795 320 795 3
198 178 198 3
178 346 178 3
196 724 196 3
194 651 194 3
651 313 651 3
313 604 313 3
604 898 604 3
193 924 193 3
924 756 924 3
192 774 192 3
774 207 774 3
191 214 191 3
214 321 214 3
190 534 190 3
189 846 189 3
846 260 846 3
260 890 260 3
187 419 187 3
419 620 419 3
183 756 183 3
756 922 756 3
180 328 180 3
179 302 179 3
302 467 302 3
467 155 467 3
155 262 155 3
262 228 262 3
173 626 173 3
626 177 626 3
170 352 170 3
352 410 352 3
168 328 168 3
167 709 167 3
165 724 165 3
724 524 724 3
524 709 524 3
164 505 164 3
160 747 160 3
747 44 747 3
159 723 159 3
723 493 723 3
493 722 493 3
722 922 722 3
157 810 157 3
810 655 810 3
154 965 154 3
965 147 965 3
153 958 153 3
958 177 958 3
177 864 177 3
152 411 152 3
411 332 411 3
151 825 151 3
145 432 145 3
143 902 143 3
902 630 902 3
630 231 630 3
231 923 231 3
142 734 142 3
734 322 734 3
322 556 322 3
556 35 556 3
35 825 35 3
139 171 139 3
135 210 135 3
210 841 210 3
841 689 841 3
133 423 133 3
132 207 132 3
131 693 131 3
130 69 130 3
69 962 69 3
962 4 962 3
4 505 4 3
128 204 128 3
126 385 126 3
385 267 385 3
125 849 125 3
849 620 849 3
124 938 124 3
938 275 938 3
275 14 275 3
14 475 14 3
120 320 120 3
320 346 320 3
117 991 117 3
115 974 115 3
974 17 974 3
114 634 114 3
634 625 634 3
112 481 112 3
481 486 481 3
486 378 486 3
110 866 110 3
866 576 866 3
576 689 576 3
107 952 107 3
105 305 105 3
305 111 305 3
111 451 111 3
451 201 451 3
103 150 103 3
150 321 150 3
321 532 321 3
532 332 532 3
102 345 102 3
345 146 345 3
146 548 146 3
548 123 548 3
100 988 100 3
99 509 99 3
509 542 509 3
542 242 542 3
242 27 242 3
27 412 27 3
412 771 412 3
98 464 98 3
464 801 464 3
801 392 801 3
93 688 93 3
688 927 688 3
927 418 927 3
418 998 418 3
998 680 998 3
92 195 92 3
91 300 91 3
300 344 300 3
344 81 344 3
81 952 81 3
90 384 90 3
384 911 384 3
89 398 89 3
87 672 87 3
672 147 672 3
86 825 86 3
825 729 825 3
85 991 85 3
991 987 991 3
987 201 987 3
84 894 84 3
83 40 83 3
82 595 82 3
595 654 595 3
654 516 654 3
516 221 516 3
79 423 79 3
423 845 423 3
845 699 845 3
699 432 699 3
432 475 432 3
475 123 475 3
123 184 123 3
76 931 76 3
931 893 931 3
893 988 893 3
75 228 75 3
228 620 228 3
73 319 73 3
319 693 319 3
693 346 693 3
346 378 346 3
72 520 72 3
71 378 71 3
378 88 378 3
68 503 68 3
67 702 67 3
702 642 702 3
642 201 642 3
66 807 66 3
807 56 807 3
56 202 56 3
202 17 202 3
65 955 65 3
955 270 955 3
270 854 270 3
854 211 854 3
211 62 211 3
62 184 62 3
184 922 184 3
922 625 922 3
63 911 63 3
911 44 911 3
60 410 60 3
410 525 410 3
525 549 525 3
549 201 549 3
201 689 201 3
59 531 59 3
531 821 531 3
57 137 57 3
137 207 137 3
207 129 207 3
129 988 129 3
55 901 55 3
901 789 901 3
789 40 789 3
40 821 40 3
821 555 821 3
555 44 555 3
54 559 54 3
559 17 559 3
17 689 17 3
52 528 52 3
51 547 51 3
547 362 547 3
362 264 362 3
264 864 264 3
864 677 864 3
49 304 49 3
304 898 304 3
48 413 48 3
39 136 39 3
136 696 136 3
696 534 696 3
534 267 534 3
38 299 38 3
299 413 299 3
33 910 33 3
32 636 32 3
31 259 31 3
259 639 259 3
639 403 639 3
403 398 403 3
30 597 30 3
597 269 597 3
269 923 269 3
28 286 28 3
286 729 286 3
26 175 26 3
175 171 175 3
171 185 171 3
185 636 185 3
636 505 636 3
25 204 25 3
204 739 204 3
23 898 23 3
898 894 898 3
894 505 894 3
505 342 505 3
21 413 21 3
413 952 413 3
952 771 952 3
19 381 19 3
381 195 381 3
195 88 195 3
88 714 88 3
714 771 714 3
771 680 771 3
16 769 16 3
769 116 769 3
116 267 116 3
267 44 267 3
13 910 13 3
910 620 910 3
620 221 620 3
12 268 12 3
268 318 268 3
318 392 318 3
392 900 392 3
900 923 900 3
923 680 923 3
680 342 680 3
342 625 342 3
11 709 11 3
709 328 709 3
328 511 328 3
511 528 511 3
528 655 528 3
655 890 655 3
10 294 10 3
294 616 294 3
616 503 616 3
503 729 503 3
729 752 729 3
752 980 752 3
980 147 980 3
9 221 9 3
221 147 221 3
147 156 147 3
156 625 156 3
5 892 5 3
892 161 892 3
161 890 161 3
890 44 890 3
44 677 44 3
677 625 677 3
488 599 3 988
599 625 599 3
625 332 625 3
332 689 332 3
689 988 689 3
988 398 3 739
398 250 398 3
250 520 250 3
520 618 520 3
618 598 618 3
598 739 598 3
739 1 3 1
