997
999 596 999 129
998 596 998 475
997 596 997 873
996 596 996 364
995 596 995 613
994 596 994 642
993 596 993 924
992 596 992 653
991 596 991 605
990 596 990 881
989 596 989 891
988 596 988 282
987 596 987 848
986 596 986 849
985 596 985 924
984 596 984 931
983 596 983 784
982 596 982 522
981 596 981 457
980 596 980 302
979 596 979 728
978 596 978 482
977 596 977 846
976 596 976 714
975 596 975 787
974 596 974 673
973 596 973 746
972 596 972 757
971 596 971 379
970 596 970 504
969 596 969 451
968 596 968 646
967 596 967 441
966 596 966 934
965 596 965 128
964 596 964 813
963 596 963 370
962 596 962 308
961 596 961 539
960 596 960 652
959 596 959 188
958 596 958 761
957 596 957 594
956 596 956 645
955 596 955 657
954 596 954 696
953 596 953 381
952 596 952 789
951 596 951 210
950 596 950 627
949 596 949 501
948 596 948 872
947 596 947 795
946 596 946 928
945 596 945 862
944 596 944 648
943 596 943 279
942 596 942 835
941 596 941 844
940 596 940 708
939 596 939 935
938 596 938 700
937 596 937 296
936 596 936 769
935 596 935 571
934 596 934 314
933 596 933 709
932 596 932 343
931 596 931 274
930 596 930 495
929 596 929 776
928 596 928 307
927 596 927 826
926 596 926 503
925 596 925 360
924 596 985 200
923 596 923 398
922 596 922 410
921 596 921 170
920 596 920 565
919 596 919 741
918 596 918 808
917 596 917 220
916 596 916 200
915 596 915 706
914 596 914 736
913 596 913 902
912 596 912 430
911 596 911 404
910 596 910 909
909 596 909 174
908 596 908 791
907 596 907 193
906 596 906 817
905 596 905 816
904 596 904 682
903 596 903 637
902 596 902 693
901 596 901 804
900 596 900 649
899 596 899 345
898 596 898 683
897 596 897 346
896 596 896 778
895 596 895 771
894 596 894 505
893 596 893 767
892 596 892 887
891 596 891 320
890 596 890 839
889 596 889 276
888 596 888 525
887 596 887 853
886 596 886 789
885 596 885 598
884 596 884 681
883 596 883 152
882 596 882 626
881 596 881 747
880 596 880 520
879 596 879 277
878 596 878 536
877 596 877 472
876 596 876 711
875 596 875 788
874 596 874 373
873 596 873 374
872 596 872 383
871 596 871 450
870 596 870 866
869 596 869 406
868 596 868 497
867 596 867 379
866 596 866 803
865 596 865 826
864 596 864 802
863 596 863 724
862 596 862 765
861 596 861 516
860 596 860 805
859 596 859 409
858 596 858 754
857 596 857 399
856 596 856 834
855 596 855 607
854 596 854 783
853 596 853 739
852 596 852 563
851 596 851 587
850 596 850 487
849 596 849 251
848 596 848 67
847 596 847 743
846 596 846 257
845 596 845 799
844 596 844 119
843 596 843 272
842 596 842 366
841 596 841 511
840 596 840 783
839 596 839 239
838 596 838 785
837 596 837 446
836 596 836 660
835 596 835 635
834 596 834 818
833 596 833 722
832 596 832 665
831 596 831 322
830 596 830 84
829 596 829 821
828 596 828 513
827 596 827 913
826 596 865 427
825 596 825 742
824 596 824 664
823 596 823 764
822 596 822 246
821 596 821 107
820 596 820 167
819 596 819 380
818 596 818 396
817 596 817 126
816 596 816 717
815 596 815 804
814 596 814 263
813 596 813 213
812 596 812 558
811 596 811 265
810 596 810 606
809 596 809 740
808 596 808 400
807 596 807 535
806 596 806 420
805 596 805 2
804 596 815 52
803 596 803 199
802 596 802 254
801 596 801 792
800 596 800 654
799 596 799 47
798 596 798 403
797 596 797 523
796 596 796 673
795 596 795 556
794 596 794 542
793 596 793 293
792 596 792 384
791 596 791 335
790 596 790 890
789 596 886 235
788 596 788 281
787 596 787 467
786 596 786 640
785 596 785 713
784 596 784 189
783 596 840 82
782 596 782 640
781 596 781 711
780 596 780 607
779 596 779 370
778 596 778 614
777 596 777 227
776 596 776 75
775 596 775 896
774 596 774 827
773 596 773 348
772 596 772 603
771 596 771 228
770 596 770 575
769 596 769 543
768 596 768 699
767 596 767 508
766 596 766 528
765 596 765 718
764 596 764 756
763 596 763 389
762 596 762 609
761 596 761 715
760 596 760 504
759 596 759 369
758 596 758 678
757 596 757 467
756 596 756 238
755 596 755 584
754 596 754 552
753 596 753 870
752 596 752 368
751 596 751 738
750 596 750 562
749 596 749 304
748 596 748 695
747 596 747 25
746 596 746 291
745 596 745 629
744 596 744 188
743 596 743 205
742 596 742 161
741 596 741 268
740 596 740 214
739 596 739 708
738 596 738 255
737 596 737 457
736 596 736 286
735 596 735 730
734 596 734 680
733 596 733 155
732 596 732 295
731 596 731 477
730 596 730 237
729 596 729 573
728 596 728 233
727 596 727 364
726 596 726 653
725 596 725 320
724 596 724 530
723 596 723 624
722 596 722 183
721 596 721 356
720 596 720 576
719 596 719 296
718 596 718 255
717 596 717 65
716 596 716 309
715 596 715 192
714 596 714 257
713 596 713 548
712 596 712 513
711 596 781 238
710 596 710 801
709 596 709 13
708 596 940 516
707 596 707 604
706 596 706 28
705 596 705 138
704 596 704 674
703 596 703 161
702 596 702 668
701 596 701 631
700 596 700 845
699 596 699 494
698 596 698 315
697 596 697 569
696 596 696 162
695 596 695 470
694 596 694 585
693 596 774 117
692 596 692 647
691 596 691 541
690 596 690 298
689 596 689 748
688 596 688 369
687 596 687 641
686 596 686 444
685 596 685 367
684 596 684 492
683 596 683 455
682 596 682 365
681 596 681 492
680 596 680 281
679 596 679 505
678 596 678 512
677 596 677 514
676 596 676 618
675 596 675 658
674 596 674 169
673 596 796 306
672 596 672 895
671 596 671 854
670 596 670 156
669 596 669 582
668 596 668 656
667 596 667 611
666 596 666 541
665 596 665 574
664 596 664 358
663 596 663 905
662 596 662 260
661 596 661 489
660 596 660 12
659 596 659 479
658 596 658 392
657 596 657 262
656 596 656 506
655 596 655 235
654 596 654 465
653 596 726 77
652 596 652 311
651 596 651 509
650 596 650 537
649 596 649 484
648 596 648 213
647 596 647 416
646 596 646 288
645 596 645 334
644 596 644 904
643 596 643 43
642 596 642 87
641 596 641 498
640 596 782 150
639 596 639 918
638 596 638 391
637 596 637 479
636 596 636 514
635 596 635 321
634 596 634 461
633 596 633 102
632 596 632 976
631 596 631 524
630 596 630 527
629 596 629 93
628 596 628 487
627 596 627 478
626 596 626 76
625 596 625 408
624 596 624 342
623 596 623 589
622 596 622 534
621 596 621 101
620 596 620 185
619 596 619 336
618 596 618 532
617 596 617 973
616 596 616 538
615 596 615 502
614 596 775 471
613 596 613 908
612 596 612 222
611 596 611 244
610 596 610 521
609 596 609 156
608 596 608 555
607 596 780 80
606 596 606 165
605 596 605 463
604 596 604 602
603 596 603 229
602 596 602 456
601 596 601 278
600 596 600 989
599 596 599 829
598 596 598 93
597 596 597 500
595 596 595 586
594 596 594 168
593 596 593 958
592 596 592 184
591 596 591 552
590 596 590 550
589 596 589 158
588 596 588 381
587 596 587 299
586 596 586 243
585 596 585 27
584 596 584 59
583 596 583 431
582 596 582 574
581 596 581 100
580 596 580 405
579 596 579 938
578 596 578 475
577 596 577 568
576 596 576 373
575 596 575 282
574 596 669 316
573 596 573 676
572 596 572 753
571 596 571 945
570 596 570 734
569 596 569 531
568 596 568 145
567 596 567 689
566 596 566 137
565 596 565 125
564 596 564 903
563 596 563 720
562 596 562 319
561 596 561 237
560 596 560 476
559 596 559 960
558 596 558 488
557 596 557 838
556 596 556 687
555 596 555 419
554 596 554 413
553 596 553 527
552 596 591 81
551 596 551 697
550 596 550 404
549 596 549 279
548 596 557 2
547 596 547 497
546 596 546 348
545 596 545 482
544 596 544 444
543 596 543 4
542 596 542 371
541 596 666 302
540 596 540 503
539 596 539 855
538 596 538 355
537 596 537 175
536 596 536 489
535 596 535 459
534 596 534 395
533 596 533 440
532 596 729 309
531 596 551 432
530 596 530 75
529 596 529 864
528 596 528 305
527 596 553 96
526 596 526 691
525 596 525 252
524 596 524 270
523 596 523 892
522 596 522 112
521 596 521 202
520 596 520 490
519 596 519 529
518 596 518 704
517 596 517 758
516 596 797 147
515 596 515 329
514 596 636 239
513 596 712 511
512 596 517 493
511 596 841 126
510 596 510 303
509 596 509 824
508 596 508 599
507 596 507 452
506 596 506 375
505 596 679 256
504 596 760 399
503 596 540 274
502 596 502 852
501 596 501 920
500 596 500 956
499 596 499 305
498 596 498 11
497 596 547 9
496 596 496 442
495 596 495 878
494 596 494 986
493 596 493 221
492 596 684 122
491 596 491 825
490 596 490 567
489 596 930 402
488 596 488 357
487 596 628 291
486 596 486 939
485 596 485 564
484 596 484 109
483 596 483 630
482 596 545 183
481 596 481 359
480 596 480 477
479 596 485 446
478 596 478 18
477 596 480 460
476 596 476 353
475 596 578 466
474 596 474 112
473 596 473 127
472 596 472 998
471 596 471 351
470 596 880 168
469 596 469 894
468 596 468 141
467 596 972 109
466 596 877 252
465 596 465 407
464 596 464 363
463 596 463 221
462 596 462 390
461 596 461 470
460 596 460 723
459 596 459 97
458 596 458 95
457 596 737 215
456 596 456 34
455 596 455 526
454 596 454 770
453 596 453 948
452 596 452 203
451 596 451 338
450 596 450 300
449 596 449 195
448 596 448 961
447 596 447 195
446 596 837 391
445 596 445 135
444 596 544 345
443 596 443 340
442 596 442 284
441 596 441 259
440 596 440 308
439 596 439 663
438 596 438 751
436 596 436 226
435 596 435 994
434 596 434 338
433 596 433 294
432 596 432 402
431 596 431 317
430 596 430 286
429 596 429 350
428 596 428 417
427 596 427 694
426 596 426 218
425 596 425 295
424 596 424 287
423 596 423 491
422 596 422 454
421 596 421 377
420 596 420 330
419 596 419 104
418 596 418 735
417 596 417 914
416 596 416 395
415 596 415 671
414 596 414 343
413 596 413 79
412 596 412 394
411 596 411 622
410 596 410 187
409 596 409 3
408 596 408 859
407 596 407 833
406 596 406 755
405 596 405 768
404 596 911 289
403 596 403 131
402 596 531 249
401 596 401 548
400 596 639 39
399 596 857 7
398 596 398 995
397 596 397 847
396 596 396 197
395 596 411 149
394 596 394 59
393 596 393 361
392 596 392 6
391 596 638 259
390 596 390 644
389 596 389 68
388 596 388 772
387 596 387 964
386 596 386 923
385 596 385 983
384 596 710 17
383 596 453 204
382 596 382 559
381 596 588 170
380 596 380 893
379 596 867 292
378 596 378 836
377 596 377 882
376 596 376 358
375 596 375 76
374 596 374 850
373 596 615 82
372 596 372 828
371 596 371 947
370 596 779 39
369 596 688 229
368 596 368 614
367 596 367 310
366 596 366 186
365 596 462 231
364 596 727 149
363 596 363 337
362 596 362 812
361 596 361 271
360 596 360 32
359 596 359 386
358 596 376 327
357 596 362 261
356 596 356 906
355 596 355 69
354 596 354 692
353 596 353 121
352 596 352 954
351 596 752 52
350 596 350 157
349 596 349 421
348 596 546 132
347 596 347 306
346 596 346 701
345 596 899 163
344 596 344 87
343 596 414 110
342 596 342 21
341 596 341 245
340 596 340 910
339 596 339 293
338 596 434 272
337 596 337 135
336 596 336 106
335 596 481 292
334 596 597 176
333 596 333 266
332 596 332 400
331 596 331 533
330 596 330 759
329 596 329 10
328 596 328 264
327 596 327 301
326 596 326 871
325 596 325 686
324 596 324 810
323 596 323 326
322 596 322 90
321 596 321 595
320 596 600 384
319 596 319 926
318 596 318 297
317 596 317 241
316 596 316 269
315 596 315 987
314 596 314 245
313 596 313 249
312 596 312 231
311 596 382 152
310 596 310 194
309 596 716 7
308 596 331 178
307 596 307 275
306 596 347 133
305 596 499 35
304 596 304 124
303 596 303 133
302 596 898 40
301 596 301 925
300 596 323 216
299 596 299 819
298 596 298 397
297 596 297 981
296 596 719 216
295 596 425 86
294 596 294 702
293 596 339 97
292 596 971 47
291 596 997 30
290 596 290 957
289 596 289 927
288 596 288 388
287 596 287 979
286 596 428 198
285 596 285 469
284 596 284 619
283 596 283 253
282 596 422 46
281 596 570 158
280 596 280 72
279 596 549 74
278 596 278 223
277 596 277 148
276 596 276 601
275 596 275 860
274 596 750 215
273 596 273 84
272 596 843 71
271 596 271 651
270 596 897 114
269 596 269 823
268 596 268 140
267 596 267 685
266 596 266 95
265 596 265 196
264 596 264 334
263 596 263 118
262 596 262 690
261 596 261 1
260 596 260 12
259 596 967 41
258 596 258 962
257 596 632 181
256 596 285 357
255 596 438 28
254 596 519 111
253 596 253 590
252 596 888 68
251 596 580 189
250 596 250 953
249 596 313 54
248 596 248 915
247 596 247 984
246 596 246 108
245 596 341 88
244 596 244 98
243 596 243 155
242 596 242 861
241 596 241 18
240 596 240 610
239 596 677 378
238 596 876 49
237 596 418 140
236 596 236 912
235 596 655 226
234 596 234 863
233 596 424 136
232 596 232 762
231 596 312 174
230 596 230 990
229 596 968 55
228 596 672 0
227 596 227 496
226 596 436 143
225 596 225 561
224 596 224 219
223 596 889 37
222 596 222 159
221 596 991 114
220 596 220 217
219 596 219 612
218 596 218 160
217 596 217 208
216 596 937 128
215 596 247 201
214 596 214 969
213 596 944 532
212 596 212 901
211 596 211 507
210 596 210 42
209 596 209 822
208 596 208 721
207 596 207 433
206 596 206 132
205 596 955 160
204 596 204 45
203 596 211 86
202 596 240 515
201 596 201 144
200 596 916 184
199 596 572 579
198 596 236 151
197 596 197 978
196 596 196 23
195 596 447 36
194 596 267 153
193 596 193 90
192 596 593 89
191 596 191 832
190 596 190 205
189 596 385 335
188 596 744 74
187 596 187 104
186 596 186 225
185 596 185 466
184 596 592 136
183 596 856 32
182 596 182 966
181 596 181 554
180 596 180 790
179 596 179 970
178 596 258 124
177 596 177 932
176 596 328 44
175 596 175 139
174 596 443 169
173 596 173 698
172 596 172 439
171 596 171 725
170 596 250 919
169 596 518 94
168 596 290 148
167 596 167 806
166 596 166 300
165 596 324 560
164 596 164 949
163 596 325 5
162 596 352 53
161 596 423 130
160 596 190 116
159 596 224 139
158 596 623 103
157 596 157 809
156 596 232 172
155 596 733 10
154 596 154 85
153 596 153 48
152 596 883 58
151 596 151 763
150 596 150 884
149 596 354 583
148 596 879 0
147 596 242 103
146 596 146 950
145 596 145 113
144 596 144 33
143 596 143 351
142 596 142 745
140 596 921 70
139 596 650 116
138 596 138 625
137 596 137 142
136 596 233 868
135 596 445 67
134 596 134 732
133 596 510 78
132 596 206 80
131 596 131 437
130 596 130 885
129 596 129 616
128 596 166 37
127 596 127 468
126 596 917 92
125 596 164 800
124 596 749 26
123 596 123 512
122 596 786 110
121 596 121 393
120 596 120 946
119 596 119 807
118 596 118 943
117 596 117 814
116 596 159 659
115 596 115 566
114 596 123 22
113 596 113 794
112 596 474 11
111 596 111 907
110 596 177 426
109 596 900 27
108 596 209 383
107 596 851 15
106 596 777 180
105 596 105 256
104 596 922 72
103 596 875 53
102 596 102 173
101 596 101 4
100 596 100 936
99 596 99 798
98 596 98 766
97 596 941 3
96 596 483 115
95 596 458 56
94 596 94 13
93 596 96 311
92 596 92 14
91 596 91 842
90 596 831 58
89 596 89 858
88 596 182 283
87 596 344 26
86 596 134 670
85 596 85 318
84 596 273 77
83 596 83 952
82 596 415 248
81 596 81 64
80 596 773 44
79 596 79 992
78 596 78 731
77 596 830 60
76 596 207 34
75 596 234 65
74 596 693 83
73 596 73 228
72 596 280 62
71 596 429 6
70 596 91 22
69 596 999 24
68 596 198 811
67 596 633 54
66 596 66 581
65 596 929 23
64 596 64 634
63 596 63 959
62 596 62 99
61 596 61 975
60 596 60 577
59 596 412 108
58 596 254 332
57 596 57 486
56 596 56 874
55 596 820 70
54 596 464 147
53 596 162 69
52 596 63 449
51 596 51 977
50 596 50 974
49 596 191 48
48 596 194 14
47 596 251 8
46 596 46 965
45 596 869 365
44 596 176 793
43 596 43 49
42 596 42 16
41 596 122 617
40 596 40 125
39 596 963 8
38 596 38 608
37 596 988 19
36 596 36 951
35 596 667 88
34 596 707 120
33 596 154 30
32 596 980 15
31 596 31 621
30 596 33 171
29 596 29 661
28 596 333 223
27 596 35 705
26 596 435 212
25 596 230 71
24 596 29 25
23 596 620 19
22 596 55 45
21 596 50 105
20 596 20 643
19 596 203 993
18 596 146 38
17 596 17 61
16 596 178 1
15 596 107 372
14 596 20 73
13 596 933 16
12 596 106 703
11 596 51 9
10 596 202 192
9 596 982 5
8 596 662 163
7 596 179 675
6 596 24 349
5 596 199 942
4 596 66 270
3 596 448 401
2 596 41 473
1 596 21 57
596 0 996 165
