1000
82 430
580 433
691 424
629 677
733 32
452 289
377 85
90 595
757 16
431 689
641 953
305 11
37 721
686 723
235 845
348 544
527 112
120 44
868 331
649 105
412 217
682 585
65 313
616 600
682 987
574 697
857 364
255 504
907 435
403 82
434 826
482 78
925 741
49 505
191 10
728 38
734 840
676 794
975 663
583 124
542 189
329 489
227 91
144 702
515 940
758 234
361 506
638 704
9 899
34 295
420 499
934 383
192 98
40 903
990 673
827 71
260 455
832 601
2 607
915 687
217 844
486 629
459 60
166 192
141 313
878 292
872 334
928 854
988 794
842 569
559 383
516 483
458 496
224 696
632 4
665 780
460 233
720 864
177 900
56 837
28 510
973 784
803 955
17 455
692 288
817 948
811 428
257 635
972 206
123 545
889 765
293 995
804 754
997 3
392 645
929 187
825 401
516 633
458 201
24 519
722 280
426 296
272 748
190 562
888 856
346 213
737 927
826 58
397 130
685 339
276 733
272 173
805 549
350 250
510 532
917 745
982 28
751 51
340 46
394 334
502 991
894 597
251 811
650 806
328 881
702 204
807 552
835 912
800 786
618 156
428 161
165 846
423 567
80 547
45 587
627 100
912 97
93 404
314 952
403 267
475 820
558 662
609 24
98 321
362 263
129 216
518 480
222 324
465 589
788 205
377 199
226 951
509 863
757 783
535 985
337 262
903 815
911 522
732 180
584 552
966 537
551 414
853 16
808 39
411 741
49 507
356 380
807 959
581 857
823 892
95 503
623 963
728 47
654 341
767 137
746 23
504 259
849 758
782 345
420 364
309 381
149 422
628 348
181 316
856 246
301 278
12 84
588 238
947 234
25 873
153 42
206 295
5 957
282 538
374 330
474 352
193 29
808 942
726 529
897 615
60 854
211 336
256 472
303 809
908 642
355 563
73 495
485 749
681 315
409 436
372 41
302 791
720 632
195 747
343 763
801 146
637 42
84 118
309 143
7 259
488 626
548 874
913 20
527 955
122 169
412 802
876 727
140 48
508 139
932 743
362 271
980 163
421 657
847 573
803 218
368 115
320 752
215 207
484 790
639 170
606 99
801 253
439 792
226 194
69 988
656 413
825 719
563 409
919 91
643 247
530 875
938 548
619 343
878 812
198 581
93 436
227 107
764 860
707 62
804 859
762 571
462 776
853 127
327 508
954 655
338 668
335 648
941 947
449 695
249 14
488 512
19 221
396 517
357 622
429 739
385 81
213 276
698 448
871 173
785 891
597 870
203 753
847 431
65 407
609 788
998 894
439 924
956 640
35 219
290 328
142 902
887 447
725 672
494 713
697 451
311 437
617 501
779 349
678 402
861 560
877 394
851 593
8 726
358 370
400 520
232 126
323 501
321 594
644 533
738 623
879 618
117 301
688 113
939 698
171 387
863 551
686 425
15 710
513 604
784 103
631 218
827 9
183 658
620 371
830 973
415 880
376 705
612 710
45 975
305 714
775 577
923 304
852 896
131 593
273 933
261 232
55 540
230 341
592 543
512 731
871 855
964 701
717 980
379 332
158 405
691 723
564 910
134 196
670 482
897 531
511 976
561 453
317 554
485 943
571 679
998 996
819 882
895 916
325 809
7 78
191 121
936 937
738 905
228 867
86 242
189 561
526 40
303 963
372 578
487 22
125 326
613 816
212 962
964 671
445 241
302 332
478 506
270 498
407 638
353 146
938 566
664 108
223 214
465 866
208 379
374 361
657 346
945 939
492 842
764 249
644 652
159 366
906 286
347 799
965 600
844 224
665 89
491 141
52 569
905 11
639 886
231 636
254 721
895 50
919 469
491 100
916 711
843 849
839 314
149 176
19 929
930 360
580 357
6 363
776 29
210 335
703 829
526 754
94 588
281 275
221 630
865 17
385 677
441 605
59 351
793 848
640 64
437 648
312 699
446 297
181 892
389 229
197 380
565 53
605 23
369 756
920 956
342 981
831 400
176 471
83 782
660 579
96 534
365 818
323 688
10 700
148 927
673 88
419 174
135 943
239 461
855 564
298 773
858 774
370 901
641 824
18 984
110 395
381 667
634 768
270 585
982 438
752 953
555 830
625 880
715 53
264 744
312 690
352 806
304 736
202 608
933 269
946 852
175 36
161 614
299 72
914 427
116 423
329 124
31 538
495 791
836 810
624 896
898 473
992 273
354 651
678 148
188 599
239 579
104 798
990 630
454 122
887 359
730 57
858 110
951 537
572 753
310 922
977 621
337 596
178 457
442 345
319 50
910 103
870 2
901 440
915 269
634 616
182 74
654 168
200 944
777 152
44 602
777 52
611 724
116 404
384 884
617 154
171 920
756 793
307 792
484 194
54 145
653 729
716 872
20 237
432 274
904 225
959 709
317 937
75 867
960 836
962 63
759 931
810 478
530 707
481 923
212 664
926 241
838 798
873 422
37 433
319 57
260 989
601 668
316 373
68 718
834 993
443 521
461 342
366 112
347 331
182 479
200 287
529 787
505 477
367 859
591 503
591 981
159 67
661 315
92 906
68 138
1 426
659 748
36 898
851 245
992 134
8 713
83 681
185 909
322 675
983 453
576 935
796 382
554 893
48 143
633 727
26 349
296 566
805 745
371 425
466 553
986 308
13 974
443 771
802 368
441 166
167 266
325 800
889 646
893 119
661 577
397 92
475 111
282 821
109 4
780 862
184 15
32 606
517 214
365 132
12 33
97 27
518 155
300 701
222 926
841 355
454 396
201 739
712 150
862 220
419 890
704 470
693 359
177 88
307 891
553 970
772 904
984 900
277 466
670 392
411 522
477 993
121 976
264 18
924 87
999 489
266 768
550 219
391 77
398 995
619 541
714 114
476 244
190 279
199 283
913 524
674 265
293 613
546 258
430 824
187 299
358 989
162 408
360 490
248 573
102 72
712 656
386 470
945 58
464 137
61 268
452 406
795 369
572 128
80 689
977 918
979 513
51 178
705 245
235 391
958 322
289 462
193 684
621 735
969 604
54 751
716 151
240 785
38 77
574 850
724 418
450 444
405 154
62 907
626 676
539 21
570 145
440 131
557 755
197 261
153 157
61 556
930 949
132 637
528 113
737 706
509 164
268 979
817 899
603 556
575 108
610 744
410 869
541 481
450 414
969 539
106 207
351 233
326 680
147 576
71 292
766 473
367 101
679 344
882 971
215 877
549 560
797 99
318 750
586 532
760 819
376 769
643 172
354 333
119 694
483 460
813 375
719 399
251 789
247 860
125 390
651 398
935 1
814 246
706 603
151 655
514 70
26 536
298 936
974 229
170 378
424 429
136 692
742 820
493 223
781 954
208 965
948 395
886 203
14 968
160 972
499 468
934 13
615 285
291 373
718 288
344 183
971 169
750 680
523 209
770 231
536 284
770 658
225 290
708 918
835 773
467 725
608 3
861 755
685 427
813 760
978 759
41 821
133 6
280 390
646 294
749 195
940 711
480 672
997 568
911 324
645 59
375 828
931 418
635 787
531 210
158 928
823 885
747 267
281 515
444 966
21 735
778 493
957 30
421 446
410 275
164 157
350 104
416 25
598 647
879 883
202 130
236 557
339 562
363 179
220 417
703 767
27 693
356 250
746 772
85 271
868 445
74 550
306 596
999 476
627 204
133 413
796 740
624 67
558 126
43 696
534 451
69 318
230 675
586 464
463 950
456 662
952 471
101 382
96 949
866 622
674 179
921 238
415 941
684 795
837 568
416 761
39 985
986 765
285 378
521 180
497 115
34 459
667 56
500 308
387 252
732 73
761 715
958 333
690 31
109 994
850 812
498 890
320 0
492 353
46 442
22 544
340 653
631 228
766 198
242 991
497 967
734 487
336 885
545 666
254 469
256 167
186 35
797 172
729 66
237 502
833 840
123 663
196 583
472 511
967 960
174 666
106 399
660 763
386 584
514 388
839 838
874 438
102 570
139 774
128 5
932 700
47 205
393 968
708 523
262 869
828 327
520 243
607 575
602 614
687 559
743 496
330 479
816 987
287 138
659 114
76 790
209 94
996 457
156 781
742 165
845 186
265 731
258 525
155 978
150 875
636 306
829 162
243 87
64 831
881 652
582 669
236 111
467 883
278 76
81 519
257 338
30 107
528 216
942 127
762 642
730 448
846 925
771 105
709 546
778 590
822 432
142 582
147 694
402 908
555 736
625 946
865 240
136 683
274 535
184 902
814 848
494 717
822 118
0 740
70 876
611 283
140 401
244 799
463 843
435 547
779 722
669 533
188 578
628 864
468 888
117 832
33 291
921 815
86 300
841 961
599 834
970 486
408 525
595 567
456 649
393 310
168 594
388 917
671 120
90 163
620 699
277 650
922 160
284 500
786 152
389 252
612 683
590 66
507 884
297 833
95 434
565 55
79 909
294 417
944 543
286 524
279 255
610 775
589 384
75 63
789 769
474 994
587 89
818 311
540 43
185 211
592 983
783 647
542 144
695 490
263 175
961 914
598 129
248 79
447 135
406 449
794 279
285 794
794 289
794 982
735 794
653 794
200 794
648 794
367 794
794 851
794 937
766 794
794 478
388 794
241 794
794 799
794 133
794 867
609 794
487 794
794 331
794 353
518 794
245 794
794 974
988 794
794 260
839 794
794 747
794 921
389 794
794 970
610 794
794 872
794 226
794 225
911 794
139 794
76 794
794 999
53 794
794 261
410 794
794 633
794 848
900 794
606 794
232 794
777 794
794 728
794 322
794 448
794 865
794 923
636 794
794 329
356 794
922 794
794 539
33 794
794 618
446 794
275 794
615 794
797 794
666 794
794 386
558 794
794 644
47 794
794 2
452 794
794 416
123 794
794 765
590 794
826 794
794 973
794 237
794 489
957 794
494 794
794 755
794 338
794 357
820 794
794 81
794 14
794 807
193 794
701 794
794 634
794 731
324 794
457 794
750 794
794 953
794 760
794 151
808 794
794 301
794 126
792 794
794 905
794 774
259 794
54 794
581 794
794 516
744 794
216 794
794 749
192 794
794 947
794 488
221 794
432 794
15 794
794 770
948 794
842 794
435 794
500 794
664 794
794 64
794 692
794 255
794 456
821 794
348 794
794 61
406 794
447 794
794 177
158 794
860 794
417 794
794 198
391 794
48 794
721 794
794 613
711 794
794 632
359 794
794 508
0 794
794 454
794 453
794 427
794 802
904 794
99 794
768 794
355 794
6 794
794 658
129 794
529 794
794 684
794 850
51 794
464 794
794 980
853 794
794 52
794 60
794 743
12 794
584 794
794 207
794 798
794 952
165 794
794 205
327 794
1 794
515 794
794 414
794 795
794 101
659 794
549 794
300 794
90 794
794 462
805 794
794 591
794 95
794 318
794 950
125 794
794 164
197 794
794 678
794 336
794 459
233 794
171 794
16 794
794 769
875 794
794 939
794 966
855 794
794 104
794 97
523 794
544 794
794 597
782 794
794 835
583 794
65 794
794 354
794 281
794 898
157 794
363 794
652 794
794 89
901 794
563 794
310 794
794 714
794 537
649 794
794 660
58 794
340 794
990 794
135 794
149 794
536 794
283 794
20 794
794 116
482 794
794 238
794 877
794 856
794 705
794 491
794 212
794 211
715 794
794 975
794 556
267 794
559 794
794 179
794 883
827 794
332 794
175 794
794 617
298 794
844 794
794 271
794 687
794 763
794 507
794 786
794 780
794 280
996 794
794 309
440 794
794 428
326 794
998 794
344 794
794 926
794 7
741 794
794 117
13 794
566 794
69 794
794 864
650 794
794 395
176 794
543 794
794 366
625 794
806 794
793 794
44 794
210 794
794 21
794 178
274 794
124 794
364 794
794 312
74 794
246 794
794 195
794 909
794 932
794 240
794 476
794 264
107 794
794 662
421 794
794 248
888 794
594 794
708 794
813 794
5 794
794 920
263 794
794 819
451 794
169 794
794 758
450 794
262 794
794 700
794 914
794 657
794 739
475 794
794 838
945 794
946 794
162 794
968 794
794 548
794 429
466 794
794 699
334 794
564 794
408 794
150 794
265 794
919 794
794 837
794 685
196 794
134 794
719 794
803 794
587 794
290 794
961 794
951 794
702 794
794 925
404 794
296 794
794 580
187 794
361 794
42 794
341 794
304 794
639 794
794 767
794 433
222 794
794 167
794 554
861 794
103 794
794 305
794 143
407 794
294 794
794 520
794 857
794 505
794 492
794 352
740 794
794 903
794 611
916 794
828 794
154 794
794 983
217 794
481 794
360 794
794 976
794 468
575 794
794 602
603 794
794 987
423 794
794 924
794 398
794 669
98 794
794 752
794 272
258 794
412 794
794 887
794 35
376 794
582 794
794 992
350 794
794 24
28 794
794 70
551 794
682 794
720 794
202 794
794 439
674 794
339 794
794 79
460 794
424 794
203 794
535 794
628 794
794 174
725 794
550 794
794 638
717 794
66 794
794 17
794 894
794 751
794 910
794 960
425 794
646 794
137 794
794 11
794 82
794 800
512 794
814 794
209 794
347 794
382 794
36 794
794 37
794 942
541 794
30 794
794 183
401 794
572 794
180 794
794 552
794 413
915 794
794 485
794 513
931 794
794 293
794 328
270 794
902 794
323 794
917 794
775 794
521 794
794 115
794 87
794 369
419 794
136 794
438 794
890 794
84 794
794 204
978 794
601 794
94 794
159 794
493 794
148 794
834 794
745 794
218 794
852 794
794 712
38 794
605 794
794 547
794 173
794 673
630 794
50 794
794 771
506 794
568 794
940 794
794 969
794 577
342 794
199 794
794 100
794 677
542 794
794 778
794 483
732 794
710 794
794 640
943 794
794 592
955 794
794 879
643 794
29 794
794 936
794 600
794 676
840 794
794 812
794 873
794 244
794 243
794 431
362 794
794 45
794 235
794 570
794 585
794 502
794 77
511 794
967 794
794 132
519 794
288 794
794 411
779 794
794 286
794 884
707 794
794 73
166 794
794 616
794 278
144 794
794 841
794 599
794 670
794 935
794 31
484 794
794 683
794 614
794 223
185 794
794 524
870 794
794 958
794 385
794 170
530 794
22 794
794 949
794 654
553 794
565 794
794 641
656 794
863 794
962 794
345 794
57 794
794 642
794 809
822 794
284 794
811 794
794 629
623 794
420 794
499 794
794 533
794 913
794 671
26 794
794 784
759 794
794 726
626 794
315 794
849 794
182 794
762 794
794 49
23 794
794 330
718 794
794 517
213 794
436 794
794 868
927 794
574 794
390 794
825 794
794 299
458 794
794 709
796 794
794 153
794 102
794 208
994 794
230 794
889 794
794 72
229 794
486 794
794 91
794 163
794 528
227 794
794 337
794 181
560 794
130 794
934 794
794 219
142 794
794 742
509 794
794 387
891 794
794 562
794 619
794 525
545 794
858 794
794 473
184 794
738 794
794 251
876 794
794 776
794 378
504 794
794 479
374 794
773 794
794 586
794 661
794 303
794 688
794 443
794 831
794 979
866 794
794 589
690 794
794 368
703 794
190 794
794 4
191 794
282 794
794 396
772 794
794 991
794 986
794 403
40 794
944 794
912 794
941 794
498 794
67 794
10 794
612 794
68 794
794 929
791 794
531 794
794 651
637 794
794 377
122 794
794 437
794 445
63 794
794 319
794 43
892 794
75 794
794 96
794 727
794 27
794 239
794 964
691 794
794 785
794 668
908 794
723 794
794 631
985 794
794 729
119 794
794 679
510 794
794 8
896 794
455 794
434 794
325 794
93 794
971 794
145 794
794 561
833 794
794 810
794 172
794 598
794 567
794 698
689 794
704 794
794 111
168 794
794 595
320 794
794 25
794 39
794 381
138 794
108 794
794 954
128 794
250 794
430 794
794 55
794 635
794 442
557 794
794 140
114 794
794 441
794 295
933 794
794 526
622 794
794 120
794 415
794 78
794 206
62 794
471 794
794 823
351 794
546 794
794 308
321 794
532 794
794 297
514 794
86 794
249 794
794 686
56 794
470 794
399 794
794 965
794 540
794 846
862 794
335 794
571 794
794 672
59 794
228 794
313 794
794 490
713 794
816 794
794 997
292 794
257 794
794 346
794 131
105 794
794 80
794 201
794 220
794 576
794 538
794 127
794 109
794 665
794 748
794 555
794 383
794 627
794 34
794 394
794 276
794 269
794 984
277 794
794 608
794 46
794 534
794 737
794 663
393 794
761 794
794 186
794 302
794 314
358 794
146 794
794 155
242 794
422 794
789 794
794 19
794 854
895 794
706 794
254 794
882 794
794 869
906 794
794 817
989 794
794 384
824 794
794 495
995 794
467 794
832 794
794 787
680 794
794 783
9 794
794 836
794 930
71 794
110 794
794 405
928 794
794 696
764 794
88 794
754 794
106 794
886 794
234 794
794 371
794 375
794 256
757 794
794 503
794 881
907 794
273 794
794 161
959 794
693 794
794 266
874 794
287 794
41 794
113 794
794 859
794 818
794 963
794 224
397 794
794 253
794 474
804 794
92 794
794 497
753 794
794 214
885 794
993 794
736 794
830 794
373 794
794 365
147 794
306 794
316 794
418 794
794 333
409 794
794 730
588 794
380 794
392 794
247 794
734 794
32 794
815 794
794 675
794 756
781 794
893 794
794 977
794 596
794 579
444 794
794 897
794 938
794 845
372 794
83 794
236 794
871 794
829 794
794 667
794 981
593 794
794 307
794 788
461 794
794 647
733 794
794 349
645 794
697 794
794 620
794 527
794 317
141 794
463 794
794 400
794 573
607 794
156 794
449 794
716 794
469 794
794 790
794 694
231 794
794 480
794 402
160 794
972 794
794 578
794 621
604 794
794 522
121 794
794 681
794 801
695 794
794 291
794 472
152 794
655 794
194 794
794 311
878 794
477 794
918 794
794 118
794 746
496 794
794 18
880 794
569 794
794 215
343 794
794 722
847 794
268 794
465 794
794 379
426 794
3 794
794 189
724 794
794 899
794 370
794 188
794 85
843 794
956 794
501 794
252 794
624 794
794 112
