1000
348 567
932 737
892 211
384 728
788 48
788 701
113 693
462 13
835 576
716 109
673 924
333 570
718 262
688 383
297 837
505 217
370 480
123 271
282 85
707 126
508 276
855 604
75 291
914 775
186 144
69 346
662 173
183 323
637 452
233 588
794 720
374 768
514 621
873 573
316 13
985 260
503 762
319 723
505 849
435 857
35 286
313 352
623 895
785 440
95 749
974 380
788 948
104 299
972 257
909 884
460 142
94 799
636 943
610 262
470 549
739 554
718 530
331 767
446 768
942 748
32 907
314 955
147 955
595 566
340 45
536 710
439 145
12 748
697 761
788 21
701 735
696 99
363 868
850 189
68 493
319 978
956 717
181 462
127 284
288 385
764 78
948 171
129 728
623 804
249 204
808 80
358 574
486 424
820 671
710 403
790 923
427 898
517 468
329 383
918 248
908 241
273 672
301 171
750 299
27 263
122 959
316 554
161 860
587 668
704 176
883 519
402 92
736 949
830 205
19 766
95 291
791 9
388 486
498 248
325 182
919 225
90 215
920 312
453 591
19 683
242 393
199 852
857 292
586 381
902 622
727 159
369 524
225 102
473 261
891 637
654 115
270 972
860 135
557 875
81 775
267 291
934 564
223 925
869 221
632 330
886 462
512 630
441 976
936 162
573 216
365 919
882 681
406 625
925 584
626 623
321 476
50 7
725 698
195 917
519 597
861 501
698 557
581 271
11 281
723 767
545 389
619 136
519 614
123 715
983 541
961 200
485 796
168 521
530 171
967 622
298 414
966 196
355 379
14 336
395 511
298 121
574 790
289 326
901 811
689 32
680 646
663 281
732 801
84 272
748 706
810 375
23 540
655 291
858 314
723 332
95 346
779 807
546 718
412 591
974 818
319 849
885 222
182 307
470 532
356 782
822 155
845 666
103 877
808 244
220 919
576 493
499 57
413 946
667 882
171 894
252 915
195 34
298 54
967 993
531 324
180 691
520 299
429 977
232 320
652 147
472 167
723 64
482 332
791 126
738 694
956 908
524 271
963 467
582 773
598 507
541 995
283 518
583 446
854 351
170 937
60 637
152 773
925 553
411 576
389 707
353 154
202 94
339 80
762 161
925 619
29 661
723 112
234 678
849 294
174 167
647 55
192 936
663 657
154 129
229 709
475 769
897 988
941 119
559 819
453 801
928 290
966 794
455 762
550 791
347 265
955 428
806 857
684 566
991 967
644 138
234 524
738 8
201 554
71 833
729 39
117 804
246 974
319 734
637 48
568 324
950 290
113 245
272 757
429 479
675 524
444 791
971 210
109 1
644 566
946 955
348 919
421 864
64 949
965 293
714 849
808 77
154 884
15 193
189 35
618 513
293 255
92 761
52 692
593 889
111 731
997 132
403 114
59 183
441 538
405 7
870 576
217 7
695 387
17 25
743 862
320 547
748 233
575 715
922 424
369 150
113 825
481 708
937 754
56 979
494 969
637 449
874 375
605 873
369 305
516 719
632 577
518 914
29 61
577 139
407 705
896 650
873 1
156 948
849 584
644 247
175 721
534 295
870 929
955 795
177 596
889 552
589 811
534 789
788 438
26 641
205 394
320 104
913 426
745 968
100 854
906 16
355 92
617 816
215 42
677 886
473 520
563 315
303 420
669 321
260 294
693 706
191 808
125 665
814 380
690 794
471 602
661 964
431 418
793 277
493 947
647 105
607 535
719 467
539 727
974 868
248 86
456 892
605 592
899 968
712 752
974 430
324 39
980 689
238 131
144 146
351 893
99 12
733 372
835 45
666 285
505 273
673 928
632 565
376 297
202 343
316 542
964 425
463 383
509 53
272 106
233 475
708 242
296 946
67 710
642 514
796 90
954 889
364 195
386 60
30 111
896 197
953 829
973 182
980 370
375 931
401 662
166 728
149 477
24 540
900 143
399 397
71 925
164 837
421 867
979 77
993 656
170 730
941 856
318 841
138 484
59 765
468 945
744 664
268 434
711 688
675 597
416 932
202 794
800 446
638 66
868 494
639 392
999 492
276 911
235 393
461 843
28 821
631 788
212 702
816 21
2 603
921 361
37 212
149 647
659 585
944 724
593 321
167 649
676 616
981 60
271 691
83 822
698 22
966 613
695 317
41 445
349 347
514 784
526 611
571 606
241 487
748 110
486 131
260 360
34 347
576 844
163 844
89 608
92 8
887 305
637 89
266 51
593 462
277 968
922 159
997 701
464 374
880 440
191 345
915 999
849 35
585 970
400 842
866 513
377 746
160 366
787 689
458 83
284 937
549 275
385 47
821 953
876 804
372 993
398 524
919 219
273 271
423 319
786 795
257 616
761 311
928 354
395 803
461 632
992 477
986 742
264 998
851 228
740 180
466 637
483 19
124 28
544 48
164 505
861 300
957 190
755 310
978 504
157 318
672 144
342 147
390 493
590 875
167 94
969 409
559 619
108 813
404 424
879 658
222 523
223 25
384 702
549 849
468 773
554 633
446 515
648 96
168 565
122 920
741 388
846 475
362 966
249 594
804 285
686 194
58 910
82 759
177 350
512 317
125 982
254 815
882 337
871 505
732 87
455 91
788 117
432 165
904 642
977 753
776 481
57 363
381 700
548 770
748 273
389 665
450 141
728 549
616 134
328 458
484 308
871 298
273 381
710 152
156 986
53 651
628 186
927 877
525 468
936 547
821 392
481 418
942 627
151 502
848 312
439 229
222 282
653 49
808 515
86 619
553 838
766 242
863 374
402 161
912 817
43 311
389 611
77 140
465 392
968 559
330 251
553 151
92 966
939 897
574 1
360 747
368 851
21 934
250 252
661 643
48 748
785 811
338 520
507 820
258 439
896 873
363 98
639 527
23 832
253 966
347 388
699 204
403 457
622 286
94 971
695 522
584 96
537 594
281 759
333 908
23 142
881 423
424 722
396 214
661 236
417 259
178 441
502 408
689 218
141 468
933 964
361 789
128 249
337 227
293 185
271 847
341 612
953 3
635 71
71 609
40 906
426 138
486 593
378 101
558 989
916 240
634 629
429 717
383 958
576 214
744 34
578 84
985 194
420 18
990 19
31 702
69 206
838 184
105 306
309 377
141 378
179 288
706 590
763 355
467 170
856 295
199 48
703 572
48 963
629 647
497 467
427 474
113 801
956 280
463 35
770 640
266 148
713 801
237 179
233 229
587 295
605 72
289 181
422 122
815 29
307 391
925 996
196 266
984 327
836 707
239 141
809 635
890 61
295 424
19 278
147 600
471 95
338 415
41 299
642 373
4 952
6 126
192 395
351 48
282 565
827 599
674 462
69 758
8 779
903 33
63 421
466 859
65 821
919 313
349 302
660 791
242 865
643 269
861 902
992 543
505 926
359 384
70 930
987 357
222 510
808 233
144 447
356 256
143 580
122 849
286 778
842 149
226 811
40 871
120 578
796 0
792 747
593 29
671 540
541 294
460 334
130 673
416 925
755 327
670 393
153 292
774 702
625 25
36 251
556 666
414 58
487 840
868 46
289 828
947 919
499 382
142 143
196 970
801 687
771 877
869 243
961 347
175 500
692 971
805 26
957 956
805 540
721 594
443 784
878 624
291 878
337 811
156 70
790 812
169 690
44 193
695 878
529 817
147 607
762 263
478 486
839 284
962 401
672 853
83 351
70 831
506 45
247 579
60 81
29 293
558 800
230 505
436 439
183 868
636 354
191 879
118 139
256 702
544 495
28 217
927 823
421 468
2 800
53 13
562 195
62 601
772 494
203 683
797 743
849 755
872 821
319 791
5 9
419 287
994 796
682 847
324 938
97 796
73 74
968 952
18 728
486 320
160 762
645 438
15 907
892 773
318 496
905 977
252 568
953 172
493 35
407 280
529 798
237 92
561 322
274 906
878 783
299 165
594 723
25 20
351 898
138 855
826 715
187 794
939 353
679 403
505 490
565 347
438 940
279 955
854 935
613 344
60 134
393 318
442 858
309 168
347 451
712 553
126 341
79 607
977 960
710 489
752 76
829 38
268 868
424 514
559 397
208 309
599 191
860 673
775 88
801 10
32 381
707 259
851 515
493 644
410 462
987 225
402 388
709 680
584 834
830 35
726 58
888 858
466 751
704 760
488 727
748 468
111 19
904 781
224 223
574 925
334 93
167 777
233 780
402 82
304 493
615 217
78 21
188 225
419 701
815 551
607 209
108 975
727 770
534 508
951 324
629 493
117 142
371 623
133 462
927 126
271 824
827 137
12 33
158 184
785 242
660 367
331 944
931 438
437 370
974 748
788 955
644 459
563 358
701 531
335 615
196 74
555 540
601 28
138 336
182 940
561 696
749 727
319 49
857 644
802 576
207 322
291 998
12 231
280 126
107 788
728 454
429 560
213 134
433 701
744 198
133 756
706 912
485 868
862 448
440 593
703 410
381 578
662 629
620 513
142 108
424 638
607 116
479 654
42 528
571 471
221 669
491 428
966 916
760 159
866 361
629 685
569 191
388 505
448 467
237 533
320 596
979 469
35 178
386 191
683 515
375 639
827 125
832 835
229 575
976 612
799 322
667 181
445 371
475 86
202 535
165 239
250 413
926 945
229 116
534 753
610 578
721 98
487 433
588 62
524 388
826 224
922 358
407 193
980 961
208 26
326 867
725 41
486 212
306 595
203 893
300 233
891 632
195 985
867 775
425 814
940 625
975 232
578 72
983 209
849 855
298 141
381 93
393 988
379 851
324 332
120 781
738 559
342 250
883 365
563 513
420 749
277 904
201 892
33 408
781 323
427 456
851 634
884 242
690 397
46 722
241 653
751 861
603 981
462 928
887 201
57 102
618 441
574 584
615 537
987 974
684 888
706 760
369 702
371 359
284 816
862 722
43 977
267 379
799 485
413 740
983 900
363 302
10 676
917 854
685 927
853 709
268 865
746 831
917 257
143 829
651 390
534 472
915 553
935 321
858 923
554 46
174 595
197 705
886 483
868 722
294 549
908 467
252 182
203 114
829 806
581 392
130 718
248 808
619 521
301 316
692 295
638 489
46 652
13 830
717 970
427 483
962 302
790 253
45 179
877 486
340 248
733 854
511 486
307 317
640 180
908 630
953 162
842 985
450 331
829 439
905 512
707 807
199 687
101 459
41 329
326 207
478 596
504 98
179 774
677 136
350 31
939 83
632 280
886 530
573 90
978 779
614 987
904 389
217 514
833 560
169 316
886 663
44 790
973 855
772 846
507 557
569 812
351 506
996 396
642 376
775 121
61 509
373 907
603 437
360 726
806 89
355 709
130 286
626 597
648 130
130 236
703 583
612 464
300 435
398 710
725 476
998 351
115 219
594 900
353 825
106 950
215 451
822 116
86 328
555 595
556 854
408 228
688 855
250 189
548 245
476 946
323 50
309 654
135 260
749 395
826 329
922 217
283 446
665 736
486 119
287 442
876 347
48 321
153 467
577 340
239 484
988 255
576 399
789 91
355 99
755 891
759 226
177 153
180 807
941 639
310 807
885 762
103 111
488 876
410 135
142 820
291 683
404 408
550 398
620 614
723 937
335 620
605 10
693 553
151 866
719 547
136 358
194 408
400 710
639 600
770 3
233 220
352 520
994 323
539 828
985 645
859 755
318 284
674 754
108 396
562 893
951 915
654 225
359 757
709 878
928 334
304 738
108 17
801 264
682 302
946 223
841 486
125 758
432 287
54 926
476 75
71 60
205 148
349 922
465 995
205 963
486 9
564 916
401 829
578 700
138 276
252 600
821 508
752 690
523 551
171 287
86 696
176 468
386 41
270 594
749 303
405 797
445 725
97 96
177 654
66 230
3 675
761 281
660 403
770 426
722 869
477 392
533 679
635 608
944 623
4 285
412 122
644 650
349 325
675 649
607 260
444 621
280 107
756 211
350 790
334 575
337 190
238 81
896 507
344 710
352 942
52 772
932 885
110 301
617 711
446 721
398 538
44 450
292 505
1 853
817 681
282 963
419 618
704 644
429 562
906 280
610 455
297 853
593 943
924 294
737 176
4 120
784 176
729 101
847 349
652 21
725 819
711 247
378 749
855 706
546 569
528 586
393 549
765 612
256 219
615 490
664 683
920 997
647 803
37 709
153 5
3 884
145 503
631 803
360 422
12 361
95 683
493 825
788 984
113 613
79 756
609 438
47 711
122 431
361 821
299 724
715 218
551 273
37 761
915 8
722 919
634 35
678 47
805 791
174 129
241 953
795 679
623 38
748 113
141 326
432 604
197 440
764 891
355 205
804 11
327 495
481 534
40 598
93 277
982 658
106 271
947 96
894 779
113 37
991 863
724 692
642 784
155 185
82 122
380 691
701 711
295 354
334 51
900 882
815 242
39 25
414 49
594 694
69 299
766 693
910 805
386 710
247 96
408 135
475 166
720 495
314 393
391 742
744 326
537 447
276 1
41 322
313 263
993 654
62 302
183 616
313 202
99 165
360 97
931 732
846 206
284 66
825 949
986 300
87 714
578 53
248 932
445 92
494 583
567 503
903 911
884 81
950 809
226 500
929 498
480 102
904 575
99 606
960 958
2 82
383 759
279 553
559 1
298 492
370 881
140 149
734 77
540 426
534 617
505 319
450 423
929 145
26 296
725 416
865 547
561 669
476 455
940 356
240 460
111 534
629 853
231 892
315 231
572 396
657 153
743 792
85 692
731 312
144 444
708 842
458 606
971 184
357 242
230 21
558 808
833 563
123 107
27 674
159 487
627 670
844 500
763 974
46 441
401 269
109 502
107 117
14 594
309 564
401 88
830 962
403 196
827 19
732 550
260 519
865 853
372 882
130 814
775 646
408 880
989 628
364 763
846 662
734 956
855 568
991 289
962 594
565 674
397 396
835 733
780 379
661 255
147 305
797 174
591 248
41 278
724 247
890 83
969 399
342 908
177 168
427 938
146 157
379 260
54 730
561 350
673 911
286 202
575 219
734 388
66 424
736 137
869 133
993 967
523 8
573 631
21 872
388 42
300 881
44 499
349 709
529 336
346 800
632 804
152 886
41 467
197 952
454 631
21 833
864 328
972 966
587 953
489 747
241 685
778 881
176 465
108 965
775 105
655 250
512 251
266 861
105 41
153 803
932 241
126 831
480 272
490 491
280 234
181 777
226 421
453 643
790 411
702 156
131 572
861 373
7 656
606 846
561 671
73 718
958 393
670 992
771 861
712 865
608 815
388 65
40 925
388 603
5 874
140 505
552 361
197 910
575 895
300 458
578 658
554 63
601 547
243 527
955 939
321 386
611 917
211 895
166 479
341 709
693 98
545 535
888 563
789 543
560 837
96 353
41 798
985 853
5 781
810 662
590 720
146 379
698 190
373 184
393 99
290 865
773 631
767 418
910 745
8 247
870 104
570 371
693 390
342 776
210 25
24 975
989 705
874 562
442 41
113 695
246 854
908 709
445 589
22 983
777 625
349 665
254 200
406 398
713 451
24 340
425 240
908 569
132 25
156 697
660 189
449 368
704 948
461 733
865 970
105 621
476 494
566 723
720 70
465 15
457 885
546 385
832 30
368 501
288 733
494 183
948 659
513 689
346 908
397 352
170 945
629 638
922 78
384 204
680 142
885 866
293 541
851 863
914 397
366 771
458 417
531 406
349 964
958 691
110 408
928 249
541 580
267 516
626 582
291 831
486 371
254 692
526 915
139 529
214 390
724 145
566 718
556 18
785 142
213 731
192 868
355 902
302 470
678 541
94 285
728 957
434 503
672 769
843 737
428 321
378 101
899 334
631 699
991 452
122 398
577 463
66 637
828 66
510 503
566 783
100 616
722 482
3 176
415 878
734 329
966 378
163 184
258 832
952 595
798 160
999 774
214 584
505 662
855 317
345 227
132 610
239 67
765 474
893 204
253 330
30 850
794 324
202 300
657 724
690 19
782 858
823 633
626 735
936 62
231 299
848 857
505 166
750 102
903 627
953 672
247 480
527 702
374 886
725 920
811 800
219 68
575 856
921 629
491 176
191 56
551 818
871 941
960 933
727 43
113 222
166 668
729 61
127 787
962 407
710 218
43 681
953 720
767 166
308 434
517 674
255 883
643 46
993 873
248 377
675 591
838 774
990 615
975 477
34 24
702 264
858 988
451 958
675 28
538 44
10 473
375 167
840 949
572 779
441 275
208 459
212 777
796 622
312 897
5 518
239 714
291 775
527 932
978 237
109 325
76 542
630 262
988 348
676 235
36 432
391 20
524 839
591 46
362 629
960 886
785 918
538 536
448 332
701 6
698 339
627 895
186 636
397 466
55 949
852 914
886 49
512 382
599 133
963 438
451 759
527 681
12 396
373 704
963 134
0 727
596 165
142 793
824 131
172 895
343 154
497 467
748 139
861 247
265 963
177 641
150 165
437 23
166 185
47 507
202 848
441 522
121 895
202 786
274 505
959 7
487 173
142 979
471 448
441 512
86 449
912 247
387 929
379 247
311 554
863 687
610 834
244 770
16 648
161 240
995 198
836 235
287 624
259 732
623 704
826 158
261 578
142 711
64 923
343 54
913 696
600 174
596 190
84 363
475 593
789 570
736 860
829 928
367 636
591 957
320 422
806 496
947 774
622 785
867 216
124 830
46 41
716 344
739 300
338 672
474 29
266 59
835 71
487 355
839 448
655 602
550 586
227 813
235 595
749 853
470 666
876 992
668 409
399 96
792 430
74 495
353 934
779 974
379 188
948 939
341 221
807 709
484 998
592 833
595 571
606 870
279 898
102 80
329 612
402 947
44 633
560 544
715 686
858 525
174 854
107 386
128 98
112 823
214 889
585 666
47 579
479 809
300 227
305 871
795 174
245 102
7 361
119 469
408 802
952 984
879 661
572 675
321 768
968 803
730 187
40 299
118 781
542 831
724 962
243 743
741 819
206 312
619 5
355 733
538 855
631 164
62 901
930 885
443 135
633 178
877 394
954 203
754 577
436 842
616 58
107 735
457 532
909 676
875 476
845 540
710 127
554 961
939 32
333 980
311 175
968 391
367 450
349 54
