1000
67 288
409 23
779 637
530 714
711 815
784 568
14 267
167 865
569 714
215 725
682 541
354 808
727 712
455 524
704 189
774 533
310 250
689 145
10 676
430 631
488 887
38 939
931 767
49 299
908 224
737 558
896 292
623 420
100 907
418 483
274 952
198 645
532 347
555 395
414 535
2 721
733 46
655 366
732 736
817 905
584 352
351 856
570 676
758 150
988 842
752 250
393 665
107 452
788 773
774 845
767 211
577 665
295 787
572 458
40 725
768 72
478 80
538 813
492 20
423 583
128 993
879 272
508 359
110 858
344 80
49 901
208 462
528 40
52 998
361 445
106 646
678 983
845 192
654 393
625 211
582 50
800 842
260 604
703 665
194 742
920 820
993 4
948 593
915 703
330 743
482 790
158 133
869 502
512 642
975 226
129 405
343 470
884 954
905 887
962 629
595 152
851 724
932 740
966 224
171 581
8 312
758 325
592 235
871 718
592 407
656 268
619 357
23 663
40 193
951 838
559 704
515 36
166 700
991 451
207 326
179 836
647 930
160 590
895 509
908 114
283 448
32 108
282 291
863 425
240 849
964 731
284 998
224 330
825 709
945 996
147 288
218 39
560 536
90 991
125 587
864 460
428 352
529 549
324 184
826 818
537 190
852 798
492 289
333 729
405 677
785 651
961 529
327 367
799 53
856 747
112 267
723 887
49 648
346 203
939 471
415 966
79 443
131 87
999 859
570 62
161 393
947 769
600 131
105 0
341 576
563 402
604 649
633 517
974 619
231 387
449 283
509 925
996 368
81 556
898 899
539 712
160 869
350 735
133 57
453 28
975 661
842 588
575 532
384 309
323 963
133 433
851 932
544 209
174 220
919 735
381 240
206 950
363 288
118 581
476 517
361 535
503 653
370 355
442 339
867 754
177 984
877 959
137 100
753 119
242 557
382 920
681 61
10 23
399 53
465 556
909 620
507 370
872 61
201 622
682 804
28 558
523 428
173 127
152 615
422 634
838 618
423 815
244 941
674 528
876 766
165 60
224 562
272 496
997 92
920 252
120 917
640 323
706 558
183 828
534 81
719 638
42 786
227 268
37 155
920 558
553 293
328 858
308 930
94 888
927 836
125 734
663 860
222 418
763 350
302 54
982 656
663 104
79 477
198 685
793 508
986 328
983 286
704 674
844 978
397 90
728 745
977 703
821 546
7 971
53 249
388 206
422 266
177 178
272 948
793 1
793 198
601 219
993 262
211 847
853 627
614 200
522 840
577 380
163 371
795 246
18 125
881 288
232 674
244 246
892 520
383 78
776 525
316 611
259 910
581 741
504 907
508 825
579 539
15 228
541 463
276 273
397 992
448 636
156 980
720 89
833 635
762 370
704 504
527 538
596 904
928 2
116 42
258 251
50 3
768 883
437 334
800 475
448 829
486 455
36 980
248 922
581 27
396 450
657 292
927 891
865 593
665 491
565 242
403 851
157 806
149 687
732 980
824 416
484 483
559 601
121 740
676 401
498 372
386 643
81 263
160 546
535 494
150 775
547 571
194 47
347 764
877 352
700 957
396 540
512 693
906 479
892 400
558 165
265 594
105 22
237 176
672 654
23 875
631 371
197 306
178 48
508 842
732 33
671 248
511 69
83 657
483 224
737 694
952 437
168 399
411 391
493 715
426 671
148 831
868 558
902 516
932 761
308 761
211 641
9 430
317 693
962 135
590 159
8 642
76 640
604 919
178 439
792 35
109 26
707 784
574 11
906 624
100 892
419 243
346 81
844 186
356 907
64 211
471 247
188 712
364 495
130 125
958 867
768 238
854 251
239 396
810 472
287 338
938 887
787 73
872 688
221 544
704 99
704 697
900 191
789 470
877 531
294 340
894 630
415 558
793 196
56 889
880 544
601 828
130 943
704 652
918 367
702 612
310 444
127 692
180 861
741 111
480 188
230 169
948 783
615 939
368 21
598 739
913 559
70 318
323 522
10 857
353 757
240 91
750 749
822 450
705 559
379 354
394 80
909 55
438 985
466 607
433 998
440 662
145 919
470 631
434 586
517 15
775 722
518 59
703 558
842 803
832 666
619 82
857 245
35 289
308 550
935 153
625 307
265 270
279 818
93 522
545 730
903 713
522 962
726 663
544 631
885 13
383 558
543 907
168 692
81 291
214 599
767 332
603 46
908 447
673 291
904 667
829 781
913 971
536 811
805 142
634 761
490 703
354 924
609 771
879 981
728 738
945 46
758 597
767 601
274 744
470 262
506 160
17 654
464 943
934 296
411 664
593 616
311 224
108 599
710 272
761 305
33 458
471 275
69 254
253 865
560 84
144 185
237 374
625 916
150 908
613 794
617 252
836 2
175 395
934 69
794 909
517 556
372 424
269 976
581 278
469 496
477 86
983 791
966 651
50 892
810 214
919 138
701 453
628 324
172 762
316 132
949 931
626 953
605 587
938 778
471 551
240 293
710 552
825 285
675 698
846 474
762 910
900 556
429 47
482 777
457 36
970 56
912 690
448 396
407 622
933 212
708 559
973 769
91 320
637 306
113 544
164 262
133 966
507 756
301 934
44 886
715 29
835 936
538 557
630 97
127 0
205 404
121 331
844 809
695 100
145 682
563 291
890 172
124 855
883 241
5 466
245 897
797 513
411 803
356 280
309 139
862 136
141 95
581 267
0 216
909 600
578 113
573 954
315 230
810 816
197 81
691 793
517 501
815 680
628 185
418 162
348 989
628 772
838 367
718 339
407 571
235 322
51 984
525 258
559 205
406 270
68 621
838 864
979 145
877 761
59 508
877 261
125 895
589 621
732 421
416 990
489 217
70 610
364 780
742 234
290 261
458 944
122 168
735 623
558 508
937 837
341 919
929 709
777 272
224 980
871 864
917 769
303 951
870 675
13 220
819 759
873 576
909 554
168 784
797 414
241 674
61 337
125 392
11 258
698 194
907 34
767 805
37 909
998 926
178 569
206 836
458 730
253 830
707 431
878 481
24 880
573 942
802 490
192 273
995 634
485 987
551 156
148 755
308 728
349 520
966 894
297 567
158 243
943 814
696 952
823 838
489 877
448 964
240 149
250 716
68 566
283 309
848 36
396 95
66 754
390 857
966 877
375 948
178 281
783 207
604 69
198 90
273 257
329 274
196 596
472 435
410 507
829 887
359 749
8 300
466 478
104 71
470 680
12 246
861 13
765 579
966 200
932 485
585 551
653 857
255 535
270 912
2 933
846 136
402 812
272 834
584 80
954 704
151 742
373 64
242 461
581 663
659 871
90 839
37 456
575 827
879 19
643 879
166 945
362 800
973 454
44 954
780 486
0 195
323 342
892 548
719 144
654 956
361 242
639 503
732 213
223 255
376 265
557 921
602 88
997 203
144 619
809 606
954 644
67 757
102 703
542 782
877 336
646 323
783 935
761 836
13 194
126 809
103 408
2 499
747 143
319 443
271 719
562 26
788 437
842 125
525 294
185 704
8 254
86 85
889 224
842 522
738 608
728 321
776 898
909 770
665 264
276 782
225 842
157 663
863 745
77 670
286 23
877 42
369 210
356 377
626 833
315 934
521 512
360 389
16 890
154 790
717 767
557 318
292 240
31 246
250 713
748 203
948 972
943 74
98 404
46 160
967 462
0 417
601 794
492 443
754 535
912 827
964 824
413 909
978 668
836 177
206 671
447 432
399 29
649 500
737 54
963 389
564 167
929 826
81 856
242 337
674 96
741 45
346 405
879 787
746 106
981 345
108 510
194 704
966 27
272 10
825 621
601 438
895 560
250 179
529 539
661 144
328 966
63 344
760 239
398 415
627 708
354 819
937 248
985 751
783 906
626 299
625 876
3 314
100 846
896 874
117 787
913 609
969 25
561 291
486 382
399 580
229 971
989 150
783 497
852 211
424 206
663 304
269 655
999 794
565 224
739 635
980 882
632 127
240 440
278 473
323 658
281 427
156 835
703 947
920 365
203 932
192 291
504 240
150 686
845 170
52 940
75 352
687 467
606 965
287 135
41 297
856 39
403 487
656 846
841 412
655 838
88 579
871 58
680 539
139 994
835 123
346 599
964 866
970 526
256 865
861 679
125 94
254 181
505 301
946 201
704 448
147 831
481 297
140 823
525 565
233 558
796 307
546 980
877 960
450 199
441 254
190 386
555 516
741 492
954 844
947 684
29 6
753 160
462 237
147 644
631 133
699 150
452 655
912 558
728 914
487 591
313 538
335 107
590 103
680 77
895 592
611 556
330 923
544 459
446 190
516 69
864 546
514 51
784 308
536 236
15 385
983 358
210 433
702 59
879 850
138 65
275 182
104 968
955 165
504 246
308 586
277 629
115 466
893 265
626 726
930 843
952 237
841 699
298 992
544 819
387 168
479 669
660 989
666 177
568 468
42 89
436 578
39 855
145 30
501 204
519 851
400 807
342 729
25 12
650 591
53 481
203 801
134 711
448 224
683 365
762 680
619 187
686 101
64 202
827 146
877 69
451 378
43 777
237 947
911 559
192 7
405 440
695 252
377 16
862 802
877 397
379 165
283 438
117 245
667 444
203 465
324 670
825 384
498 679
925 57
152 728
453 265
401 750
714 440
782 302
885 489
569 828
35 216
311 763
675 870
533 907
279 61
694 871
658 704
356 811
531 763
931 879
614 743
208 622
782 632
581 212
306 415
441 163
203 918
904 755
578 432
479 116
539 949
300 447
355 627
88 297
999 147
214 476
140 258
846 692
908 617
274 784
106 1
644 235
88 519
10 504
988 566
127 715
832 297
786 129
753 894
909 72
13 582
781 568
686 120
82 650
270 254
220 203
525 735
78 406
610 39
258 348
107 340
875 217
454 226
937 32
412 907
286 183
559 323
435 221
746 267
501 720
721 61
763 258
20 609
147 431
540 682
721 976
277 958
700 330
954 155
583 265
653 75
459 214
239 219
549 898
522 562
392 407
501 229
900 41
680 448
258 836
869 928
440 458
610 501
903 263
247 543
652 218
20 619
224 160
254 721
326 87
802 41
920 351
698 688
401 998
797 890
291 580
809 554
494 575
80 941
772 963
392 249
292 953
575 897
392 312
752 235
895 724
19 692
820 44
302 430
869 635
663 955
987 703
83 634
446 563
834 95
797 986
441 274
591 360
684 949
436 515
776 783
754 436
714 659
838 35
392 84
418 479
712 10
253 799
837 57
974 497
937 443
873 913
55 93
468 986
861 624
602 421
785 335
866 88
334 852
580 569
807 877
333 730
724 14
802 825
842 802
327 579
19 575
593 274
514 375
470 791
381 280
896 347
745 872
287 315
48 882
719 574
451 80
471 674
301 619
75 548
925 385
147 575
681 905
842 691
214 332
302 945
751 51
891 50
273 123
85 343
86 927
0 52
236 167
376 284
200 719
198 400
490 751
760 199
942 920
572 695
850 618
297 188
983 14
992 796
150 837
714 717
550 512
543 185
114 778
6 656
282 547
548 599
942 879
329 157
805 675
21 585
943 440
741 808
937 714
750 121
40 590
382 825
750 981
445 77
511 960
928 826
781 695
442 170
748 281
814 67
762 70
152 567
157 338
451 605
39 11
828 855
919 236
138 869
286 910
532 8
886 798
61 635
805 880
518 517
481 48
603 158
414 638
467 419
649 383
363 358
656 595
652 312
942 417
802 19
204 77
74 871
576 134
555 368
514 62
685 592
967 532
940 927
267 788
789 977
937 570
912 750
349 520
577 297
959 761
503 328
381 30
966 416
56 569
964 206
149 545
542 957
350 295
549 69
773 515
312 277
508 360
895 480
622 792
117 183
818 507
394 226
782 499
459 903
340 183
549 210
753 728
143 242
308 392
462 841
978 554
765 181
893 566
579 613
666 368
416 309
948 312
158 366
642 42
517 434
125 925
463 925
116 516
171 438
659 919
172 672
284 840
509 326
734 169
457 168
556 116
593 800
892 657
89 31
496 761
238 855
670 198
557 962
700 161
884 659
419 54
497 750
211 874
881 318
681 399
145 386
424 175
104 815
628 191
14 210
170 883
251 182
34 495
422 521
9 688
731 326
262 742
906 394
789 73
830 711
325 142
54 67
61 749
894 272
935 530
544 288
865 266
285 710
592 461
941 239
603 745
80 756
937 631
51 276
887 512
50 297
723 897
443 901
488 842
260 120
266 170
19 124
955 953
227 728
862 735
664 128
961 566
960 613
202 317
843 395
127 779
770 348
981 536
802 452
212 503
718 211
713 216
655 957
482 237
856 660
47 656
862 707
500 1
33 578
159 34
518 212
374 684
187 644
731 740
511 344
60 540
847 874
690 738
831 680
277 133
394 411
914 852
134 497
578 410
636 842
537 688
293 471
523 888
637 320
992 39
950 265
703 312
266 20
153 151
447 886
153 378
316 743
206 671
659 317
575 560
915 371
406 305
434 966
890 976
873 232
200 106
185 402
557 332
568 588
520 909
29 887
842 473
323 176
890 584
825 485
472 461
2 213
108 235
294 937
413 697
675 535
721 965
373 659
367 156
939 286
522 939
552 307
118 826
713 505
973 773
214 48
136 921
68 472
79 302
744 240
924 337
992 726
676 452
793 761
17 523
940 174
922 853
70 771
818 383
180 113
358 436
903 892
334 307
659 128
26 984
528 312
569 978
322 533
27 721
147 564
346 312
404 877
593 709
517 758
234 64
541 908
43 655
689 136
980 839
909 10
821 461
156 193
586 611
937 258
940 716
653 51
567 160
179 102
3 126
969 572
459 671
990 703
902 172
639 223
665 907
573 687
778 461
824 582
256 850
767 447
714 388
688 828
617 629
88 104
41 372
284 575
508 613
512 621
782 19
593 455
851 614
795 874
930 492
493 947
299 520
546 646
940 508
246 339
130 302
626 529
819 940
264 777
551 887
156 406
136 848
919 587
600 289
157 271
793 769
651 606
812 828
313 717
561 275
20 721
50 854
874 640
422 512
333 997
339 565
747 128
613 963
737 303
478 982
606 828
839 49
297 67
866 663
625 368
558 753
146 992
200 254
312 960
184 538
149 594
890 929
256 512
680 453
944 211
61 75
514 951
319 833
383 802
341 607
571 796
74 280
391 680
732 864
371 575
788 432
692 220
109 857
641 968
36 901
162 908
362 615
447 749
297 992
443 15
721 668
458 386
650 683
318 623
402 548
331 878
230 935
277 783
384 235
258 78
751 281
258 944
148 279
850 425
923 996
99 210
529 867
90 803
966 136
53 534
612 819
738 131
886 806
756 956
10 822
127 685
63 620
420 916
601 104
829 103
19 875
599 58
515 64
933 228
344 952
515 585
941 61
859 482
575 231
361 917
172 780
855 389
767 24
593 414
707 63
250 640
980 708
334 487
423 645
584 296
920 544
627 750
348 76
648 197
586 41
908 589
102 804
803 934
144 392
157 508
943 166
71 194
136 924
781 972
724 766
644 600
788 79
321 207
75 326
598 464
110 749
418 645
928 209
506 787
303 336
42 449
249 164
36 298
81 926
269 293
15 428
963 863
727 523
439 509
743 699
403 990
856 241
331 475
681 135
751 975
196 717
738 200
54 845
23 468
852 70
483 322
548 661
615 175
345 457
155 607
459 685
743 321
995 925
335 101
28 389
849 711
926 713
633 948
861 177
94 202
63 387
813 360
407 444
855 314
427 973
426 616
979 696
458 408
923 46
637 907
946 610
19 951
816 284
28 139
13 508
903 204
254 248
92 885
575 268
873 979
764 482
844 831
760 339
916 82
923 185
630 361
459 682
191 648
526 916
907 151
957 937
443 323
326 938
369 756
971 216
402 339
304 211
343 452
731 546
103 860
366 615
429 553
916 692
22 461
437 0
942 411
943 109
643 684
985 189
668 303
855 181
438 37
284 141
887 613
768 125
406 566
781 4
608 773
10 728
83 236
792 653
147 677
950 494
947 596
97 884
811 198
392 111
810 318
893 409
399 474
371 45
214 255
662 540
198 186
998 660
179 904
802 70
701 470
248 947
734 684
391 989
920 492
784 354
468 65
738 538
120 532
400 533
192 586
502 694
486 179
475 459
189 71
469 59
297 935
728 323
86 510
254 732
705 751
195 272
613 750
132 913
954 342
1 527
867 82
532 61
370 348
980 577
828 471
244 772
566 466
876 941
450 53
902 942
889 135
330 449
31 271
120 679
656 20
437 106
327 693
678 942
610 843
310 894
811 484
841 678
761 676
189 635
282 919
95 548
665 713
736 942
379 271
222 811
524 325
284 201
506 101
432 858
433 892
937 19
863 26
994 818
315 106
903 658
115 695
90 282
347 248
447 598
595 899
213 330
725 286
760 364
460 691
802 695
92 970
365 647
57 392
828 825
470 452
373 590
111 112
256 173
312 262
513 325
902 398
295 728
154 872
178 937
891 617
613 684
860 695
911 5
261 719
563 532
729 491
667 259
757 680
907 777
302 396
543 242
873 823
258 721
744 719
242 877
991 363
727 18
968 954
478 711
827 436
922 299
926 932
180 386
517 93
602 25
810 406
352 630
450 353
732 913
826 126
820 346
426 642
330 384
198 491
730 449
451 205
273 452
159 980
285 25
265 98
101 961
533 721
859 877
603 656
257 520
861 868
17 665
361 270
897 122
936 122
678 100
182 816
119 313
275 253
450 470
951 190
501 137
946 233
669 127
88 5
325 456
858 66
258 613
995 597
32 38
243 198
232 215
75 678
84 380
630 553
907 479
935 548
759 913
440 225
942 286
420 59
531 573
235 365
731 359
861 937
306 635
390 53
833 716
274 732
743 852
794 153
20 223
973 732
270 741
790 625
297 654
805 960
991 775
673 575
604 268
714 722
477 887
274 774
136 135
228 271
435 358
377 537
702 58
384 438
253 270
567 357
569 25
91 266
434 907
278 253
823 96
92 714
648 75
733 41
835 902
736 393
631 179
92 666
706 955
682 402
766 569
817 930
290 637
106 801
633 12
258 105
950 478
585 149
968 973
993 842
697 560
919 280
399 786
977 767
457 114
524 532
739 217
