998
999 331 999 917
998 331 998 917
997 331 997 917
996 331 996 917
995 331 995 917
994 331 994 917
993 331 993 917
992 331 992 917
991 331 991 917
990 331 990 917
989 331 989 917
988 331 988 917
987 331 987 917
986 331 986 917
985 331 985 917
984 331 984 917
983 331 983 917
982 331 982 917
981 331 981 917
980 331 980 917
979 331 979 917
978 331 978 917
977 331 977 917
976 331 976 917
975 331 975 917
974 331 974 917
973 331 973 917
972 331 972 917
971 331 971 917
970 331 970 917
969 331 969 917
968 331 968 917
967 331 967 917
966 331 966 917
965 331 965 917
964 331 964 917
963 331 963 917
962 331 962 917
961 331 961 917
960 331 960 917
959 331 959 917
958 331 958 917
957 331 957 917
956 331 956 917
955 331 955 917
954 331 954 917
953 331 953 917
952 331 952 917
951 331 951 917
950 331 950 917
949 331 949 917
948 331 948 917
947 331 947 917
946 331 946 917
945 331 945 917
944 331 944 917
943 331 943 917
942 331 942 917
941 331 941 917
940 331 940 917
939 331 939 917
938 331 938 917
937 331 937 917
936 331 936 917
935 331 935 917
934 331 934 917
933 331 933 917
932 331 932 917
931 331 931 917
930 331 930 917
929 331 929 917
928 331 928 917
927 331 927 917
926 331 926 917
925 331 925 917
924 331 924 917
923 331 923 917
922 331 922 917
921 331 921 917
920 331 920 917
919 331 919 917
918 331 918 917
916 331 916 917
915 331 915 917
914 331 914 917
913 331 913 917
912 331 912 917
911 331 911 917
910 331 910 917
909 331 909 917
908 331 908 917
907 331 907 917
906 331 906 917
905 331 905 917
904 331 904 917
903 331 903 917
902 331 902 917
901 331 901 917
900 331 900 917
899 331 899 917
898 331 898 917
897 331 897 917
896 331 896 917
895 331 895 917
894 331 894 917
893 331 893 917
892 331 892 917
891 331 891 917
890 331 890 917
889 331 889 917
888 331 888 917
887 331 887 917
886 331 886 917
885 331 885 917
884 331 884 917
883 331 883 917
882 331 882 917
881 331 881 917
880 331 880 917
879 331 879 917
878 331 878 917
877 331 877 917
876 331 876 917
875 331 875 917
874 331 874 917
873 331 873 917
872 331 872 917
871 331 871 917
870 331 870 917
869 331 869 917
868 331 868 917
867 331 867 917
866 331 866 917
865 331 865 917
864 331 864 917
863 331 863 917
862 331 862 917
861 331 861 917
860 331 860 917
859 331 859 917
858 331 858 917
857 331 857 917
856 331 856 917
855 331 855 917
854 331 854 917
853 331 853 917
852 331 852 917
851 331 851 917
850 331 850 917
849 331 849 917
848 331 848 917
847 331 847 917
846 331 846 917
845 331 845 917
844 331 844 917
843 331 843 917
842 331 842 917
841 331 841 917
840 331 840 917
839 331 839 917
838 331 838 917
837 331 837 917
836 331 836 917
835 331 835 917
834 331 834 917
833 331 833 917
832 331 832 917
831 331 831 917
830 331 830 917
829 331 829 917
828 331 828 917
827 331 827 917
826 331 826 917
825 331 825 917
824 331 824 917
823 331 823 917
822 331 822 917
821 331 821 917
820 331 820 917
819 331 819 917
818 331 818 917
817 331 817 917
816 331 816 917
815 331 815 917
814 331 814 917
813 331 813 917
812 331 812 917
811 331 811 917
810 331 810 917
809 331 809 917
808 331 808 917
807 331 807 917
806 331 806 917
805 331 805 917
804 331 804 917
803 331 803 917
802 331 802 917
801 331 801 917
800 331 800 917
799 331 799 917
798 331 798 917
797 331 797 917
796 331 796 917
795 331 795 917
794 331 794 917
793 331 793 917
792 331 792 917
791 331 791 917
790 331 790 917
789 331 789 917
788 331 788 917
787 331 787 917
786 331 786 917
785 331 785 917
784 331 784 917
783 331 783 917
782 331 782 917
781 331 781 917
780 331 780 917
779 331 779 917
778 331 778 917
777 331 777 917
776 331 776 917
775 331 775 917
774 331 774 917
773 331 773 917
772 331 772 917
771 331 771 917
770 331 770 917
769 331 769 917
768 331 768 917
767 331 767 917
766 331 766 917
765 331 765 917
764 331 764 917
763 331 763 917
762 331 762 917
761 331 761 917
760 331 760 917
759 331 759 917
758 331 758 917
757 331 757 917
756 331 756 917
755 331 755 917
754 331 754 917
753 331 753 917
752 331 752 917
751 331 751 917
750 331 750 917
749 331 749 917
748 331 748 917
747 331 747 917
746 331 746 917
745 331 745 917
744 331 744 917
743 331 743 917
742 331 742 917
741 331 741 917
740 331 740 917
739 331 739 917
738 331 738 917
737 331 737 917
736 331 736 917
735 331 735 917
734 331 734 917
733 331 733 917
732 331 732 917
731 331 731 917
730 331 730 917
729 331 729 917
728 331 728 917
727 331 727 917
726 331 726 917
725 331 725 917
724 331 724 917
723 331 723 917
722 331 722 917
721 331 721 917
720 331 720 917
719 331 719 917
718 331 718 917
717 331 717 917
716 331 716 917
715 331 715 917
714 331 714 917
713 331 713 917
712 331 712 917
711 331 711 917
710 331 710 917
709 331 709 917
708 331 708 917
707 331 707 917
706 331 706 917
705 331 705 917
704 331 704 917
703 331 703 917
702 331 702 917
701 331 701 917
700 331 700 917
699 331 699 917
698 331 698 917
697 331 697 917
696 331 696 917
695 331 695 917
694 331 694 917
693 331 693 917
692 331 692 917
691 331 691 917
690 331 690 917
689 331 689 917
688 331 688 917
687 331 687 917
686 331 686 917
685 331 685 917
684 331 684 917
683 331 683 917
682 331 682 917
681 331 681 917
680 331 680 917
679 331 679 917
678 331 678 917
677 331 677 917
676 331 676 917
675 331 675 917
674 331 674 917
673 331 673 917
672 331 672 917
671 331 671 917
670 331 670 917
669 331 669 917
668 331 668 917
667 331 667 917
666 331 666 917
665 331 665 917
664 331 664 917
663 331 663 917
662 331 662 917
661 331 661 917
660 331 660 917
659 331 659 917
658 331 658 917
657 331 657 917
656 331 656 917
655 331 655 917
654 331 654 917
653 331 653 917
652 331 652 917
651 331 651 917
650 331 650 917
649 331 649 917
648 331 648 917
647 331 647 917
646 331 646 917
645 331 645 917
644 331 644 917
643 331 643 917
642 331 642 917
641 331 641 917
640 331 640 917
639 331 639 917
638 331 638 917
637 331 637 917
636 331 636 917
635 331 635 917
634 331 634 917
633 331 633 917
632 331 632 917
631 331 631 917
630 331 630 917
629 331 629 917
628 331 628 917
627 331 627 917
626 331 626 917
625 331 625 917
624 331 624 917
623 331 623 917
622 331 622 917
621 331 621 917
620 331 620 917
619 331 619 917
618 331 618 917
617 331 617 917
616 331 616 917
615 331 615 917
614 331 614 917
613 331 613 917
612 331 612 917
611 331 611 917
610 331 610 917
609 331 609 917
608 331 608 917
607 331 607 917
606 331 606 917
605 331 605 917
604 331 604 917
603 331 603 917
602 331 602 917
601 331 601 917
600 331 600 917
599 331 599 917
598 331 598 917
597 331 597 917
596 331 596 917
595 331 595 917
594 331 594 917
593 331 593 917
592 331 592 917
591 331 591 917
590 331 590 917
589 331 589 917
588 331 588 917
587 331 587 917
586 331 586 917
585 331 585 917
584 331 584 917
583 331 583 917
582 331 582 917
581 331 581 917
580 331 580 917
579 331 579 917
578 331 578 917
577 331 577 917
576 331 576 917
575 331 575 917
574 331 574 917
573 331 573 917
572 331 572 917
571 331 571 917
570 331 570 917
569 331 569 917
568 331 568 917
567 331 567 917
566 331 566 917
565 331 565 917
564 331 564 917
563 331 563 917
562 331 562 917
561 331 561 917
560 331 560 917
559 331 559 917
558 331 558 917
557 331 557 917
556 331 556 917
555 331 555 917
554 331 554 917
553 331 553 917
552 331 552 917
551 331 551 917
550 331 550 917
549 331 549 917
548 331 548 917
547 331 547 917
546 331 546 917
545 331 545 917
544 331 544 917
543 331 543 917
542 331 542 917
541 331 541 917
540 331 540 917
539 331 539 917
538 331 538 917
537 331 537 917
536 331 536 917
535 331 535 917
534 331 534 917
533 331 533 917
532 331 532 917
531 331 531 917
530 331 530 917
529 331 529 917
528 331 528 917
527 331 527 917
526 331 526 917
525 331 525 917
524 331 524 917
523 331 523 917
522 331 522 917
521 331 521 917
520 331 520 917
519 331 519 917
518 331 518 917
517 331 517 917
516 331 516 917
515 331 515 917
514 331 514 917
513 331 513 917
512 331 512 917
511 331 511 917
510 331 510 917
509 331 509 917
508 331 508 917
507 331 507 917
506 331 506 917
505 331 505 917
504 331 504 917
503 331 503 917
502 331 502 917
501 331 501 917
500 331 500 917
499 331 499 917
498 331 498 917
497 331 497 917
496 331 496 917
495 331 495 917
494 331 494 917
493 331 493 917
492 331 492 917
491 331 491 917
490 331 490 917
489 331 489 917
488 331 488 917
487 331 487 917
486 331 486 917
485 331 485 917
484 331 484 917
483 331 483 917
482 331 482 917
481 331 481 917
480 331 480 917
479 331 479 917
478 331 478 917
477 331 477 917
476 331 476 917
475 331 475 917
474 331 474 917
473 331 473 917
472 331 472 917
471 331 471 917
470 331 470 917
469 331 469 917
468 331 468 917
467 331 467 917
466 331 466 917
465 331 465 917
464 331 464 917
463 331 463 917
462 331 462 917
461 331 461 917
460 331 460 917
459 331 459 917
458 331 458 917
457 331 457 917
456 331 456 917
455 331 455 917
454 331 454 917
453 331 453 917
452 331 452 917
451 331 451 917
450 331 450 917
449 331 449 917
448 331 448 917
447 331 447 917
446 331 446 917
445 331 445 917
444 331 444 917
443 331 443 917
442 331 442 917
441 331 441 917
440 331 440 917
439 331 439 917
438 331 438 917
437 331 437 917
436 331 436 917
435 331 435 917
434 331 434 917
433 331 433 917
432 331 432 917
431 331 431 917
430 331 430 917
429 331 429 917
428 331 428 917
427 331 427 917
426 331 426 917
425 331 425 917
424 331 424 917
423 331 423 917
422 331 422 917
421 331 421 917
420 331 420 917
419 331 419 917
418 331 418 917
417 331 417 917
416 331 416 917
415 331 415 917
414 331 414 917
413 331 413 917
412 331 412 917
411 331 411 917
410 331 410 917
409 331 409 917
408 331 408 917
407 331 407 917
406 331 406 917
405 331 405 917
404 331 404 917
403 331 403 917
402 331 402 917
401 331 401 917
400 331 400 917
399 331 399 917
398 331 398 917
397 331 397 917
396 331 396 917
395 331 395 917
394 331 394 917
393 331 393 917
392 331 392 917
391 331 391 917
390 331 390 917
389 331 389 917
388 331 388 917
387 331 387 917
386 331 386 917
385 331 385 917
384 331 384 917
383 331 383 917
382 331 382 917
381 331 381 917
380 331 380 917
379 331 379 917
378 331 378 917
377 331 377 917
376 331 376 917
375 331 375 917
374 331 374 917
373 331 373 917
372 331 372 917
371 331 371 917
370 331 370 917
369 331 369 917
368 331 368 917
367 331 367 917
366 331 366 917
365 331 365 917
364 331 364 917
363 331 363 917
362 331 362 917
361 331 361 917
360 331 360 917
359 331 359 917
358 331 358 917
357 331 357 917
356 331 356 917
355 331 355 917
354 331 354 917
353 331 353 917
352 331 352 917
351 331 351 917
350 331 350 917
349 331 349 917
348 331 348 917
347 331 347 917
346 331 346 917
345 331 345 917
344 331 344 917
343 331 343 917
342 331 342 917
341 331 341 917
340 331 340 917
339 331 339 917
338 331 338 917
337 331 337 917
336 331 336 917
335 331 335 917
334 331 334 917
333 331 333 917
332 331 332 917
330 331 330 917
329 331 329 917
328 331 328 917
327 331 327 917
326 331 326 917
325 331 325 917
324 331 324 917
323 331 323 917
322 331 322 917
321 331 321 917
320 331 320 917
319 331 319 917
318 331 318 917
317 331 317 917
316 331 316 917
315 331 315 917
314 331 314 917
313 331 313 917
312 331 312 917
311 331 311 917
310 331 310 917
309 331 309 917
308 331 308 917
307 331 307 917
306 331 306 917
305 331 305 917
304 331 304 917
303 331 303 917
302 331 302 917
301 331 301 917
300 331 300 917
299 331 299 917
298 331 298 917
297 331 297 917
296 331 296 917
295 331 295 917
294 331 294 917
293 331 293 917
292 331 292 917
291 331 291 917
290 331 290 917
289 331 289 917
288 331 288 917
287 331 287 917
286 331 286 917
285 331 285 917
284 331 284 917
283 331 283 917
282 331 282 917
281 331 281 917
280 331 280 917
279 331 279 917
278 331 278 917
277 331 277 917
276 331 276 917
275 331 275 917
274 331 274 917
273 331 273 917
272 331 272 917
271 331 271 917
270 331 270 917
269 331 269 917
268 331 268 917
267 331 267 917
266 331 266 917
265 331 265 917
264 331 264 917
263 331 263 917
262 331 262 917
261 331 261 917
260 331 260 917
259 331 259 917
258 331 258 917
257 331 257 917
256 331 256 917
255 331 255 917
254 331 254 917
253 331 253 917
252 331 252 917
251 331 251 917
250 331 250 917
249 331 249 917
248 331 248 917
247 331 247 917
246 331 246 917
245 331 245 917
244 331 244 917
243 331 243 917
242 331 242 917
241 331 241 917
240 331 240 917
239 331 239 917
238 331 238 917
237 331 237 917
236 331 236 917
235 331 235 917
234 331 234 917
233 331 233 917
232 331 232 917
231 331 231 917
230 331 230 917
229 331 229 917
228 331 228 917
227 331 227 917
226 331 226 917
225 331 225 917
224 331 224 917
223 331 223 917
222 331 222 917
221 331 221 917
220 331 220 917
219 331 219 917
218 331 218 917
217 331 217 917
216 331 216 917
215 331 215 917
214 331 214 917
213 331 213 917
212 331 212 917
211 331 211 917
210 331 210 917
209 331 209 917
208 331 208 917
207 331 207 917
206 331 206 917
205 331 205 917
204 331 204 917
203 331 203 917
202 331 202 917
201 331 201 917
200 331 200 917
199 331 199 917
198 331 198 917
197 331 197 917
196 331 196 917
195 331 195 917
194 331 194 917
193 331 193 917
192 331 192 917
191 331 191 917
190 331 190 917
189 331 189 917
188 331 188 917
187 331 187 917
186 331 186 917
185 331 185 917
184 331 184 917
183 331 183 917
182 331 182 917
181 331 181 917
180 331 180 917
179 331 179 917
178 331 178 917
177 331 177 917
176 331 176 917
175 331 175 917
174 331 174 917
173 331 173 917
172 331 172 917
171 331 171 917
170 331 170 917
169 331 169 917
168 331 168 917
167 331 167 917
166 331 166 917
165 331 165 917
164 331 164 917
163 331 163 917
162 331 162 917
161 331 161 917
160 331 160 917
159 331 159 917
158 331 158 917
157 331 157 917
156 331 156 917
155 331 155 917
154 331 154 917
153 331 153 917
152 331 152 917
151 331 151 917
150 331 150 917
149 331 149 917
148 331 148 917
147 331 147 917
146 331 146 917
145 331 145 917
144 331 144 917
143 331 143 917
142 331 142 917
141 331 141 917
140 331 140 917
139 331 139 917
138 331 138 917
137 331 137 917
136 331 136 917
135 331 135 917
134 331 134 917
133 331 133 917
132 331 132 917
131 331 131 917
130 331 130 917
129 331 129 917
128 331 128 917
127 331 127 917
126 331 126 917
125 331 125 917
124 331 124 917
123 331 123 917
122 331 122 917
121 331 121 917
120 331 120 917
119 331 119 917
118 331 118 917
117 331 117 917
116 331 116 917
115 331 115 917
114 331 114 917
113 331 113 917
112 331 112 917
111 331 111 917
110 331 110 917
109 331 109 917
108 331 108 917
107 331 107 917
106 331 106 917
105 331 105 917
104 331 104 917
103 331 103 917
102 331 102 917
101 331 101 917
100 331 100 917
99 331 99 917
98 331 98 917
97 331 97 917
96 331 96 917
95 331 95 917
94 331 94 917
93 331 93 917
92 331 92 917
91 331 91 917
90 331 90 917
89 331 89 917
88 331 88 917
87 331 87 917
86 331 86 917
85 331 85 917
84 331 84 917
83 331 83 917
82 331 82 917
81 331 81 917
80 331 80 917
79 331 79 917
78 331 78 917
77 331 77 917
76 331 76 917
75 331 75 917
74 331 74 917
73 331 73 917
72 331 72 917
71 331 71 917
70 331 70 917
69 331 69 917
68 331 68 917
67 331 67 917
66 331 66 917
65 331 65 917
64 331 64 917
63 331 63 917
62 331 62 917
61 331 61 917
60 331 60 917
59 331 59 917
58 331 58 917
57 331 57 917
56 331 56 917
55 331 55 917
54 331 54 917
53 331 53 917
52 331 52 917
51 331 51 917
50 331 50 917
49 331 49 917
48 331 48 917
47 331 47 917
46 331 46 917
45 331 45 917
44 331 44 917
43 331 43 917
42 331 42 917
41 331 41 917
40 331 40 917
39 331 39 917
38 331 38 917
37 331 37 917
36 331 36 917
35 331 35 917
34 331 34 917
33 331 33 917
32 331 32 917
31 331 31 917
30 331 30 917
29 331 29 917
28 331 28 917
27 331 27 917
26 331 26 917
25 331 25 917
24 331 24 917
23 331 23 917
22 331 22 917
21 331 21 917
20 331 20 917
19 331 19 917
18 331 18 917
17 331 17 917
16 331 16 917
15 331 15 917
14 331 14 917
13 331 13 917
12 331 12 917
11 331 11 917
10 331 10 917
9 331 9 917
8 331 8 917
7 331 7 917
6 331 6 917
5 331 5 917
4 331 4 917
3 331 3 917
2 331 2 917
1 331 1 917
331 0 917 0
