996
996 925 996 396
995 541 995 465
994 796 994 323
991 967 991 863
990 19 990 615
989 558 989 705
558 800 558 808
988 897 988 858
897 939 897 312
939 353 939 955
353 154 353 934
984 327 984 952
327 755 327 495
983 541 983 900
541 294 541 678
982 125 982 658
125 665 125 827
665 389 665 736
981 60 981 603
976 441 976 612
975 108 975 477
973 182 973 855
965 293 965 108
962 401 962 830
401 662 401 829
960 977 960 958
959 122 959 7
958 383 958 691
954 889 954 203
951 324 951 915
950 290 950 809
290 928 290 865
945 468 945 926
943 636 943 593
636 354 636 367
354 928 354 295
928 673 928 829
938 324 938 427
935 854 935 321
933 964 933 960
930 70 930 885
929 870 929 498
870 576 870 606
926 505 926 54
924 673 924 294
923 790 923 858
921 361 921 629
918 248 918 785
917 195 917 854
913 426 913 696
426 138 426 770
911 276 911 903
276 508 276 138
508 534 508 821
910 58 910 805
909 884 909 676
884 154 884 242
154 129 154 343
129 728 129 174
905 977 905 512
903 33 903 627
33 12 33 408
901 811 901 62
900 143 900 882
899 968 899 334
895 623 895 627
894 171 894 779
893 351 893 562
891 637 891 764
890 61 890 83
61 29 61 729
888 858 888 684
887 305 887 201
305 369 305 871
885 222 885 932
883 519 883 365
881 423 881 778
423 319 423 450
880 440 880 408
876 804 876 992
874 375 874 562
872 821 872 21
867 421 867 775
865 242 865 970
864 421 864 328
863 374 863 851
859 466 859 755
853 672 853 985
852 199 852 914
199 48 199 687
850 189 850 30
189 35 189 660
848 312 848 857
312 920 312 731
920 122 920 997
846 475 846 772
845 666 845 540
843 461 843 737
461 632 461 733
841 318 841 486
840 487 840 949
487 241 487 433
241 908 241 953
839 284 839 524
836 707 836 235
834 584 834 610
833 71 833 592
832 23 832 835
831 70 831 746
70 156 70 720
828 289 828 539
826 715 826 329
825 113 825 949
824 271 824 131
823 927 823 633
819 559 819 741
818 974 818 551
814 380 814 425
380 974 380 691
813 108 813 227
108 142 108 396
812 790 812 569
790 574 790 411
810 375 810 662
375 931 375 639
931 438 931 732
809 635 809 479
635 71 635 608
807 779 807 709
779 8 779 978
806 857 806 829
803 395 803 968
802 576 802 408
799 94 799 485
798 529 798 160
529 817 529 336
817 912 817 681
912 706 912 247
797 743 797 405
743 862 743 792
862 448 862 722
448 467 448 839
793 277 793 142
277 968 277 904
792 747 792 430
747 360 747 489
360 260 360 726
787 689 787 127
786 795 786 202
795 955 795 679
783 878 783 566
782 356 782 858
356 256 356 940
256 702 256 219
781 904 781 323
904 642 904 575
780 233 780 379
778 286 881 370
777 167 777 625
776 481 776 342
774 702 774 999
772 494 772 52
771 877 771 861
769 475 769 672
475 233 475 593
765 59 765 612
59 183 59 266
764 78 891 755
78 21 78 922
763 355 763 974
758 69 758 125
757 272 757 359
756 133 756 211
133 462 133 869
754 937 754 674
753 977 753 534
977 429 977 43
751 466 751 861
466 637 466 397
750 299 750 102
746 377 831 542
377 309 377 248
745 968 745 910
742 986 742 391
986 156 986 300
156 948 156 702
741 388 819 725
740 180 740 413
180 691 180 807
691 271 958 451
739 554 739 300
737 932 737 176
932 416 932 527
416 925 416 725
736 949 736 860
949 64 825 493
64 723 64 923
735 701 735 626
734 319 734 956
733 372 733 854
372 993 372 882
731 111 731 213
730 170 730 187
729 39 729 101
39 324 39 25
726 58 360 422
58 414 58 616
414 298 414 49
725 698 725 920
724 944 724 962
944 331 944 623
331 767 331 450
767 723 767 418
722 424 722 919
720 794 720 953
716 109 716 344
109 1 109 502
714 849 714 239
713 801 713 451
711 688 711 701
688 383 688 855
705 407 705 197
407 280 407 962
700 381 700 578
699 204 699 631
204 249 204 893
697 761 697 156
694 738 694 594
738 8 738 559
8 92 8 915
687 801 687 863
686 194 686 715
194 985 194 408
985 260 985 842
260 294 260 607
294 849 294 549
685 629 685 927
684 566 888 563
682 847 682 302
847 271 847 349
681 882 681 527
679 403 679 533
678 234 678 47
234 524 234 280
677 886 677 136
886 462 886 960
676 616 676 235
674 462 674 565
670 393 670 992
668 587 668 409
587 295 587 953
667 882 667 181
882 337 900 594
664 744 664 683
659 585 659 948
585 970 585 666
970 196 970 717
658 879 658 578
879 191 879 661
657 663 657 724
663 281 663 886
656 993 656 7
967 622 993 873
655 291 655 602
653 49 653 241
49 319 49 886
652 147 652 46
651 53 651 390
650 896 650 644
649 167 649 675
648 96 648 130
96 584 96 947
646 680 646 775
680 709 680 142
709 229 180 640
645 438 645 985
641 26 641 177
26 805 26 296
805 540 805 791
640 770 709 908
634 629 634 851
633 554 633 178
631 788 631 803
630 512 630 908
512 317 512 441
317 695 317 855
628 186 628 989
186 144 186 636
627 942 895 575
942 748 942 352
626 623 626 597
624 878 624 287
621 514 621 444
620 513 620 614
618 513 618 441
513 866 513 689
866 361 866 885
361 789 361 821
789 534 789 570
534 295 534 617
617 816 617 711
816 21 816 284
614 519 614 987
519 597 519 260
597 675 626 582
675 524 675 591
612 341 765 474
341 126 341 709
610 262 610 578
262 718 262 630
609 71 609 438
71 925 71 835
608 89 608 815
89 637 89 806
606 571 606 846
571 471 571 595
604 855 604 432
855 138 317 307
603 2 603 437
2 800 2 82
800 446 800 811
602 471 655 250
471 95 471 448
600 147 600 639
598 507 598 40
507 820 507 896
820 671 820 142
671 540 671 561
595 566 595 952
566 644 566 723
592 605 833 563
589 811 589 445
588 233 588 62
586 381 586 550
583 446 583 703
582 773 735 107
581 271 581 392
580 143 580 541
143 142 143 829
579 247 579 47
247 644 247 861
575 715 575 856
715 123 715 218
123 271 123 107
572 703 572 779
703 410 583 494
410 462 410 135
570 333 570 371
333 908 333 980
908 956 341 221
569 191 569 908
567 348 567 503
348 919 348 988
564 934 564 916
934 21 353 825
21 788 21 833
562 195 204 384
560 429 560 837
556 666 556 854
666 285 666 470
285 804 285 94
555 540 555 595
552 889 552 361
889 593 889 214
551 815 551 523
550 791 550 732
548 770 548 245
770 727 770 244
546 718 546 569
718 530 718 566
530 171 530 886
545 389 545 535
543 992 543 789
992 477 670 627
477 149 477 392
542 316 542 76
539 727 828 66
538 441 538 855
441 178 618 419
178 35 633 44
537 594 537 615
536 710 536 538
535 607 535 202
533 237 795 174
532 470 532 457
470 549 470 302
528 42 528 586
42 215 42 388
215 90 215 451
90 796 90 573
527 639 866 151
639 392 600 252
526 611 526 915
611 389 611 917
389 707 389 904
525 468 525 858
523 222 523 8
522 695 522 441
521 168 521 619
517 468 517 674
516 719 516 267
719 467 719 547
511 395 511 486
395 192 395 749
192 936 192 868
510 222 510 503
222 282 222 113
509 53 509 61
53 13 53 578
506 45 506 351
504 978 504 98
978 319 572 675
503 762 503 434
501 861 501 368
500 175 500 844
175 721 175 311
721 594 721 446
498 248 929 387
248 86 248 932
86 619 86 696
496 318 496 806
495 544 495 720
544 48 544 560
492 999 492 298
999 915 774 947
915 252 551 273
491 428 491 490
428 955 428 321
490 505 490 615
489 710 489 638
488 727 488 876
483 19 483 886
482 332 482 722
332 723 332 448
480 370 480 272
478 486 478 596
476 321 476 946
474 427 474 29
427 898 427 483
898 351 898 279
472 167 472 534
469 979 469 119
465 392 465 176
392 821 975 232
464 374 464 612
374 768 374 886
768 446 768 321
446 515 446 283
459 644 459 208
457 403 457 885
456 892 456 427
454 728 454 631
452 637 452 991
451 347 886 152
450 141 450 367
449 637 449 368
447 144 447 537
445 41 445 725
41 299 41 798
444 791 444 144
443 784 443 135
784 514 784 642
442 858 442 287
858 314 988 393
314 955 314 393
437 370 437 23
370 980 881 300
980 689 980 961
436 439 436 842
435 857 435 300
434 268 434 308
268 868 268 865
433 701 487 355
432 165 432 287
165 299 165 596
431 418 431 122
418 481 767 166
481 708 481 534
708 242 708 842
430 974 743 243
425 964 425 240
964 661 964 349
422 122 422 320
122 849 122 412
417 259 417 458
259 707 259 732
707 126 707 807
415 338 415 878
338 520 338 672
413 946 413 250
412 591 122 398
591 453 591 957
453 801 453 643
411 576 790 350
409 969 668 166
969 494 969 399
494 868 494 476
408 502 408 404
502 151 109 325
151 553 248 808
406 625 406 531
625 25 625 940
405 7 797 174
404 424 408 228
400 842 400 710
842 149 985 195
149 647 149 140
399 397 399 576
397 559 397 914
398 524 398 710
396 214 396 572
214 576 214 584
394 205 394 877
205 830 205 963
830 35 657 153
391 307 391 968
307 182 538 398
390 493 390 693
387 695 929 145
695 878 695 113
878 291 878 709
386 60 386 710
382 499 382 512
499 57 499 44
57 363 57 102
379 355 379 851
355 92 355 902
376 297 376 642
297 837 297 853
837 164 560 833
164 505 164 631
373 642 373 907
642 514 784 176
514 424 514 217
371 623 371 486
623 804 623 704
804 117 804 632
368 851 449 86
367 660 450 44
660 791 660 403
366 160 366 771
160 762 41 725
365 919 883 255
364 195 364 763
195 34 853 865
362 966 362 629
359 384 359 371
357 987 357 242
987 225 987 974
352 313 352 520
313 919 313 263
350 177 350 561
177 596 177 654
596 320 165 239
345 191 345 227
344 613 344 710
613 966 613 113
343 202 343 54
342 147 342 908
340 45 340 577
45 835 45 179
835 576 71 60
339 80 339 698
80 808 80 102
335 615 335 620
615 217 491 176
329 383 329 734
383 463 383 759
463 35 463 577
328 458 328 86
458 83 458 606
326 289 326 867
289 181 289 991
181 462 181 777
325 182 325 349
182 940 182 252
940 438 777 212
438 788 438 963
323 183 781 120
183 868 183 616
315 563 315 231
563 358 21 652
358 574 358 922
310 755 310 807
755 849 891 632
308 484 503 145
484 138 484 998
306 105 306 595
105 647 105 775
304 493 304 738
303 420 303 749
420 18 420 749
18 728 18 556
302 349 302 962
349 347 349 922
301 171 301 316
171 948 171 287
948 788 948 939
300 861 300 458
861 902 247 724
902 622 355 733
622 286 622 796
286 35 286 202
296 946 26 208
946 955 946 223
287 419 432 36
419 701 441 275
283 518 721 98
518 914 518 5
914 775 397 690
279 955 279 553
278 19 278 41
275 549 441 46
274 906 274 505
270 972 270 594
972 257 972 966
257 616 257 917
616 134 183 494
269 643 269 401
643 661 643 46
267 291 267 379
265 347 265 963
264 998 264 801
998 291 998 351
261 473 261 578
473 520 473 10
520 299 352 397
299 104 299 724
104 320 104 870
258 439 258 832
255 293 255 988
254 815 254 692
815 29 815 242
253 966 253 790
250 252 250 342
252 568 600 174
568 324 568 855
324 531 324 794
531 701 406 398
246 974 246 854
245 113 245 102
244 808 770 3
243 869 243 527
869 221 869 722
221 669 250 189
669 321 669 561
321 593 321 386
240 916 240 460
916 966 564 309
239 141 239 484
238 131 238 81
131 486 131 572
236 661 236 130
661 29 661 255
235 393 235 595
232 320 975 24
231 12 231 892
230 505 230 66
228 851 408 135
851 515 379 260
515 808 515 683
227 337 227 300
337 811 337 190
226 811 226 759
811 785 800 346
224 223 224 826
220 919 220 233
219 919 219 575
218 689 218 710
689 32 513 563
216 573 216 867
573 873 573 631
213 134 312 206
134 60 134 963
211 892 211 895
892 773 892 201
210 971 210 25
209 607 209 983
208 309 459 101
309 168 309 654
168 565 168 177
207 322 207 326
322 561 322 799
561 696 253 330
696 99 86 475
99 12 99 606
12 748 12 396
206 69 206 846
69 346 69 299
346 95 346 908
203 683 203 893
683 19 683 291
201 554 231 299
554 316 554 961
316 13 316 169
13 462 13 830
462 593 462 928
200 961 200 254
961 347 554 311
198 744 198 995
744 34 744 326
34 347 34 24
197 896 197 952
896 873 507 557
190 957 190 698
957 956 12 361
188 225 188 379
187 794 730 54
185 293 185 166
293 29 293 541
29 593 612 329
176 704 465 15
704 760 704 948
760 159 760 706
174 167 639 941
167 94 167 375
173 662 173 487
662 629 662 846
172 953 172 895
169 690 301 110
690 794 690 752
166 728 185 155
163 844 163 184
844 576 500 226
576 493 399 96
162 936 162 953
936 547 936 62
547 320 547 865
320 486 360 97
158 184 158 826
184 838 184 971
838 553 838 774
157 318 157 146
318 393 318 284
393 242 393 958
155 822 166 505
822 83 822 116
83 351 83 939
153 292 299 40
292 857 292 505
857 644 848 202
150 369 150 165
369 524 369 702
524 271 332 324
271 273 271 106
148 266 148 205
146 144 146 379
144 672 621 105
672 273 672 953
145 439 145 724
439 229 439 829
229 233 229 575
140 77 140 505
137 827 137 736
827 599 827 19
599 191 599 133
191 808 191 386
136 619 136 358
135 860 135 260
132 997 132 610
997 701 41 467
701 788 701 6
130 673 130 814
673 860 673 911
860 161 665 349
128 249 128 98
249 594 249 928
594 723 594 962
127 284 127 710
284 937 284 66
937 170 937 723
170 467 170 945
467 963 467 908
963 48 963 282
124 28 124 830
121 298 121 895
120 578 120 4
119 941 119 486
941 856 941 871
856 295 121 775
295 424 295 692
118 139 118 781
139 577 139 748
577 632 577 754
116 607 116 229
115 654 115 219
654 479 654 993
479 429 479 166
429 717 429 562
717 956 547 601
956 280 734 388
280 126 280 906
114 403 114 203
403 710 467 153
112 723 112 823
723 319 718 130
110 748 110 408
107 788 107 386
106 272 106 950
272 84 480 247
84 578 84 363
578 381 132 25
103 877 103 111
877 927 877 486
927 126 685 241
102 225 102 480
225 919 225 654
919 947 722 868
947 493 947 402
378 141 378 966
141 468 141 326
100 854 100 616
854 351 355 709
351 48 239 67
98 363 98 693
363 868 363 302
97 796 97 96
93 334 93 381
334 460 334 928
460 142 718 73
91 455 91 789
455 762 455 610
88 775 88 401
775 81 141 298
81 60 81 884
60 637 835 733
637 48 637 66
87 732 87 714
732 801 550 398
85 282 85 692
282 565 205 355
79 607 79 756
607 147 379 247
147 955 147 305
955 788 704 644
76 752 831 291
752 712 690 19
712 553 712 865
553 925 553 915
75 291 75 476
291 95 291 775
95 749 95 683
749 727 749 853
727 159 727 43
159 922 159 487
922 424 922 217
73 74 130 286
74 196 74 495
72 605 72 578
605 873 605 10
873 1 177 153
1 574 1 853
574 925 574 584
68 493 68 219
67 710 165 99
710 152 107 280
152 773 393 549
773 468 773 631
66 638 230 21
638 424 638 629
424 486 424 66
65 821 65 388
63 421 63 554
421 468 421 226
468 748 468 176
62 601 62 302
601 28 1 559
56 979 56 191
979 77 979 142
77 808 77 734
808 233 248 591
233 748 233 300
55 647 55 949
647 629 647 803
629 493 629 853
54 298 54 349
298 871 831 126
52 692 596 190
692 971 692 724
971 94 184 373
94 202 285 4
202 794 202 313
794 966 524 388
51 266 51 334
266 196 266 861
196 966 196 403
966 92 378 749
50 7 50 323
7 217 7 361
47 385 47 711
385 288 385 546
288 179 288 733
179 237 179 774
237 92 237 978
46 868 512 251
44 193 44 790
193 15 193 407
15 907 176 3
907 32 373 861
32 381 32 939
381 273 93 277
43 311 727 0
311 761 554 46
761 92 761 281
92 402 92 445
38 829 38 623
829 953 334 575
37 212 37 761
212 702 212 486
36 251 442 41
251 330 46 722
330 632 350 31
632 565 632 280
565 347 340 248
347 388 347 876
31 702 44 538
702 384 702 527
384 728 874 5
728 549 728 957
549 849 393 99
30 111 30 832
111 19 111 534
19 766 397 396
766 242 766 693
242 785 884 3
785 440 785 622
440 593 440 197
593 486 475 166
486 388 486 9
27 263 27 674
263 762 202 300
762 161 762 885
161 402 161 240
24 540 24 340
540 23 540 426
23 142 603 388
142 117 142 785
117 788 117 107
788 48 788 984
48 748 48 321
22 698 22 983
698 557 648 16
557 875 507 47
875 590 875 476
590 706 590 720
20 25 20 391
17 25 17 108
25 223 455 476
223 925 476 725
16 906 451 759
906 40 804 11
40 871 373 704
871 505 174 854
14 336 14 594
336 138 529 139
138 644 276 1
644 493 174 595
493 35 353 96
35 849 35 634
11 281 386 41
281 759 37 709
759 82 662 505
82 402 82 122
402 388 96 247
388 505 329 41
10 801 10 676
801 113 264 702
113 693 113 748
693 706 693 553
706 748 706 855
6 126 711 247
126 791 105 41
5 9 5 781
9 791 371 445
791 319 910 197
319 849 319 505
4 952 5 619
952 968 711 142
968 559 803 153
559 619 853 709
619 925 5 153
925 584 925 40
584 849 214 390
849 505 849 855
3 953 3 675
953 821 241 932
821 28 681 43
28 217 28 675
217 505 349 709
505 273 99 355
273 748 8 247
748 974 113 37
974 868 974 779
868 485 46 591
485 796 322 41
796 0 41 46
