1000
248 518
429 949
91 664
763 207
685 789
76 904
545 668
343 616
678 119
161 607
873 373
250 903
280 728
929 333
840 261
387 94
420 417
658 892
725 770
452 536
471 873
597 90
870 474
877 411
510 619
469 419
950 910
724 740
752 531
578 731
53 199
832 572
691 411
709 595
590 787
590 387
174 401
400 62
36 903
278 997
84 208
498 922
566 828
702 978
953 185
918 742
16 885
785 700
505 683
215 168
33 446
973 7
762 318
275 615
300 634
811 96
395 204
303 507
29 90
895 902
510 696
186 347
273 451
199 99
440 814
290 125
485 382
358 691
384 730
264 217
488 687
204 776
253 574
359 63
118 737
666 222
259 66
973 49
281 456
634 594
867 167
459 191
993 166
936 157
878 164
399 255
231 368
998 12
121 728
17 413
966 332
607 869
309 486
645 165
3 424
661 990
652 840
318 903
551 448
629 873
85 227
413 537
176 140
567 207
181 195
241 218
861 186
734 811
873 795
716 888
926 66
601 922
713 336
934 182
167 925
171 447
949 811
497 155
484 155
462 32
416 72
862 597
4 785
492 594
625 317
141 818
294 338
242 517
862 250
548 729
827 330
918 735
305 234
501 159
608 404
393 209
359 252
808 680
749 541
817 457
657 601
312 29
274 993
403 204
436 947
737 255
96 969
593 602
182 476
694 914
969 792
930 75
945 688
458 771
381 528
61 831
327 987
351 302
90 186
250 590
144 534
684 947
305 614
690 954
275 207
821 353
160 37
855 7
192 872
458 263
102 35
429 270
601 464
540 841
98 590
996 401
179 150
250 624
523 205
297 944
186 409
529 420
391 501
142 381
548 799
4 900
99 358
489 196
137 380
16 906
190 294
718 402
900 959
786 567
421 745
247 99
681 298
878 546
524 583
182 92
27 48
646 377
882 4
575 426
64 930
20 123
104 960
992 506
190 818
973 178
991 279
0 828
48 18
296 894
816 772
652 116
996 891
544 595
312 265
52 278
508 856
736 629
208 454
395 376
727 737
972 306
389 789
772 0
194 461
654 123
411 198
59 297
554 732
453 556
623 131
214 104
472 200
622 670
488 491
411 968
440 918
775 935
593 680
201 979
607 407
364 387
152 291
57 601
334 649
727 530
316 626
287 443
251 23
482 990
505 377
320 351
563 898
713 674
690 501
200 20
235 866
663 572
573 210
333 54
327 485
861 675
114 386
538 526
853 824
292 678
38 422
270 559
117 359
694 542
641 368
247 496
182 107
772 927
373 379
677 0
251 571
650 103
95 449
480 508
769 533
322 399
673 217
69 39
566 936
624 110
911 671
263 446
530 19
841 199
20 623
670 147
496 733
365 225
477 612
108 889
51 276
270 466
550 224
523 965
561 963
716 977
579 634
854 636
8 339
435 972
244 566
674 501
49 280
224 636
188 528
728 584
342 865
553 170
560 331
956 280
2 648
918 746
964 115
870 139
290 839
681 305
691 988
31 20
257 893
994 872
151 959
241 307
602 770
170 857
633 35
39 37
315 893
97 495
668 535
800 452
578 370
515 899
245 455
229 555
837 468
301 920
308 545
544 388
91 397
639 226
862 315
921 296
129 230
842 764
446 586
538 48
385 962
14 723
812 281
61 128
894 862
495 225
637 870
372 734
125 158
727 607
201 816
400 990
438 309
986 404
635 95
581 126
803 497
798 997
192 967
455 183
244 611
597 136
145 768
720 945
888 359
702 33
10 547
41 740
272 653
657 203
791 501
564 238
82 661
661 35
945 538
262 877
163 779
552 116
193 527
530 413
315 897
408 897
299 22
632 653
542 894
52 539
239 818
438 465
423 476
120 653
598 375
916 692
670 925
894 815
753 750
323 934
202 475
293 810
495 267
582 516
632 820
424 341
19 430
646 748
713 422
973 207
442 888
709 847
358 597
981 341
653 348
583 195
670 942
438 210
281 274
148 303
296 493
229 870
56 613
493 180
671 24
837 949
926 859
535 931
796 876
749 470
722 544
826 111
749 594
149 426
913 4
796 240
107 490
310 567
651 590
44 820
691 130
374 103
886 184
870 790
893 43
741 58
479 195
907 930
126 707
466 909
20 222
667 953
487 983
528 697
316 86
600 638
993 521
548 199
698 399
809 591
361 814
749 4
623 355
213 206
221 94
93 123
816 326
7 30
661 599
716 383
289 263
993 880
702 578
305 534
773 981
346 548
99 241
746 660
200 948
778 5
572 634
31 765
695 249
250 614
213 274
100 554
358 492
207 138
84 39
384 617
155 542
4 177
460 618
802 254
879 182
384 218
676 528
356 169
743 437
621 661
958 721
274 662
829 678
288 334
482 258
295 934
132 462
210 204
378 509
508 222
853 851
785 122
891 943
168 22
806 570
319 446
501 547
606 96
913 313
246 749
103 443
626 534
301 763
76 147
403 966
91 190
199 998
456 561
21 568
760 958
295 232
354 830
512 917
761 51
910 233
16 706
749 71
210 649
570 961
913 134
247 665
108 632
473 903
509 895
644 510
94 223
935 458
237 636
518 367
185 960
577 454
627 951
395 737
478 2
517 923
894 351
517 241
549 386
617 726
654 560
243 1
917 84
124 33
418 481
35 97
734 285
253 89
756 646
467 731
638 592
819 597
620 226
751 560
674 90
721 649
689 26
583 631
351 952
79 744
37 211
883 496
55 917
810 172
545 950
858 802
914 386
927 317
413 835
797 134
207 522
124 789
766 823
658 17
603 811
431 330
693 509
885 432
4 846
362 212
613 84
543 871
394 689
878 81
813 937
11 716
143 995
78 83
694 810
29 8
933 772
878 292
446 627
575 653
718 498
230 70
106 293
60 206
270 173
900 499
368 957
754 926
219 36
420 46
661 182
989 147
645 796
439 358
135 843
491 113
373 919
42 587
895 928
187 628
612 455
691 717
857 787
103 143
428 626
840 199
502 517
571 735
734 140
315 661
864 704
246 104
656 53
47 303
469 537
865 989
973 868
511 117
652 109
385 66
810 363
885 72
492 926
787 2
307 916
52 31
513 236
318 230
455 450
410 293
315 194
33 152
390 946
983 930
345 183
788 405
109 514
888 290
304 83
597 204
640 222
655 255
449 727
898 129
845 659
845 510
887 212
117 750
932 566
355 905
573 50
734 179
366 105
253 321
509 875
269 587
762 40
343 75
78 356
218 757
897 848
571 863
71 793
279 447
266 199
669 123
450 395
488 810
51 266
396 152
525 737
369 242
971 154
594 632
114 565
53 679
131 202
645 809
355 324
340 84
827 543
527 830
732 133
699 725
217 131
309 701
938 906
868 146
873 376
241 510
69 759
303 975
326 212
230 513
517 412
325 418
949 862
783 826
589 129
275 238
919 393
544 87
53 715
672 958
441 567
918 816
759 520
741 605
503 986
570 398
842 105
103 460
573 705
844 17
509 67
21 652
154 358
961 767
575 15
714 333
594 864
13 23
357 644
406 816
874 888
423 710
107 596
213 46
668 852
694 994
52 532
724 103
265 506
458 303
269 246
623 957
813 84
842 45
127 843
158 335
458 325
80 826
329 861
836 326
186 623
973 535
999 253
985 336
124 519
434 426
204 137
445 374
744 579
247 639
582 413
508 747
283 953
576 589
980 549
433 506
195 197
918 304
554 570
304 901
256 977
281 597
806 588
264 838
801 644
432 127
696 712
947 145
73 453
661 414
569 241
1 574
305 878
813 794
638 642
890 804
643 469
415 741
602 51
350 626
249 260
735 748
945 623
490 248
105 649
530 415
772 111
375 897
308 822
504 37
661 163
271 225
627 188
199 912
368 686
908 867
812 268
388 25
586 463
601 970
818 755
758 88
739 724
9 305
810 609
614 207
915 449
457 500
719 306
523 191
586 371
13 682
201 711
868 189
784 78
885 926
117 220
738 959
630 614
26 131
768 35
941 769
360 62
802 957
216 25
766 864
204 627
597 583
84 940
349 493
523 976
850 939
314 426
341 558
365 437
574 136
22 395
746 34
305 32
465 955
489 758
562 570
777 537
250 544
131 427
986 561
884 13
104 774
866 573
33 165
353 49
982 351
222 628
277 896
311 277
984 459
90 341
724 35
456 224
284 290
718 228
545 337
85 737
118 769
210 888
543 727
425 68
881 305
6 533
419 286
258 781
531 384
14 306
805 0
580 270
974 346
559 830
292 101
594 333
448 934
703 809
745 992
276 780
946 722
830 452
862 670
849 839
53 73
775 153
787 444
115 432
282 787
425 413
74 352
306 604
303 273
312 708
647 346
156 373
175 480
61 772
924 29
961 344
517 483
866 515
758 872
517 229
581 277
112 269
711 581
782 745
888 592
437 833
671 957
152 853
77 73
805 817
28 570
104 509
570 312
343 476
778 769
382 571
249 2
834 379
523 250
206 850
488 610
290 494
328 772
623 162
886 841
944 318
352 130
147 585
305 818
99 171
45 996
949 788
509 890
972 456
922 542
597 816
65 24
458 557
668 392
825 87
860 542
37 627
270 807
934 257
170 659
105 791
486 715
909 794
412 839
623 827
45 990
31 893
414 399
237 744
546 65
79 166
291 158
804 764
776 934
744 827
172 318
685 486
518 446
757 199
660 470
16 963
127 49
306 140
515 118
387 419
546 27
665 753
539 750
907 46
393 118
829 237
921 19
779 964
832 977
18 592
479 344
364 699
127 160
793 648
364 486
339 133
301 808
286 726
861 569
683 3
114 353
367 436
437 629
137 669
22 663
83 150
915 2
291 751
81 242
813 902
62 873
521 454
496 41
719 980
260 771
427 907
454 438
474 300
231 333
917 632
17 982
284 611
565 652
539 106
372 447
685 959
948 752
412 546
574 319
214 996
416 201
765 415
45 199
954 856
877 797
399 292
773 182
104 137
722 64
111 745
571 75
512 55
935 866
71 652
482 408
863 565
671 740
560 334
908 632
792 493
264 69
945 414
981 170
915 121
669 766
83 413
117 445
509 510
333 763
162 170
579 929
537 981
17 828
405 36
628 980
776 905
496 100
60 92
682 413
265 511
111 776
897 165
277 356
688 895
555 724
487 364
972 381
206 539
136 276
572 600
868 479
269 792
835 626
433 602
172 399
958 800
379 482
44 373
203 501
598 420
1 399
714 6
858 253
287 224
2 21
347 989
618 125
899 940
651 694
850 878
196 338
361 78
564 138
915 988
212 308
749 322
313 380
275 789
945 575
147 702
359 690
268 950
716 659
815 479
374 170
302 65
430 648
485 804
556 728
232 28
924 439
693 793
979 825
265 244
611 297
288 606
267 150
982 269
960 590
287 253
191 424
942 582
586 123
531 674
466 577
305 43
926 820
237 719
520 302
893 107
942 229
510 830
205 659
402 370
488 188
835 156
529 111
725 847
444 574
401 340
533 445
711 800
118 382
308 816
407 956
613 654
206 285
832 686
963 349
659 610
378 555
803 355
540 456
666 822
271 19
972 281
796 257
760 506
495 399
238 331
946 106
210 356
58 755
188 913
278 6
277 61
174 922
709 530
426 657
945 677
966 998
23 758
707 76
682 762
546 130
310 884
906 736
595 825
912 624
743 2
450 139
718 65
596 227
13 527
828 459
545 647
317 636
87 279
37 26
898 988
895 712
728 308
778 892
625 827
443 652
262 795
682 432
571 832
762 997
927 639
390 945
608 412
287 689
119 339
51 926
316 850
273 62
194 570
965 694
721 689
446 928
590 571
111 151
676 120
999 250
66 455
332 38
830 840
201 405
4 30
244 923
512 941
270 553
407 539
713 710
828 77
879 116
94 802
118 251
48 371
531 713
474 92
637 78
237 40
777 782
437 289
12 316
786 908
667 434
500 274
467 951
365 286
947 756
516 476
42 228
38 203
475 776
985 560
991 101
970 817
650 213
384 392
53 477
337 114
854 874
154 608
109 235
677 45
535 523
632 934
532 590
327 272
315 111
735 759
402 775
717 609
935 316
17 864
703 739
471 178
133 200
294 505
437 937
62 89
880 457
894 881
849 119
957 765
678 684
69 539
109 73
18 966
473 86
187 951
85 408
516 753
350 658
902 744
659 127
812 227
526 607
239 663
463 58
225 224
136 760
92 122
266 198
561 562
29 694
641 986
35 113
544 971
119 154
399 35
643 69
506 388
753 6
931 195
668 113
692 664
934 711
570 555
701 934
129 533
700 230
310 281
597 544
104 953
224 398
999 599
260 580
272 394
518 11
248 987
613 223
221 790
90 250
800 413
129 299
459 141
24 938
261 80
889 420
414 407
465 635
202 281
925 862
789 2
653 981
537 605
136 728
333 58
659 250
548 604
260 919
474 803
375 942
541 261
993 327
291 972
978 484
717 702
369 908
118 139
15 843
909 50
528 173
591 649
182 466
826 263
135 613
696 648
134 8
179 241
934 178
641 509
725 295
739 926
235 401
708 146
612 318
58 800
767 406
278 473
162 352
799 880
62 783
54 805
255 113
860 271
101 119
45 882
142 220
601 780
924 697
31 277
431 433
54 489
412 260
795 752
576 364
854 432
810 23
700 143
93 947
509 726
341 536
163 233
211 711
406 982
549 531
271 452
676 604
704 548
584 749
925 567
424 755
901 283
583 832
617 979
615 731
514 381
586 694
250 118
342 905
879 646
418 662
288 172
713 627
291 949
395 530
424 441
476 568
347 836
226 988
15 245
772 328
663 304
702 206
90 929
233 776
108 356
829 903
485 392
119 39
386 489
567 768
681 994
569 916
408 109
865 507
573 915
882 594
446 437
150 317
741 177
857 308
947 106
714 208
896 868
509 626
850 765
258 436
176 434
722 407
211 42
793 552
260 186
176 17
984 399
474 142
964 811
191 329
513 714
414 429
714 171
512 335
888 632
802 596
771 826
654 74
414 533
325 180
98 857
228 184
633 500
68 392
254 275
445 955
167 357
788 281
525 785
16 195
15 480
863 298
417 586
466 677
642 466
643 252
768 722
174 189
109 500
266 528
632 825
63 19
108 134
841 902
135 833
645 695
165 540
647 713
671 177
926 634
197 68
933 649
280 129
704 353
853 414
69 245
727 271
829 836
311 763
363 237
490 281
559 815
491 100
385 615
407 905
945 446
781 824
369 842
389 346
216 44
306 575
597 132
119 648
281 819
663 707
871 572
550 876
253 656
314 440
706 292
716 3
797 52
30 724
489 789
168 34
56 879
7 737
143 671
330 573
325 895
955 433
614 166
155 863
508 35
299 169
110 826
380 277
144 27
111 885
847 296
700 509
131 205
720 472
861 106
847 376
316 259
272 687
94 770
774 521
106 326
781 149
630 589
339 478
222 64
211 109
982 998
633 879
644 765
507 84
312 578
523 413
184 33
620 535
828 962
821 118
613 292
55 955
496 14
888 758
839 392
377 565
972 360
924 159
175 125
96 855
975 503
95 24
101 886
451 535
972 831
303 712
20 715
934 37
716 103
373 974
806 234
433 890
589 76
230 940
34 576
608 242
55 400
407 270
909 936
778 394
620 391
977 944
677 436
651 691
622 412
82 455
861 213
308 19
969 32
361 177
450 153
707 292
905 927
775 67
952 546
425 882
385 818
728 564
186 89
723 325
196 581
970 660
95 801
632 972
755 761
788 846
215 58
486 823
453 857
501 593
261 655
494 366
35 53
383 99
348 610
428 691
586 396
867 403
982 362
883 250
112 575
152 355
807 524
800 454
850 661
261 811
247 706
512 161
363 179
951 880
390 672
791 500
331 50
729 897
915 119
450 558
508 983
233 865
144 664
2 519
337 106
0 873
305 486
517 695
134 448
845 518
915 188
108 449
283 586
785 393
869 86
929 70
973 446
996 961
198 818
422 356
614 603
621 278
381 423
243 437
350 246
485 734
450 814
784 847
334 730
741 185
294 868
35 775
946 159
106 82
446 953
982 776
904 90
902 253
58 662
166 228
754 72
350 870
551 302
130 307
446 203
976 317
665 708
759 95
912 494
913 616
293 19
561 988
776 887
164 493
515 265
187 359
528 411
97 838
420 682
623 557
787 193
235 227
126 393
445 421
14 571
967 509
472 762
608 321
481 5
731 492
536 934
900 44
305 189
968 108
540 863
891 554
317 875
544 486
960 675
732 348
427 951
399 118
498 567
301 1
870 576
712 671
124 42
725 994
258 128
837 806
685 850
24 951
610 499
836 345
351 269
726 99
7 615
715 856
324 142
590 469
229 354
562 125
752 305
950 684
233 268
657 538
543 221
489 587
48 467
547 180
647 236
500 198
674 5
855 541
876 233
586 366
409 203
757 343
767 746
752 705
323 446
569 822
248 308
787 317
975 936
270 852
9 632
939 752
782 677
585 242
25 918
24 522
184 772
526 139
309 638
601 491
563 87
419 945
293 851
515 815
206 256
509 588
996 834
204 198
262 192
389 632
776 47
336 166
446 442
619 810
309 207
909 646
334 655
325 574
640 559
446 219
322 89
421 872
27 426
203 10
119 187
817 679
578 715
282 726
711 671
399 357
914 424
782 996
881 302
518 571
611 576
502 414
865 181
139 461
154 776
517 301
468 722
55 435
14 798
305 148
634 982
819 709
776 531
693 911
86 358
415 372
793 769
249 590
309 150
316 460
992 902
807 848
839 217
209 373
323 534
906 279
458 423
776 486
467 910
643 670
58 563
635 743
13 959
419 483
744 800
172 891
455 918
529 28
656 817
748 867
220 115
673 870
943 675
920 427
719 747
198 102
95 738
844 23
88 540
233 334
982 218
932 775
631 743
689 290
859 198
497 865
462 728
406 190
397 180
742 162
111 797
613 91
197 542
269 278
586 118
566 587
404 131
523 848
963 782
142 888
809 235
781 97
345 824
416 57
416 793
867 1
733 867
145 471
464 820
915 271
305 555
543 619
698 170
316 969
72 492
615 320
240 958
308 196
183 199
565 776
778 260
31 144
434 930
410 776
995 529
725 700
157 682
59 838
792 229
373 198
484 262
314 750
933 406
368 536
600 622
680 406
504 247
182 234
