996
995 634 995 925
994 139 994 818
139 309 139 28
990 416 990 703
416 824 416 966
824 964 824 582
988 842 988 566
987 485 987 703
485 932 485 825
986 328 986 797
982 656 982 478
979 145 979 873
977 703 977 789
976 269 976 890
269 655 269 293
974 619 974 497
972 948 972 781
969 25 969 572
25 12 25 602
12 246 12 633
968 104 968 973
967 462 967 532
965 606 965 721
606 809 606 828
961 529 961 566
960 877 960 805
959 877 959 761
958 867 958 277
867 754 867 529
957 700 957 937
700 166 700 330
166 945 166 943
956 654 956 756
955 165 955 953
953 626 953 292
950 206 950 494
949 931 949 684
931 767 931 879
946 201 946 610
201 622 201 284
622 407 622 792
944 458 944 258
942 573 942 920
573 954 573 687
941 244 941 876
244 246 244 772
940 52 940 927
52 998 52 0
936 835 936 122
928 2 928 869
926 998 926 932
925 509 925 463
509 895 509 439
924 354 924 337
923 330 923 996
922 248 922 853
921 557 921 136
918 367 918 203
916 625 916 692
915 703 915 371
914 728 914 852
911 559 911 5
903 713 903 892
713 250 713 926
902 516 902 942
901 49 901 443
899 898 899 595
898 776 898 549
776 525 776 783
897 245 897 723
245 857 245 117
893 265 893 566
891 927 891 617
927 836 927 86
888 94 888 523
94 125 94 202
886 44 886 806
44 954 44 820
885 13 885 489
884 954 884 659
882 980 882 48
881 288 881 318
878 481 878 331
875 23 875 217
874 896 874 847
896 292 896 347
873 576 873 913
576 341 576 134
341 919 341 607
868 558 868 861
866 964 866 663
862 136 862 802
136 846 136 966
860 663 860 695
859 999 859 877
999 794 999 147
854 251 854 50
251 258 251 182
853 627 922 299
627 708 627 750
708 559 708 980
850 879 850 618
849 240 849 711
848 36 848 136
847 211 874 795
843 930 843 610
840 522 840 284
839 90 839 980
837 937 837 150
937 248 937 861
248 671 248 947
834 272 834 95
832 666 832 297
666 177 666 368
830 253 830 711
253 865 253 799
822 450 822 10
821 546 821 461
820 920 820 346
817 905 817 930
905 887 905 681
816 810 816 284
814 943 814 67
813 538 813 360
812 402 812 828
402 563 402 682
563 291 563 532
811 536 811 484
808 354 808 741
807 400 807 877
400 892 400 533
806 157 886 798
157 663 157 508
804 682 804 102
802 490 802 842
490 703 490 751
801 203 801 106
799 53 253 278
798 852 886 447
852 211 852 743
796 307 796 992
307 625 307 552
795 246 874 640
792 35 792 653
35 289 35 838
289 492 289 600
791 983 791 470
789 470 789 73
786 42 786 399
785 651 785 335
651 966 651 606
781 829 781 695
779 637 779 127
637 306 637 907
306 197 306 635
197 81 197 648
778 938 778 461
938 887 938 326
773 788 773 973
788 437 788 432
772 628 772 963
771 609 771 70
609 913 609 20
770 909 770 348
766 876 766 724
876 625 941 239
625 211 625 790
765 579 765 181
764 347 764 482
347 532 347 248
532 575 563 446
575 827 575 897
763 350 763 531
350 735 350 295
760 239 760 364
239 396 239 219
759 819 759 913
756 507 756 369
755 148 755 904
148 831 148 279
831 147 831 844
752 250 752 235
751 985 751 975
985 438 985 189
438 601 438 384
750 749 750 981
749 359 749 447
359 508 359 731
748 203 748 281
746 106 746 267
106 646 106 437
646 323 646 546
744 274 744 719
743 330 743 699
330 224 330 449
736 732 736 942
734 125 734 684
733 46 733 41
731 964 731 740
964 448 964 206
727 712 727 523
724 851 724 895
723 887 575 673
722 775 722 714
775 150 775 991
721 2 721 976
720 89 720 501
89 42 89 31
717 767 717 714
716 250 716 940
706 558 706 955
705 559 705 751
701 453 701 470
453 28 453 680
28 558 28 389
697 704 697 560
696 952 696 979
695 100 695 802
694 737 694 871
691 793 691 842
690 912 690 738
689 145 689 136
688 872 688 828
872 61 872 745
685 198 685 592
684 947 734 169
683 365 683 650
365 920 365 647
681 61 681 399
61 337 61 941
337 242 924 136
679 861 679 498
678 983 678 942
677 405 677 147
675 698 675 805
698 194 698 688
673 291 575 560
672 654 672 172
670 77 670 324
77 680 77 445
669 479 669 127
479 906 479 907
668 978 668 721
978 844 978 569
667 904 667 444
904 596 904 179
596 196 596 947
196 793 196 717
664 411 664 128
662 440 662 540
440 240 440 943
660 989 660 998
659 871 659 919
658 323 658 903
652 704 652 312
650 591 650 82
591 487 591 360
487 403 487 334
403 851 403 990
648 49 648 191
49 299 49 839
299 626 299 520
647 930 365 235
930 308 930 492
645 198 645 423
641 211 641 968
639 503 639 223
503 653 503 328
653 857 653 75
638 719 638 414
636 448 636 842
633 517 633 948
632 127 632 782
624 906 624 861
906 783 906 394
620 909 620 63
618 838 850 425
617 252 617 908
252 920 252 695
616 593 616 426
614 200 614 851
200 966 200 738
613 794 613 963
612 702 612 819
702 59 702 58
610 70 843 395
70 318 70 852
318 557 318 810
608 738 608 773
738 728 200 719
607 466 607 155
605 587 605 451
587 125 587 919
603 46 603 745
602 88 602 421
88 579 88 866
579 539 579 613
598 739 598 464
739 635 739 217
635 833 635 869
833 626 833 716
626 726 626 529
726 663 726 992
597 758 597 995
595 152 595 656
152 615 152 728
615 939 615 366
594 265 594 149
589 621 589 908
588 842 588 568
585 551 585 515
583 423 583 265
423 815 645 418
582 50 582 13
580 399 580 569
574 11 574 719
11 258 11 39
258 525 258 937
572 458 572 695
567 297 567 357
566 68 893 409
68 621 68 472
621 825 621 512
564 167 564 147
167 865 167 236
561 291 561 275
554 909 554 978
553 293 553 630
293 240 293 471
552 710 307 334
710 272 710 285
550 308 550 512
549 529 549 210
529 539 867 82
548 892 548 935
547 571 547 282
571 407 571 796
407 592 407 444
545 730 545 149
730 458 730 449
458 33 458 440
33 732 33 578
543 907 543 247
542 782 542 957
782 276 782 499
276 273 276 51
540 396 540 682
537 190 537 688
534 81 534 53
533 774 533 907
774 845 774 274
531 877 531 573
530 714 530 935
714 569 717 313
569 178 554 809
527 538 527 1
526 970 526 916
970 56 970 92
56 889 56 569
889 224 889 135
524 455 524 532
455 486 455 593
523 428 727 18
428 352 428 15
521 512 521 422
519 851 519 88
851 932 614 743
518 59 518 517
59 508 59 469
515 36 515 773
514 51 514 951
51 984 51 751
984 177 984 26
513 797 513 325
797 414 797 890
414 535 414 593
511 69 511 960
510 108 510 86
506 160 506 787
505 301 505 713
301 934 301 619
502 869 502 694
869 160 869 138
500 649 500 1
649 604 649 383
499 2 782 302
498 372 679 120
372 424 372 41
424 206 424 175
497 783 497 750
495 364 495 34
364 780 760 339
780 486 780 172
486 382 486 179
382 920 382 825
920 558 678 841
494 535 494 575
493 715 493 947
715 29 715 127
491 665 491 729
488 887 488 842
887 829 887 613
829 448 829 103
484 483 811 356
480 188 480 895
188 712 188 297
712 539 712 10
539 680 539 949
476 517 476 214
475 800 475 459
474 846 474 399
473 278 473 842
278 581 253 275
469 496 59 420
496 272 496 761
468 568 468 986
568 784 568 781
467 687 467 419
687 149 763 311
149 240 149 585
465 556 465 203
464 943 598 447
463 541 925 385
541 682 541 908
682 145 682 459
461 242 778 114
460 864 460 691
459 544 459 903
457 36 457 345
36 980 36 901
456 37 456 325
454 973 454 226
973 769 515 436
449 283 730 333
446 190 524 325
190 386 190 951
386 643 386 458
643 879 643 684
445 361 77 204
444 310 407 392
310 250 310 894
250 179 250 640
179 836 179 631
442 339 442 170
339 718 339 565
718 871 718 211
441 254 441 274
439 178 509 326
436 578 436 827
578 113 578 432
113 544 113 180
435 472 435 358
472 810 472 461
810 214 810 406
214 599 214 459
434 586 434 966
586 308 586 611
432 447 432 858
447 908 749 110
431 707 431 147
707 784 707 862
429 47 429 553
47 194 47 656
427 281 427 973
281 178 281 751
426 671 426 642
425 863 850 256
863 745 863 963
745 728 603 656
421 732 25 569
420 623 420 916
623 735 623 318
735 919 735 862
419 243 419 54
243 158 243 198
158 133 158 603
417 0 417 942
413 909 413 697
412 841 412 907
841 699 841 462
699 150 70 802
410 507 410 578
507 370 507 818
409 23 961 101
408 103 408 458
103 590 103 860
406 270 406 566
401 676 401 998
398 415 398 902
394 80 394 411
392 125 392 312
391 411 391 989
411 803 411 942
803 842 803 934
390 857 390 53
857 10 857 109
388 206 388 714
206 836 671 459
385 15 925 125
384 309 384 825
309 283 309 416
283 448 283 438
381 240 381 280
380 577 380 84
577 665 577 980
379 354 379 271
354 819 354 784
819 544 819 940
378 451 378 153
451 991 451 205
991 90 991 363
377 356 377 537
376 265 376 284
265 270 265 950
270 912 270 741
375 948 375 514
374 237 374 684
373 64 373 659
369 210 756 80
210 433 210 99
366 655 366 158
363 288 363 358
362 800 362 615
800 842 800 593
360 389 360 508
389 963 389 855
963 323 863 26
358 983 358 436
983 286 983 14
286 23 286 942
357 619 567 160
355 370 355 627
370 762 370 348
353 757 353 450
757 67 757 680
67 288 67 297
288 147 288 544
147 644 147 575
644 954 644 600
351 856 351 920
520 892 520 909
348 989 348 258
989 150 391 680
345 981 457 168
981 879 497 134
343 470 343 452
340 294 340 183
294 525 294 937
525 565 525 735
338 287 338 157
287 135 287 315
135 962 135 681
336 877 336 303
335 107 335 101
107 452 107 340
452 655 452 802
655 838 655 957
334 437 334 852
437 952 437 0
333 729 333 997
729 342 491 198
342 323 342 954
332 767 332 557
331 121 331 475
121 740 121 750
740 932 731 546
329 274 329 157
274 952 441 163
952 237 952 344
327 367 327 693
367 838 367 156
326 207 326 731
207 783 207 321
325 758 325 142
758 150 758 517
322 235 322 533
235 592 235 644
592 895 592 461
321 728 321 743
728 308 728 753
320 91 320 637
91 240 91 266
319 443 319 833
317 693 317 659
693 512 327 579
512 642 512 887
642 8 642 42
314 3 314 855
3 50 3 126
50 892 50 891
892 100 214 332
313 538 313 119
538 557 538 738
557 242 557 962
312 8 312 960
311 224 763 258
305 761 305 406
304 663 304 211
303 951 303 737
951 838 951 19
302 54 302 945
54 737 54 845
737 558 303 668
300 8 300 447
8 254 8 532
298 992 298 36
992 397 992 297
397 90 397 877
90 198 90 803
198 793 198 811
296 934 296 584
295 787 295 728
290 261 290 637
261 877 261 719
285 825 285 25
284 998 816 182
998 433 401 750
433 133 433 892
282 291 282 919
280 356 280 919
356 907 811 222
279 818 279 61
818 826 818 383
826 929 826 928
929 709 929 890
709 825 709 593
825 508 384 330
277 629 277 783
629 962 629 617
962 522 214 255
271 719 271 228
719 144 538 184
266 422 266 865
422 634 422 512
634 761 634 83
264 665 264 777
263 81 263 903
260 604 260 120
259 910 259 667
910 762 910 286
257 273 257 520
273 192 273 452
256 865 256 512
865 593 266 170
593 948 593 274
249 53 249 392
247 471 543 242
238 768 238 855
236 536 236 919
536 560 536 981
234 742 234 64
233 558 233 946
232 674 232 873
231 387 231 575
387 168 387 63
229 971 229 501
228 15 228 933
15 517 15 443
227 268 227 728
268 656 268 604
656 846 615 175
846 100 846 692
226 975 226 394
975 661 51 653
661 144 661 548
225 842 225 440
223 255 223 20
255 535 214 48
222 418 198 670
221 544 221 435
219 601 61 749
218 39 218 652
217 489 875 19
489 877 885 92
216 0 216 971
215 725 215 232
725 40 725 286
213 732 213 330
732 980 732 973
212 933 212 581
933 2 271 157
2 836 2 213
209 544 209 928
208 462 208 622
462 237 286 939
204 501 204 903
501 517 501 610
517 556 517 434
202 64 202 317
64 211 64 515
211 767 211 944
199 450 199 760
450 396 450 470
195 0 195 272
193 40 193 156
40 528 40 590
528 674 528 312
191 900 191 628
900 556 900 41
189 704 189 635
187 619 187 644
186 844 186 198
184 324 744 240
324 628 198 400
628 185 648 75
183 828 183 286
828 601 377 16
182 275 284 575
275 471 253 270
181 254 181 855
254 69 254 732
180 861 180 386
861 13 211 874
176 237 176 323
237 947 237 482
175 395 872 154
395 555 501 137
555 516 555 368
516 69 516 116
174 220 174 940
220 13 220 692
13 194 13 508
173 127 173 256
171 581 171 438
170 845 170 883
845 192 54 67
192 291 192 586
291 81 291 580
169 230 684 613
230 315 230 935
315 934 315 106
934 69 90 282
164 262 164 249
163 371 274 784
371 631 371 575
162 418 162 908
418 483 418 479
483 224 483 322
161 393 161 700
159 590 159 980
590 160 590 373
155 37 155 954
37 909 37 438
154 790 656 20
790 482 625 368
482 777 482 859
153 935 153 794
935 783 935 297
783 948 277 312
948 272 948 312
151 742 151 907
742 194 742 262
194 704 194 71
146 827 146 992
827 912 254 721
912 558 912 750
143 747 143 242
747 856 747 128
142 805 532 120
805 767 277 133
767 601 767 977
141 95 141 284
95 396 95 548
396 448 396 302
140 823 140 258
823 838 823 873
838 864 35 216
137 100 610 39
100 907 100 678
134 711 660 856
711 815 711 478
815 680 815 104
132 316 132 913
316 611 316 743
611 556 192 7
556 81 556 116
129 405 129 786
405 346 405 440
128 993 128 659
126 809 126 826
809 844 569 828
844 954 831 680
954 704 954 968
124 855 124 19
855 39 855 828
39 856 39 992
856 81 856 241
81 346 81 926
123 835 123 273
835 156 835 902
122 168 122 897
120 917 120 686
917 769 917 361
769 947 769 793
947 703 248 254
119 753 714 937
753 160 753 894
118 581 118 826
117 787 117 183
116 42 116 479
42 877 42 449
115 466 115 695
114 908 685 459
112 267 112 111
111 741 111 392
110 858 61 721
858 328 858 66
328 966 503 212
109 26 109 943
26 562 887 551
562 224 562 522
102 703 102 179
101 686 406 156
686 150 532 61
150 908 837 57
908 224 50 297
99 704 210 14
98 404 98 265
404 205 404 877
205 559 451 80
97 630 97 884
630 894 630 361
894 966 894 272
96 674 96 823
93 522 93 517
92 997 92 714
997 203 384 235
87 131 87 326
131 600 131 738
600 909 235 108
85 86 85 343
86 477 940 508
477 79 477 887
79 443 79 788
443 492 443 937
84 560 84 392
560 895 371 45
895 125 724 14
83 657 83 236
657 292 657 892
292 240 955 663
240 504 200 254
82 619 82 916
619 144 619 20
144 185 144 392
185 704 185 923
78 383 78 406
383 558 383 802
76 640 76 348
640 323 443 323
323 522 323 728
522 842 522 939
75 352 75 678
74 943 74 871
943 130 386 145
130 125 130 302
73 787 767 447
787 879 506 101
72 768 72 909
768 883 768 125
883 241 266 20
241 674 750 613
674 704 674 471
71 104 71 189
104 663 104 601
66 754 79 302
754 535 754 436
535 361 535 675
361 242 361 270
242 565 242 877
565 224 339 402
65 138 65 468
138 919 635 61
63 344 63 707
344 80 344 511
62 570 62 514
570 676 570 937
676 10 676 761
60 165 60 540
165 558 165 379
58 871 58 599
871 864 74 280
864 546 864 732
57 133 57 925
55 909 55 93
909 794 909 10
794 601 153 151
601 559 104 88
48 178 339 246
178 177 178 937
177 836 177 861
836 761 836 258
45 741 265 453
43 777 43 655
777 272 777 907
41 297 41 802
297 481 548 599
481 53 481 48
53 399 53 450
38 939 38 32
939 471 75 548
471 551 471 828
551 156 887 29
156 980 78 258
34 907 34 159
907 504 533 721
32 108 32 937
108 599 825 828
599 346 548 402
346 203 346 312
203 932 203 220
932 761 713 665
31 246 31 271
246 504 685 127
504 704 504 10
30 145 30 381
145 919 440 714
919 604 659 714
604 69 268 575
69 877 69 549
24 880 24 767
880 544 880 805
544 631 544 920
22 105 22 461
105 0 105 258
0 127 106 200
127 692 114 457
692 168 692 19
21 368 21 585
368 996 666 92
996 945 185 543
945 46 302 430
46 160 46 923
160 546 160 224
546 980 326 75
980 224 577 297
20 492 20 721
492 741 492 920
741 581 630 352
19 879 19 937
879 272 879 942
272 10 19 802
10 23 10 728
23 663 23 468
663 581 88 297
18 125 523 17
125 842 57 392
842 508 41 586
17 654 17 665
654 393 654 297
393 665 393 736
665 703 665 907
703 558 703 312
16 890 825 802
890 172 713 216
172 762 172 902
762 680 762 70
680 470 680 448
14 267 766 569
267 581 267 788
581 27 212 518
27 966 27 721
9 430 9 688
430 631 782 19
7 971 452 676
971 913 656 6
913 559 913 732
559 704 559 323
704 448 704 658
448 224 950 478
224 966 567 152
6 29 106 1
29 399 613 960
399 168 135 136
168 784 88 5
784 308 274 732
308 761 308 392
761 877 761 793
5 466 402 185
466 478 466 566
478 80 575 19
80 584 80 941
584 352 584 890
352 877 270 254
877 966 75 61
4 993 4 781
993 262 993 842
262 470 262 312
470 631 470 452
631 133 631 937
133 966 613 508
966 415 434 907
415 558 415 306
558 508 558 753
508 793 613 258
793 1 258 721
