998
999 253 999 599
995 143 995 529
143 103 143 700
991 279 991 101
279 447 279 906
447 171 447 372
171 99 171 714
988 691 988 915
987 327 987 248
327 485 327 993
485 382 485 804
382 571 382 118
985 336 985 560
336 713 336 166
984 459 984 399
459 191 459 828
191 523 191 424
982 351 982 998
980 549 980 719
549 386 549 531
979 201 979 825
978 702 978 484
976 523 976 317
975 303 975 936
974 346 974 373
971 154 971 544
154 358 154 776
970 601 970 817
968 411 968 108
967 192 967 509
192 872 192 262
965 523 965 694
964 115 964 811
115 432 115 220
963 561 963 782
962 385 962 828
385 66 385 818
956 280 956 407
955 465 955 445
465 438 465 635
954 690 954 856
690 501 690 359
952 351 952 546
951 627 951 880
948 200 948 752
943 891 943 675
891 996 891 554
942 670 942 582
941 769 941 512
940 84 940 899
939 850 939 752
850 206 850 878
938 906 938 24
906 16 906 736
937 813 937 437
933 772 933 649
932 566 932 775
931 535 931 195
929 333 929 579
928 895 928 446
924 29 924 697
923 517 923 244
921 296 921 19
920 301 920 427
301 763 301 808
763 207 763 333
915 449 915 573
912 199 912 624
911 671 911 693
909 466 909 936
466 270 466 677
908 867 908 786
867 167 867 748
167 925 167 357
925 670 925 862
907 930 907 427
905 355 905 927
904 76 904 90
76 147 76 707
902 895 902 992
895 509 895 712
901 304 901 283
899 515 940 230
515 866 515 815
896 277 896 868
892 658 892 778
658 17 658 350
889 108 889 420
108 632 108 449
887 212 887 776
884 13 884 310
883 496 883 250
882 4 882 594
881 305 881 894
880 993 880 799
879 182 879 646
876 796 876 550
875 509 875 317
874 888 874 854
871 543 871 572
869 607 869 86
863 571 863 565
860 542 860 271
859 926 859 198
858 802 858 253
856 508 856 715
855 7 855 541
854 636 854 432
852 668 852 270
851 853 851 293
849 839 849 119
839 290 839 412
848 897 848 807
847 709 847 784
709 595 709 819
595 544 595 825
846 4 846 788
844 17 844 23
17 413 17 982
838 264 838 97
264 217 264 69
836 326 836 829
835 413 835 626
834 379 834 996
379 373 379 482
833 437 833 135
832 572 832 977
831 61 831 972
829 678 829 903
825 87 825 632
87 544 87 563
824 853 824 781
853 152 853 414
823 766 823 486
766 864 766 669
822 308 822 666
308 545 308 857
821 353 821 118
353 49 353 704
819 597 819 281
815 894 815 559
808 680 301 517
680 593 680 406
593 602 593 501
807 270 807 524
804 890 804 764
890 509 890 433
803 497 803 474
497 155 497 865
801 644 801 95
800 452 800 958
799 548 880 457
798 997 798 14
997 278 997 762
278 52 278 621
797 134 797 877
134 913 134 448
795 873 795 752
794 813 794 909
813 84 813 902
793 71 793 769
71 749 71 652
792 969 792 493
969 96 969 316
791 501 791 500
790 870 790 221
786 567 908 632
784 78 847 725
783 826 783 62
782 745 782 996
781 258 781 149
258 482 258 436
482 990 482 408
780 276 780 601
276 51 276 136
779 163 779 964
163 661 163 233
777 537 777 782
776 204 776 982
774 104 774 521
773 981 773 182
981 341 981 653
771 458 771 826
767 961 767 746
765 31 765 957
764 842 485 734
761 51 761 755
760 958 760 506
757 218 757 343
756 646 756 947
755 818 755 424
754 926 754 72
753 750 753 665
750 117 750 539
752 531 795 262
531 384 531 776
751 560 751 291
747 508 747 719
743 437 743 635
437 365 437 629
365 225 365 286
742 918 742 162
739 724 739 926
738 959 738 95
736 629 279 87
629 873 437 446
733 496 733 867
496 247 496 100
730 384 730 334
729 548 729 897
726 617 726 509
617 384 617 979
384 218 384 392
218 241 218 982
723 14 723 325
14 306 14 571
720 945 720 472
719 306 719 237
717 691 717 702
715 53 715 578
714 333 714 513
712 696 712 671
696 510 696 648
710 423 710 713
423 476 423 458
708 312 708 665
707 126 707 663
126 581 126 393
706 16 706 292
16 885 16 963
705 573 705 752
704 864 704 548
864 594 864 17
703 809 703 739
701 309 701 934
700 785 700 725
699 725 699 364
725 770 700 509
770 602 770 94
602 51 602 433
51 266 51 926
266 199 266 528
698 399 698 170
697 528 924 439
695 249 695 645
693 509 693 793
692 916 692 664
916 307 916 569
307 241 307 130
688 945 688 895
687 488 687 272
686 368 686 832
685 789 685 959
684 947 684 950
683 505 683 3
505 377 505 294
377 646 377 565
646 748 646 909
748 735 867 403
682 13 682 762
13 23 13 959
23 251 23 810
251 571 251 118
571 735 571 832
735 918 735 759
679 53 679 817
677 0 677 945
676 528 676 604
675 861 675 960
673 217 673 870
217 131 217 839
672 958 672 390
958 721 958 240
721 649 721 689
669 123 669 137
667 953 667 434
666 222 822 569
665 247 708 146
664 91 664 144
663 572 663 304
572 634 572 600
662 274 662 418
660 746 660 970
659 845 659 716
845 510 845 518
656 53 656 817
655 255 655 334
651 590 651 694
650 103 650 213
648 2 648 793
647 346 647 713
346 548 346 389
548 199 548 604
643 469 643 670
642 638 642 466
641 368 641 986
640 222 640 559
637 870 637 78
635 95 743 631
95 449 95 759
449 727 108 356
633 35 633 879
631 583 743 2
630 614 630 589
625 317 625 827
317 927 317 787
927 772 927 639
622 670 622 600
621 661 278 473
620 226 620 535
226 639 226 988
639 247 905 776
247 99 247 706
619 510 619 810
618 460 618 125
460 103 460 316
616 343 616 913
615 275 615 731
611 244 611 576
244 566 244 265
610 488 610 659
609 810 609 717
608 404 608 412
404 986 404 131
606 96 606 288
96 811 96 855
605 741 605 537
604 306 676 120
306 972 306 575
603 811 603 614
600 638 622 412
638 592 638 309
592 888 592 18
599 661 999 250
598 375 598 420
375 897 375 942
596 107 596 802
591 809 591 649
809 645 809 235
588 806 588 509
806 570 806 837
585 147 585 242
584 728 584 749
580 270 580 260
577 454 577 466
454 208 454 800
208 84 208 714
576 589 576 870
589 129 589 76
569 241 569 861
568 21 568 476
21 652 21 2
565 114 565 776
114 386 114 353
386 914 386 489
914 694 914 424
564 238 564 728
238 275 238 331
275 207 275 789
563 898 563 58
898 129 898 988
129 230 129 533
562 570 562 561
558 341 558 450
557 458 557 623
556 453 556 728
453 73 453 857
555 229 555 724
553 170 553 270
170 857 170 981
857 787 857 98
552 116 552 793
116 652 116 879
551 448 551 302
448 934 134 108
550 224 876 233
546 878 546 412
541 749 541 261
540 841 540 863
539 52 539 407
536 452 536 934
452 830 452 271
532 52 532 590
52 31 52 797
31 20 31 893
529 420 529 111
526 538 526 607
525 737 525 785
524 583 848 523
522 207 522 24
521 993 521 454
520 759 520 302
759 69 95 24
69 39 69 643
519 124 519 2
516 582 516 753
582 413 942 229
514 109 514 381
109 652 109 500
652 840 652 565
512 917 512 335
511 117 511 265
507 303 507 865
504 37 504 247
503 986 503 975
986 561 641 509
561 456 561 988
502 517 502 414
500 457 109 408
457 817 951 467
817 805 656 253
805 0 805 54
499 900 499 610
494 290 494 912
487 983 487 364
983 930 983 508
486 309 486 776
309 438 309 207
438 210 438 454
484 155 484 262
155 542 155 863
483 517 483 419
481 418 481 5
418 325 662 58
325 458 325 895
479 195 479 868
478 2 478 339
477 612 477 53
612 455 612 318
475 202 475 776
202 131 202 281
474 870 474 300
473 903 473 86
472 200 472 762
200 20 200 133
471 873 471 178
470 749 470 660
468 837 468 722
837 949 806 234
467 731 467 910
731 578 731 492
464 601 464 820
463 586 463 58
461 194 461 139
194 315 194 570
451 273 451 535
273 303 273 62
445 374 445 533
374 103 374 170
444 787 444 574
442 888 442 446
441 567 441 424
439 358 924 159
436 947 436 677
947 145 947 106
145 768 145 471
768 35 768 722
435 972 435 55
972 456 972 632
434 426 434 930
433 506 433 955
431 330 431 433
330 827 330 573
827 543 827 744
543 727 543 619
430 19 430 648
19 530 19 308
428 626 428 691
427 131 907 46
421 745 421 872
745 992 745 111
992 506 902 841
506 265 506 388
265 312 265 515
417 420 417 586
420 46 420 682
46 213 427 951
416 72 416 793
72 885 72 492
414 661 414 945
412 517 546 130
410 293 410 776
409 186 409 203
408 897 408 85
897 315 897 165
407 607 407 905
406 816 406 982
405 788 405 201
788 949 788 281
402 718 402 775
398 570 398 224
397 91 397 180
91 190 91 613
396 152 396 586
394 689 394 778
689 26 689 290
26 131 26 37
131 623 131 205
392 668 392 839
391 501 391 620
390 946 390 945
946 722 946 159
722 544 768 567
389 789 389 632
789 124 789 489
124 33 124 42
383 716 383 99
380 137 380 313
137 204 137 104
378 509 378 555
372 734 372 415
371 586 371 48
586 446 586 694
370 578 370 402
578 702 578 312
702 33 702 206
369 242 369 908
242 517 242 608
367 518 367 436
518 248 518 571
248 490 248 308
490 107 490 281
107 182 107 893
366 105 366 586
364 387 364 576
363 810 363 237
362 212 362 982
212 326 212 308
326 816 326 106
361 814 361 177
814 440 814 450
440 918 440 314
360 62 360 972
62 400 62 873
400 990 400 55
990 661 990 45
357 644 357 399
644 510 644 765
510 241 510 830
354 830 354 229
350 626 350 870
349 493 349 963
348 653 348 732
347 186 347 989
345 183 345 836
183 455 183 199
344 961 344 479
961 570 961 996
342 865 342 905
865 989 507 84
989 147 347 836
147 670 147 702
670 862 643 252
340 84 340 401
339 8 339 133
8 29 8 134
338 294 338 196
294 190 294 868
190 818 190 406
337 545 337 114
335 158 512 161
158 125 158 291
125 290 125 562
332 966 332 38
966 403 966 998
403 204 867 1
331 560 331 50
560 654 560 334
654 123 654 613
329 861 329 191
861 186 861 213
324 355 324 142
355 623 355 803
323 934 323 534
322 399 322 749
399 255 399 495
255 737 255 113
321 253 321 608
320 351 320 615
319 446 319 574
314 426 314 750
313 913 380 277
913 4 913 188
311 277 311 763
277 581 277 356
581 711 581 196
711 201 711 934
201 816 201 416
310 567 310 281
567 207 567 925
302 351 302 881
351 894 351 269
300 634 355 152
299 22 299 169
298 681 298 863
681 305 681 994
291 152 291 972
152 33 474 142
289 263 289 437
288 334 288 172
334 649 655 261
287 443 287 689
443 103 443 652
103 724 103 716
286 419 286 726
419 469 419 945
469 537 469 590
537 413 537 981
285 734 285 206
284 290 284 611
290 888 287 253
283 953 283 586
953 185 953 446
185 960 185 741
960 104 960 590
282 787 282 726
272 653 272 394
271 225 271 915
225 495 225 224
268 812 268 950
812 281 812 227
267 495 267 150
495 97 399 414
97 35 97 781
262 877 752 305
877 411 797 111
261 840 261 811
840 199 840 830
260 249 260 919
249 2 249 590
2 787 2 915
787 590 787 193
259 66 259 316
66 926 66 455
257 893 257 934
256 977 256 206
977 716 518 446
254 802 254 275
802 957 802 94
252 359 69 539
245 455 245 69
455 450 455 918
450 395 450 153
243 1 243 437
1 574 1 399
240 796 800 744
796 645 796 257
645 165 695 517
165 33 165 540
33 446 33 184
239 818 239 663
237 636 363 179
636 224 636 317
224 456 224 287
456 281 456 540
236 513 236 647
513 230 714 6
235 866 235 401
866 573 866 935
234 305 234 182
233 910 233 865
910 950 467 48
950 545 268 233
545 668 545 647
668 535 668 113
535 973 535 523
232 295 232 28
295 934 295 725
934 182 711 800
231 368 231 333
368 957 368 536
228 718 228 184
718 498 718 65
498 922 498 567
227 85 227 596
85 737 109 235
223 94 223 613
221 94 221 543
94 387 227 235
387 590 387 419
220 117 220 142
117 359 117 445
219 36 219 446
36 903 36 405
216 25 216 44
25 388 25 918
388 544 760 136
544 250 544 597
215 168 215 58
168 22 168 34
22 395 22 663
214 104 214 996
211 37 211 711
209 393 209 373
393 919 393 785
919 373 260 778
205 523 205 659
523 250 523 413
203 657 203 501
657 601 657 538
198 411 198 818
411 691 411 528
197 195 197 542
196 489 196 308
489 758 489 587
193 527 317 150
527 830 527 13
830 559 510 509
559 270 815 479
189 868 189 305
187 628 187 951
628 222 628 980
184 886 228 166
886 841 886 101
841 199 902 744
181 195 181 865
195 583 195 16
583 597 583 832
180 493 180 547
493 296 493 164
296 894 296 847
178 973 178 934
177 4 177 741
176 140 176 434
140 734 140 306
175 480 175 125
480 508 480 15
508 222 508 35
222 20 222 64
174 401 174 922
401 996 109 211
996 45 782 677
45 842 45 882
842 105 842 369
105 649 105 791
649 210 933 406
173 270 173 528
270 429 270 407
429 949 429 414
172 810 172 891
169 356 299 129
356 78 277 61
78 83 78 361
83 304 83 413
304 918 707 292
166 993 166 614
993 274 327 272
164 878 792 269
162 623 162 352
161 607 512 55
607 727 526 139
160 37 160 127
159 501 946 106
157 936 157 682
936 566 633 500
566 828 566 587
828 0 828 77
0 772 0 873
156 373 156 835
373 873 373 198
873 376 62 89
376 395 376 847
153 775 450 139
775 935 775 67
935 458 935 316
151 959 151 111
959 900 685 850
900 4 900 44
150 179 150 309
179 734 179 241
734 811 485 392
811 949 261 80
949 862 949 291
149 426 838 59
426 575 426 657
148 303 148 305
146 868 516 476
868 973 515 118
144 534 144 31
142 381 142 888
381 528 381 972
528 188 266 198
188 627 188 915
141 818 141 459
818 305 373 44
139 870 139 118
870 229 350 246
229 517 229 792
517 241 301 1
241 99 237 829
138 207 138 564
135 843 135 613
843 127 843 15
127 432 127 659
432 885 432 682
885 926 885 111
926 492 926 820
133 732 339 119
732 554 348 610
132 462 132 597
462 32 462 728
32 305 32 969
128 61 128 258
61 772 277 31
122 785 122 92
785 4 393 118
4 749 4 30
121 728 121 915
728 280 728 308
280 49 280 129
49 973 49 127
120 653 337 106
119 678 119 915
678 292 678 684
113 491 113 35
491 488 491 601
488 810 488 188
112 269 112 575
110 624 110 826
624 250 494 366
106 293 106 861
293 810 293 19
810 694 23 758
102 35 102 198
101 292 101 119
292 878 292 613
100 554 100 491
554 570 172 399
98 590 728 136
590 250 590 571
93 123 93 947
123 20 123 586
20 623 20 715
92 182 92 474
89 253 89 322
253 574 253 902
574 136 574 325
136 597 19 271
88 758 88 540
758 872 758 888
872 994 421 445
994 694 994 725
694 542 651 691
86 316 86 358
316 626 316 850
626 534 626 509
534 305 323 446
82 661 82 455
81 878 81 242
878 305 850 765
80 826 334 233
826 111 826 263
111 772 111 776
772 816 772 184
79 744 79 166
744 579 879 56
579 634 929 90
634 594 634 982
77 73 828 17
73 53 73 109
53 199 53 35
74 352 74 654
352 130 162 170
130 691 392 68
691 358 694 29
70 230 70 929
230 318 230 700
68 425 68 197
425 413 425 882
413 530 83 150
67 509 775 35
509 104 726 99
104 246 104 953
65 24 65 546
24 671 24 951
671 957 325 180
957 623 765 415
64 930 64 722
930 75 176 17
75 343 75 571
343 476 757 199
476 182 753 6
182 661 182 466
63 359 63 19
359 888 359 187
60 206 60 92
206 213 206 539
213 274 106 539
274 281 274 500
281 597 281 972
59 297 824 345
297 944 297 611
944 318 944 977
58 741 58 800
741 415 177 671
415 530 850 661
530 727 530 709
727 737 727 271
57 601 57 416
601 922 496 41
922 542 174 189
542 894 65 302
894 862 546 27
56 613 58 755
613 84 292 399
55 917 55 955
917 84 917 632
84 39 233 776
39 37 39 119
37 627 37 934
54 333 54 489
333 594 333 58
50 573 50 909
573 210 308 816
47 303 47 776
303 458 303 712
458 263 423 381
263 446 771 260
446 627 446 973
627 204 627 713
44 820 385 615
820 632 926 634
43 893 43 305
893 315 144 27
42 587 42 228
587 269 789 2
269 246 269 982
246 749 364 486
749 594 89 186
41 740 496 14
740 724 740 671
724 35 724 30
35 661 35 399
661 315 685 486
315 862 315 111
40 762 40 237
762 318 682 413
318 903 318 172
903 250 237 744
38 422 38 203
422 713 422 356
713 674 713 531
34 746 34 576
746 918 767 406
918 816 82 106
816 597 119 648
30 7 555 570
7 973 7 737
973 207 446 945
207 614 413 800
28 570 28 529
570 312 555 305
312 29 715 486
29 90 586 118
27 48 356 210
18 48 18 966
48 538 187 119
538 945 426 27
945 623 446 203
623 186 623 827
186 90 186 260
15 575 15 245
575 653 575 945
653 632 170 659
632 594 530 395
594 492 45 677
492 358 615 7
12 998 12 316
998 199 269 278
199 99 199 45
99 358 143 671
358 597 278 6
11 716 11 518
716 888 716 3
888 210 888 632
210 204 608 154
10 547 10 203
547 501 671 711
501 674 399 118
674 90 674 531
9 305 9 632
305 614 305 486
614 250 42 211
250 862 250 659
862 597 722 407
6 533 674 5
533 769 533 414
5 778 412 260
778 769 407 414
769 118 119 154
118 737 118 250
737 395 198 500
395 204 632 934
204 597 204 198
597 90 544 486
90 341 90 250
341 424 341 536
424 3 934 776
