1000
418 478
890 45
965 387
912 152
956 968
560 552
4 872
53 685
1 191
430 687
109 580
525 898
862 673
155 98
766 576
726 310
407 916
286 928
776 326
1 359
395 107
701 295
21 381
311 849
934 971
638 256
676 634
445 283
541 788
365 335
822 651
508 995
851 244
621 798
940 587
564 236
234 652
519 747
954 978
726 115
697 206
20 106
878 95
114 976
699 345
154 880
582 1
538 349
220 582
427 683
183 530
694 778
39 948
65 877
269 982
331 430
209 897
184 816
45 409
170 701
295 860
104 209
453 714
2 423
575 634
323 638
806 604
733 203
332 156
719 356
641 77
51 247
767 919
143 294
150 539
201 33
217 645
250 984
632 601
758 859
43 421
277 357
852 282
797 942
893 511
128 697
891 507
487 507
900 649
342 452
881 742
404 328
228 704
926 215
208 513
443 642
101 511
120 82
832 205
362 268
669 754
771 6
532 422
773 328
240 745
114 689
762 851
515 141
223 609
906 483
671 669
342 967
810 802
150 558
104 74
37 899
408 10
755 537
841 380
329 453
236 928
619 93
764 478
756 70
785 318
25 87
407 660
623 556
72 405
584 912
906 310
516 17
939 448
128 656
557 924
965 766
706 181
121 35
528 200
783 201
667 379
640 784
156 406
187 651
257 709
570 655
871 111
274 901
345 912
707 962
387 417
253 413
614 848
521 713
363 84
125 667
881 170
765 858
563 361
869 928
384 358
305 748
165 408
892 401
521 474
578 738
203 95
671 104
666 429
133 350
190 180
158 949
880 833
632 734
237 567
47 99
783 388
213 192
530 51
978 915
572 323
593 841
552 244
57 847
218 310
605 572
796 761
624 73
678 694
820 583
768 261
499 758
11 921
903 100
410 262
664 302
767 823
520 370
587 630
913 353
777 549
856 559
914 843
380 248
728 551
59 319
865 953
999 478
635 710
941 268
692 434
521 112
936 118
857 254
438 324
941 21
208 160
31 831
401 138
788 132
96 326
271 831
147 434
788 932
509 49
170 783
723 664
239 293
575 795
494 479
515 655
764 930
97 991
519 553
528 379
531 657
267 478
618 444
519 111
47 208
273 203
912 924
478 655
530 407
916 17
526 239
842 176
189 634
838 867
314 586
861 379
964 616
41 918
441 955
666 858
337 115
874 438
103 916
721 74
662 28
271 306
118 977
802 460
978 26
141 60
712 608
615 815
160 842
485 211
437 358
451 777
634 370
213 311
688 748
398 744
698 348
702 563
275 197
267 221
943 102
991 898
355 552
478 664
62 472
364 153
613 644
217 392
981 510
628 15
374 428
378 51
769 906
401 258
230 51
366 49
203 828
421 353
307 545
232 978
642 759
627 172
161 295
395 492
625 16
78 578
51 206
517 500
996 289
870 671
371 540
978 358
592 661
936 694
530 604
939 373
607 797
485 452
913 88
632 621
600 310
677 510
617 554
916 16
201 456
654 602
792 277
216 367
862 402
104 478
450 729
459 226
515 438
167 496
294 935
470 514
489 426
162 914
66 108
255 659
623 839
554 692
727 983
400 589
104 695
70 203
759 393
233 845
382 93
572 385
292 523
103 19
800 123
347 579
815 100
802 170
164 979
663 271
816 933
71 436
618 77
472 855
940 753
585 340
772 38
55 257
193 570
596 904
895 764
240 290
229 671
970 720
477 249
226 27
645 639
242 746
866 834
829 29
319 257
955 328
141 24
514 811
343 463
88 784
716 468
427 965
989 982
469 842
701 833
138 162
410 784
596 927
198 876
923 75
328 148
695 71
707 79
814 883
717 31
275 674
555 724
750 36
580 914
465 265
636 633
217 702
204 136
695 681
682 487
160 602
792 767
8 309
12 287
139 587
466 673
836 543
676 748
141 83
240 953
732 104
546 209
853 232
272 439
515 116
495 329
794 812
66 247
276 779
788 209
963 755
672 229
596 804
373 864
816 478
169 329
494 73
944 161
413 118
896 755
12 177
973 13
681 130
35 695
364 671
832 250
970 278
842 606
670 896
925 134
890 730
474 212
456 312
555 65
291 942
682 490
105 158
667 284
678 408
455 950
587 528
634 511
952 919
870 552
385 985
884 880
377 237
271 941
188 170
626 974
298 807
511 764
901 783
649 511
926 207
93 389
982 993
479 105
92 744
105 383
281 543
698 983
929 77
246 39
462 904
44 447
94 277
868 382
888 857
827 938
618 518
887 394
779 131
979 375
419 895
621 326
499 775
564 7
299 659
957 503
858 146
505 407
956 879
577 992
299 821
539 591
35 967
217 545
238 374
171 887
810 120
440 14
657 813
457 444
797 726
825 807
185 937
316 741
890 491
846 737
890 134
377 53
478 1
799 975
209 197
49 474
792 478
886 300
293 826
897 659
565 758
290 562
362 285
854 731
803 909
300 870
476 271
167 651
454 335
894 566
377 787
46 522
34 812
434 898
370 522
469 110
945 197
737 494
124 322
556 315
150 387
716 271
322 749
572 163
581 530
197 782
683 905
425 922
8 907
588 147
195 52
90 196
899 339
532 975
32 363
416 351
237 764
326 241
35 5
523 326
774 219
679 233
725 373
747 511
506 329
145 671
73 424
172 115
649 845
385 686
430 6
426 209
491 599
317 950
763 617
144 538
75 266
514 358
195 545
277 129
485 447
646 166
308 171
127 753
875 733
57 897
304 496
767 543
478 310
41 341
514 555
34 937
257 758
632 297
737 311
532 378
650 257
235 941
502 444
949 873
657 819
431 418
822 548
412 407
692 411
113 355
770 958
253 318
301 645
379 237
854 990
119 706
219 6
215 326
367 451
805 840
225 235
644 234
498 573
837 103
835 409
756 693
468 808
264 247
162 633
658 479
767 50
205 653
708 105
600 265
255 9
49 37
816 217
655 834
942 42
822 739
815 658
682 134
479 64
663 353
783 805
397 63
838 66
574 482
680 564
149 927
433 227
477 895
137 962
454 988
700 662
642 446
882 51
63 322
922 175
733 571
455 478
875 609
234 955
666 505
302 325
212 80
996 476
897 885
792 322
316 315
989 850
633 832
170 586
179 887
643 734
346 381
334 796
819 695
271 764
809 831
577 640
934 804
658 367
669 597
294 31
511 494
494 946
830 950
923 347
306 81
533 259
910 844
254 105
568 741
18 243
789 161
719 203
768 816
912 371
173 194
863 124
216 168
533 160
817 760
792 204
922 191
37 404
35 72
691 354
282 135
399 594
406 273
328 665
413 186
736 481
970 391
478 979
78 560
524 963
746 960
612 232
497 838
810 980
655 592
428 421
501 739
893 733
25 323
764 978
121 761
303 534
707 817
992 61
561 547
123 957
726 692
818 247
311 471
123 442
572 378
843 272
48 104
56 418
472 310
820 93
434 140
202 371
330 533
73 198
435 601
835 449
663 807
445 726
621 376
399 802
972 781
586 387
210 684
869 311
623 678
350 838
170 271
508 411
897 628
575 590
91 435
974 882
711 12
310 752
344 761
467 584
425 889
464 401
326 415
76 642
58 354
912 18
543 69
882 704
580 527
518 706
229 227
422 458
589 600
13 667
68 595
142 24
704 461
649 642
705 477
871 313
304 224
242 294
231 124
381 987
829 107
536 906
4 107
360 457
226 629
794 635
348 793
395 695
100 336
337 512
407 123
174 815
144 343
45 631
647 78
844 123
637 377
802 59
740 906
426 157
939 484
0 431
276 958
118 85
495 171
265 569
827 586
756 288
634 550
45 698
277 908
517 10
170 430
530 786
728 377
622 978
58 343
487 199
40 226
920 190
994 775
531 824
735 572
857 986
335 732
633 155
947 3
292 3
722 66
93 779
926 598
959 712
684 654
251 294
801 523
448 321
116 333
217 39
854 663
982 282
49 86
130 22
150 90
733 694
414 663
396 941
668 651
515 266
335 8
603 545
931 522
430 934
959 480
493 860
860 690
450 162
6 41
630 363
736 450
170 632
475 85
626 772
100 270
214 285
535 475
34 426
314 912
293 792
761 23
20 995
628 911
70 488
997 792
615 252
117 895
357 677
469 402
103 618
751 239
290 595
662 698
158 559
920 923
236 122
790 657
837 36
983 989
403 362
12 831
970 802
610 715
18 956
468 222
432 866
482 108
93 351
966 518
897 504
190 159
338 636
420 162
452 939
378 310
350 544
998 671
668 611
894 468
178 399
455 921
2 682
789 166
340 640
240 669
913 40
320 171
917 540
171 764
352 834
616 494
263 878
160 718
79 173
398 721
606 737
237 182
296 340
260 587
587 969
618 534
757 741
380 916
590 54
280 80
890 530
89 792
189 369
961 437
368 722
743 453
832 893
133 814
803 657
370 93
648 733
440 937
912 951
573 295
156 902
972 601
887 675
19 386
756 696
651 217
476 712
629 126
183 976
527 372
698 610
217 279
335 963
30 83
893 328
897 473
102 191
486 842
780 408
327 506
96 67
390 268
245 858
788 620
919 542
703 802
161 529
171 614
79 584
144 875
547 998
846 151
454 791
815 534
699 39
942 741
228 96
481 913
117 769
826 615
812 613
524 147
842 996
282 442
584 413
358 803
985 164
30 791
834 179
785 934
614 473
419 324
277 180
480 197
222 936
871 366
478 811
625 936
598 136
304 648
703 948
80 313
930 815
113 780
330 863
743 881
151 62
462 611
326 201
820 102
420 239
483 713
726 700
873 608
421 924
399 852
452 51
47 336
623 619
504 229
385 127
426 309
950 18
573 578
26 630
561 388
602 777
795 143
94 401
372 384
393 434
739 794
628 176
949 197
228 734
821 93
487 388
366 235
460 838
291 350
264 122
983 239
194 134
740 26
475 206
448 249
905 407
939 474
477 750
285 877
303 518
536 3
72 218
831 577
643 110
241 767
915 372
540 520
604 256
284 160
356 742
603 783
278 633
548 990
723 808
166 539
657 395
173 868
204 763
973 198
843 475
872 448
333 725
418 159
677 268
36 793
15 73
87 531
992 192
60 295
780 640
778 112
224 684
481 145
793 798
144 788
885 423
831 922
98 639
577 738
997 409
161 81
291 581
972 320
721 954
284 183
687 380
312 911
51 184
806 914
528 568
576 758
560 508
160 468
809 511
214 745
837 733
746 438
730 369
200 568
106 901
150 715
44 930
406 353
980 417
494 725
728 561
597 11
844 656
773 977
822 250
422 245
889 290
826 175
476 325
186 322
524 146
167 365
315 644
777 349
887 190
956 974
914 903
310 223
16 37
308 147
40 526
881 749
151 787
801 288
806 447
648 846
335 796
242 813
402 756
326 620
301 425
652 387
804 119
948 348
714 623
126 118
573 304
678 658
892 994
589 179
157 400
853 87
465 784
262 550
323 436
225 619
592 622
661 482
783 950
46 195
361 565
364 829
408 543
900 274
317 40
600 898
123 429
93 122
748 517
466 535
751 542
663 864
933 897
439 92
177 624
316 910
557 293
676 252
193 727
303 474
662 664
205 554
63 857
482 296
559 550
441 678
348 970
545 572
827 386
513 311
241 785
14 943
480 412
451 797
496 689
533 455
984 142
7 11
4 937
697 575
510 116
368 767
130 629
605 178
865 506
300 786
272 968
717 631
63 443
340 27
476 56
895 983
969 111
973 612
293 933
852 13
609 329
163 314
294 386
446 205
838 666
846 35
106 557
399 670
720 538
850 148
978 539
390 832
430 729
953 308
533 927
967 938
69 270
931 753
225 77
636 606
381 68
755 545
869 360
646 55
585 654
50 391
594 851
145 992
736 188
979 798
593 800
954 227
963 929
842 116
871 101
889 494
721 8
340 435
779 392
493 527
253 312
191 394
48 674
754 19
345 833
84 598
149 515
835 444
706 261
331 492
414 732
581 306
154 649
600 49
12 802
97 263
209 617
835 254
912 728
993 91
547 756
944 560
375 784
211 607
182 736
363 512
16 186
164 690
768 457
344 817
643 860
368 792
401 309
377 645
537 232
110 888
343 946
485 878
457 928
746 713
413 2
555 6
523 731
960 571
215 154
847 231
209 579
495 71
298 425
552 708
181 755
979 501
292 226
4 484
855 909
610 275
741 985
289 669
716 722
280 863
951 429
461 759
351 712
681 688
587 624
124 390
710 8
876 45
334 886
519 542
970 330
462 626
781 879
547 243
58 25
823 357
608 712
158 602
402 751
957 676
719 707
859 424
453 213
415 650
404 292
935 995
909 727
229 299
346 962
101 385
208 857
502 294
637 463
432 174
66 245
855 1
829 504
192 697
182 153
134 761
538 381
91 709
237 140
771 782
840 74
811 59
949 905
932 477
235 9
194 564
243 584
918 968
588 976
358 659
334 383
590 13
369 9
886 530
714 686
259 150
994 916
763 360
115 32
39 585
379 945
729 900
931 370
221 266
166 158
323 17
128 41
869 982
915 551
851 96
169 341
988 202
338 836
392 433
753 515
556 744
86 396
400 796
998 305
801 53
54 479
341 804
870 975
779 57
525 85
469 97
207 916
118 238
516 704
546 902
828 196
607 254
680 611
766 60
795 411
352 737
287 587
321 989
501 669
693 558
212 856
257 12
88 282
82 33
139 695
658 220
199 509
222 962
738 354
605 442
888 367
891 343
168 54
403 76
744 507
543 687
523 964
283 255
847 760
960 668
471 265
468 601
378 269
155 107
214 267
924 700
565 596
193 439
883 660
571 187
121 541
861 231
43 675
766 331
711 908
989 704
327 567
982 143
679 943
240 48
665 522
856 139
325 223
963 854
23 138
104 770
810 315
458 132
890 126
383 162
289 860
227 739
257 563
628 760
478 509
917 941
301 427
170 752
694 450
271 473
450 564
120 503
901 267
762 52
444 373
57 363
975 338
671 27
786 56
141 70
673 248
470 350
667 311
595 818
925 416
447 276
879 681
58 133
883 549
234 650
247 114
299 660
850 163
355 731
415 637
935 279
165 567
892 592
699 803
665 162
569 384
434 270
157 896
701 553
488 616
20 952
321 525
237 934
324 840
260 941
752 302
898 337
62 894
978 156
242 319
85 319
140 683
316 307
771 839
701 947
920 677
75 36
121 471
649 125
716 861
49 833
238 910
217 875
926 10
351 961
362 78
807 236
688 233
496 441
797 843
440 706
268 502
639 144
232 690
940 819
42 65
230 491
21 952
629 412
169 487
454 431
576 519
702 548
233 22
307 555
839 112
406 137
361 0
405 939
90 750
768 999
913 631
432 55
103 196
297 262
200 971
977 647
226 89
822 279
789 897
646 679
872 391
705 825
824 90
31 352
127 692
240 24
411 3
593 671
819 339
61 925
82 536
632 940
868 280
887 749
894 488
759 626
33 76
698 435
421 882
199 431
493 845
724 498
723 38
328 446
696 2
735 774
653 73
175 651
532 513
880 765
213 808
34 747
534 88
204 378
802 569
672 108
32 135
757 510
269 959
111 705
692 544
640 153
652 286
830 219
769 621
772 870
854 5
733 996
244 770
841 817
132 409
125 878
791 724
514 926
117 430
274 95
638 104
344 382
141 997
470 445
100 800
201 498
775 136
152 120
562 814
275 373
148 313
572 420
634 500
70 171
215 563
129 499
579 53
884 661
830 919
115 599
296 103
459 211
83 295
322 109
219 841
256 426
919 566
463 521
172 403
966 203
328 355
37 814
382 634
866 506
285 202
859 210
362 486
94 460
410 541
156 627
124 456
876 376
865 306
788 414
906 717
332 862
922 273
790 45
805 485
609 586
904 43
22 848
206 877
986 29
490 612
505 183
720 329
691 424
675 38
920 78
853 467
83 566
938 445
718 371
981 440
693 781
998 230
921 272
942 50
618 520
489 353
131 174
967 246
1 59
604 695
929 918
472 68
603 958
578 642
630 491
123 685
896 251
540 553
377 456
376 14
210 862
776 189
497 976
981 449
645 497
416 253
244 105
528 558
19 99
283 395
732 499
107 684
790 29
247 397
0 252
635 945
691 159
398 702
177 664
530 336
773 754
657 874
250 190
173 988
907 986
152 114
337 742
370 951
610 264
335 965
44 662
128 47
562 310
500 638
655 131
195 64
575 396
41 203
109 884
327 885
622 389
849 574
591 944
778 255
582 129
224 15
379 987
428 824
387 266
24 971
423 288
119 61
615 7
995 419
845 917
810 318
882 774
184 730
635 969
374 807
187 683
417 617
407 764
84 902
332 895
10 298
273 286
570 641
980 342
207 715
627 236
546 599
66 654
987 765
436 67
77 946
95 772
72 874
216 389
526 167
65 990
685 921
20 974
923 130
821 18
220 218
816 42
185 512
92 956
216 168
514 904
596 507
405 580
666 775
346 31
178 529
208 761
161 890
834 707
81 673
792 25
35 410
972 357
281 923
719 820
748 965
79 633
659 590
454 466
858 527
906 586
248 893
320 667
437 102
278 483
726 722
535 461
549 281
737 79
490 866
554 516
903 544
464 718
259 165
827 354
171 959
455 212
5 46
680 984
290 620
899 472
189 105
966 644
907 927
359 263
794 521
601 271
176 740
249 142
364 260
625 453
947 302
696 75
583 300
776 17
458 710
246 508
511 489
858 30
880 181
955 34
647 397
825 314
318 588
221 108
698 359
433 469
709 911
258 682
137 582
99 591
465 583
333 594
356 69
670 64
459 844
317 953
832 864
188 522
809 743
180 21
747 276
655 991
595 347
191 682
486 848
663 492
367 964
668 891
551 100
618 867
365 818
394 999
467 836
484 345
347 559
374 529
451 371
651 503
689 198
735 74
686 570
80 837
261 418
258 993
711 957
518 589
531 642
393 375
297 251
67 349
89 823
799 789
908 616
734 339
672 955
745 812
342 277
899 23
427 912
464 98
404 614
613 937
537 556
380 632
958 138
816 449
758 694
305 185
928 867
893 991
787 52
86 437
813 113
479 495
875 28
398 428
552 170
532 782
653 703
6 172
762 422
234 133
805 505
408 580
438 932
149 828
71 764
517 217
961 708
574 146
873 452
135 606
265 597
799 155
656 849
28 757
287 674
636 621
