1000
902 649
471 295
444 855
973 83
934 588
813 812
705 714
727 338
739 920
4 296
999 736
279 194
388 525
939 362
459 859
691 716
211 106
855 253
712 763
234 591
394 400
20 973
773 612
143 642
125 190
121 824
131 549
23 626
478 428
883 391
339 730
400 462
337 242
361 432
184 706
922 606
964 897
297 753
802 25
490 892
519 79
41 131
240 744
961 717
117 70
422 656
861 709
557 404
985 80
409 486
610 451
914 319
769 773
760 801
708 529
238 261
904 883
829 922
599 384
462 678
468 626
710 448
441 278
281 762
988 870
210 181
325 131
980 484
502 486
319 955
248 877
602 215
997 158
624 295
54 138
586 232
8 88
209 242
762 532
679 370
908 270
29 66
460 64
726 475
61 479
617 45
355 990
763 655
210 849
35 10
315 231
967 178
751 271
344 685
786 355
150 426
194 714
141 390
762 79
946 279
961 514
412 307
134 586
312 713
230 777
104 11
703 841
48 905
986 172
532 486
523 385
929 0
2 940
866 441
849 332
694 915
475 109
489 969
477 397
92 922
91 947
944 153
159 72
67 206
173 717
229 394
513 722
136 423
665 522
718 58
129 929
773 293
625 169
411 275
202 429
860 879
757 22
462 470
702 449
653 585
589 676
717 87
470 199
261 851
848 26
664 725
876 869
481 437
264 149
67 961
573 344
50 404
507 44
629 404
456 958
251 303
603 796
573 750
75 42
556 15
200 168
810 435
644 15
709 663
142 141
186 863
77 261
316 580
386 420
561 576
597 933
787 287
381 904
176 92
922 988
900 254
893 833
633 327
373 552
105 870
890 861
458 310
602 252
309 767
669 796
647 295
505 222
75 808
682 44
915 268
303 330
507 575
612 626
37 875
778 433
915 772
355 574
328 722
884 499
643 107
762 857
852 304
987 173
78 302
521 209
785 198
267 849
582 334
383 430
7 258
101 416
634 430
355 501
33 934
303 903
560 973
465 59
496 131
948 968
528 534
346 508
308 165
402 437
155 752
991 784
751 706
556 844
647 640
892 619
360 549
191 976
864 120
879 841
84 328
462 291
807 528
635 395
330 733
463 649
306 590
281 657
532 462
335 158
282 154
127 111
179 856
958 855
978 908
770 663
487 357
887 24
999 790
286 75
40 913
177 53
219 53
742 104
867 151
108 149
186 993
855 393
245 367
357 29
454 960
630 128
934 819
943 672
125 110
243 397
884 270
927 564
817 436
626 148
747 788
217 974
433 186
874 576
354 367
876 555
802 411
290 989
916 975
279 376
626 372
179 639
238 263
785 506
615 541
110 799
241 320
75 238
738 943
470 637
273 400
625 75
867 854
464 129
363 78
402 818
103 711
905 953
297 255
247 240
649 280
744 375
884 326
994 598
803 387
43 599
556 76
535 426
2 85
424 798
63 596
253 487
381 803
526 359
587 31
631 130
47 874
668 785
576 418
351 677
174 792
800 52
462 964
276 475
142 552
913 75
980 477
492 595
778 853
543 349
343 67
294 656
576 516
279 570
991 280
180 446
868 185
500 178
92 389
519 220
26 787
626 164
840 981
306 323
246 237
288 579
708 729
184 755
385 430
197 617
941 742
950 342
167 27
765 836
15 433
528 955
371 862
998 529
771 893
248 988
903 567
453 64
426 614
414 584
208 46
573 850
629 787
129 699
553 928
762 386
211 38
439 441
108 864
353 551
131 133
834 98
129 395
604 967
670 91
594 622
691 549
842 304
215 701
135 126
965 999
836 262
18 129
820 77
346 159
734 615
437 113
599 613
317 351
329 806
683 565
825 957
235 339
838 340
228 166
700 457
681 60
766 308
401 309
708 498
873 734
586 383
874 44
347 797
385 340
910 607
949 927
544 134
680 487
754 102
266 834
578 385
858 511
295 528
566 638
508 846
203 564
718 377
354 786
354 111
876 128
686 703
643 528
442 170
606 38
949 398
34 415
609 157
354 353
86 9
213 318
355 778
783 495
710 483
429 410
605 221
133 311
683 246
253 129
315 271
130 604
708 789
383 237
208 700
520 172
920 205
241 395
785 368
481 854
487 558
996 571
888 217
448 288
770 604
971 750
529 310
114 110
21 643
132 473
976 779
794 209
199 30
365 230
785 886
481 749
377 804
820 628
763 381
880 982
421 11
386 858
275 485
143 592
764 350
222 438
408 417
6 898
430 609
750 968
295 242
373 610
485 8
261 880
254 154
327 261
258 826
983 346
171 522
21 645
385 970
488 400
902 674
492 797
745 130
682 28
791 725
720 65
324 29
148 97
462 786
578 758
681 367
133 905
510 545
587 813
46 418
533 238
360 399
935 407
80 934
721 697
763 495
727 866
186 122
839 519
728 128
604 626
217 988
285 406
247 35
603 894
474 342
355 697
218 615
965 376
803 385
298 864
547 569
122 445
644 329
711 950
482 818
95 817
524 344
540 814
921 222
855 512
554 734
661 628
942 979
357 910
827 446
933 433
649 355
880 53
684 799
79 145
533 86
357 743
465 967
24 573
329 918
977 748
201 445
636 707
210 915
591 220
627 437
493 593
638 623
418 590
121 355
208 648
549 269
112 269
124 187
636 368
817 426
834 493
172 341
200 53
863 698
964 304
606 989
245 356
762 16
490 368
616 282
129 78
961 845
272 162
69 327
723 481
241 204
662 124
152 149
142 537
962 751
297 717
39 291
343 137
768 642
279 929
759 531
388 407
118 143
509 953
67 382
659 688
909 917
485 297
643 543
414 355
875 533
96 98
139 387
997 656
333 880
111 984
841 731
380 473
943 997
921 100
573 874
781 934
963 402
788 250
895 373
285 525
771 652
574 517
207 872
650 429
750 810
715 31
376 427
701 904
632 852
961 660
901 874
760 615
680 332
480 98
539 12
173 313
95 891
950 795
80 899
125 699
369 17
218 688
904 854
885 173
752 272
321 441
400 32
374 489
341 878
263 956
12 633
381 936
755 233
5 189
956 277
489 805
689 700
671 74
603 596
120 823
4 906
316 693
313 403
259 307
218 467
448 452
416 257
814 486
581 916
30 667
366 958
162 301
711 305
613 972
949 121
291 404
80 896
261 617
838 583
183 829
835 108
49 541
226 943
475 133
376 396
416 596
376 292
43 930
853 119
779 767
960 82
679 355
314 765
798 645
202 719
772 704
238 515
190 434
222 809
989 469
419 414
403 777
832 785
57 96
385 108
312 778
99 291
405 797
14 70
592 472
402 223
813 425
761 690
957 936
905 289
780 740
111 216
146 781
348 282
410 931
926 925
914 542
735 268
285 491
961 746
164 572
532 874
919 365
27 633
596 568
250 778
579 587
283 221
877 822
800 740
254 926
785 256
943 446
931 147
981 854
942 641
594 857
392 141
977 410
334 395
341 397
115 654
443 927
643 361
726 525
72 741
373 257
61 125
791 930
525 258
166 708
907 272
129 492
522 907
410 459
364 630
68 506
304 776
109 995
121 56
264 724
413 428
300 992
643 410
201 196
470 104
129 92
961 288
831 416
75 478
245 123
717 400
474 828
675 35
617 274
407 951
368 487
737 884
545 45
16 415
362 475
274 345
604 904
586 526
851 303
548 247
865 365
621 66
197 124
945 766
474 940
92 93
442 759
239 399
70 944
297 847
944 618
408 735
649 925
954 910
837 883
217 759
898 53
992 1
355 70
834 341
494 314
854 923
397 473
194 869
81 497
349 708
283 841
527 32
148 695
274 192
121 235
532 638
249 909
156 665
550 122
332 751
996 869
144 604
526 911
61 265
859 651
350 121
140 695
260 651
755 673
702 412
43 355
236 517
412 279
185 477
160 19
765 925
12 553
817 676
687 16
782 108
611 696
17 757
381 115
177 754
881 850
732 490
284 672
407 793
723 318
588 697
143 525
239 538
871 426
129 373
306 692
653 717
638 126
332 620
830 646
78 5
205 937
352 591
503 95
907 587
518 511
672 535
882 173
14 912
261 717
160 144
598 331
549 688
815 327
889 428
626 74
30 51
924 105
596 358
735 821
680 62
354 212
771 190
377 242
547 555
214 908
608 650
36 461
2 224
322 359
738 244
703 955
84 13
357 247
830 449
164 89
430 3
562 688
460 989
179 852
379 907
92 904
610 84
188 970
559 746
680 774
563 391
441 90
528 73
422 816
757 577
78 916
811 222
161 355
688 938
115 351
900 775
431 610
328 163
921 83
988 943
658 339
726 866
410 440
800 373
378 245
441 862
834 570
393 601
17 415
174 197
190 947
182 905
962 94
355 580
598 679
536 712
696 738
790 600
960 292
16 952
461 814
215 920
378 872
46 222
116 360
337 917
740 466
193 181
720 564
493 756
801 447
257 690
163 55
455 885
976 303
543 299
570 227
360 476
405 906
238 643
752 195
971 71
422 225
165 93
883 942
194 374
504 236
936 992
336 759
726 270
617 81
54 115
159 929
306 530
349 843
932 152
666 672
157 450
838 966
525 72
474 373
546 99
462 92
838 959
175 29
423 988
576 805
767 884
125 639
171 768
236 944
69 513
695 128
488 635
258 141
919 887
318 301
17 487
619 393
923 341
727 923
348 307
832 812
145 791
670 281
697 877
296 992
473 503
183 667
712 301
46 83
899 880
27 17
186 192
664 247
609 780
49 570
1 307
945 263
924 194
816 408
336 375
179 215
485 171
818 362
321 815
502 581
83 249
253 648
193 217
894 703
122 882
213 879
462 5
726 223
710 103
689 835
729 887
723 871
379 890
192 483
266 778
780 97
107 361
485 5
65 630
823 56
897 43
792 958
667 593
557 590
893 778
292 342
622 863
113 836
184 52
805 959
546 226
968 63
764 664
397 543
508 696
253 207
184 200
260 419
232 966
38 255
890 398
622 242
443 841
626 957
43 628
647 778
8 847
202 976
523 778
19 110
77 94
954 78
726 96
795 82
854 516
605 866
631 821
684 404
696 827
594 106
134 536
923 979
703 545
318 799
964 960
514 690
86 966
335 725
418 601
179 571
476 607
839 786
569 188
588 713
548 311
203 131
220 328
45 724
526 443
984 391
536 82
148 600
685 124
366 778
687 636
848 612
702 387
348 915
322 766
332 53
362 561
577 850
430 169
198 712
891 58
65 55
113 357
631 356
851 491
325 593
19 902
753 872
330 409
844 447
800 609
625 464
332 319
429 374
79 164
258 96
313 748
105 721
431 96
661 838
709 578
230 958
16 72
323 459
904 34
642 129
933 708
172 945
742 527
787 92
761 923
769 478
730 323
157 415
77 553
994 388
259 14
757 510
259 598
486 439
246 315
227 108
593 235
697 236
77 323
560 798
496 581
56 26
916 583
100 368
242 871
99 287
417 748
219 422
297 169
553 15
746 376
352 319
237 539
748 785
891 682
544 251
362 857
227 879
840 855
103 289
697 998
905 279
452 343
722 924
687 324
367 59
956 521
136 977
660 965
716 91
997 952
593 509
96 285
638 945
423 603
797 314
349 366
974 71
445 111
83 619
620 203
189 460
997 159
188 835
381 419
257 301
104 756
833 189
570 286
353 933
83 835
861 895
498 42
763 824
549 271
937 608
815 70
687 555
332 188
493 544
811 844
466 825
666 109
429 971
795 195
299 891
276 917
809 980
456 514
41 537
364 96
327 271
154 542
641 176
46 54
327 30
778 858
199 120
59 987
979 684
77 40
121 26
82 49
224 55
650 551
387 781
983 503
537 941
938 306
21 178
443 81
756 950
979 125
532 602
751 149
263 895
834 668
382 8
227 151
478 844
419 777
483 119
910 411
576 444
91 887
433 672
137 88
214 429
466 560
900 507
533 20
102 806
190 507
540 983
234 184
352 442
630 345
530 60
756 290
848 834
607 804
608 89
46 337
946 32
469 248
687 625
962 850
657 129
596 788
564 112
542 572
255 359
357 820
440 384
741 61
162 520
587 904
684 753
148 396
751 542
304 669
664 494
263 635
473 852
103 990
416 52
356 193
788 74
870 242
762 513
751 577
643 53
578 24
624 973
558 192
635 656
997 170
343 375
114 148
309 463
662 804
501 637
385 581
263 485
616 737
966 357
558 976
495 440
245 232
469 942
182 403
688 936
124 674
9 364
166 237
93 63
413 887
66 744
850 104
906 108
894 8
192 584
640 299
167 824
995 184
929 100
101 435
100 871
713 536
365 431
256 331
991 322
363 429
761 567
802 905
924 111
612 112
475 618
855 763
731 482
60 922
813 553
945 568
886 386
703 38
786 283
905 201
100 250
987 625
595 41
115 39
67 683
789 490
594 619
850 846
910 406
11 624
383 760
270 796
819 242
757 848
720 910
353 390
45 836
967 235
930 373
874 113
140 609
560 750
305 439
477 968
392 545
984 295
780 364
997 259
281 544
726 282
138 974
170 209
149 380
63 577
940 759
669 630
553 796
858 569
879 348
312 931
820 659
533 677
483 575
945 216
752 19
315 995
51 861
790 413
910 960
150 622
854 912
774 317
928 983
882 22
321 482
534 940
323 569
271 323
160 980
635 565
293 822
777 984
644 669
46 873
814 910
485 424
652 370
729 963
285 409
399 412
429 122
751 201
776 434
943 686
736 59
744 512
576 427
117 905
963 181
920 805
687 448
842 768
6 887
479 898
969 696
254 83
684 989
4 597
376 747
913 947
277 268
38 484
425 699
538 45
187 101
721 921
611 570
625 503
220 932
905 640
681 323
528 477
627 932
762 212
499 651
96 651
171 111
84 854
103 3
304 342
798 144
802 38
236 533
525 123
281 229
676 83
547 657
71 235
613 223
566 48
851 869
948 167
816 665
992 240
691 757
971 158
261 243
7 140
26 381
512 244
264 113
749 909
279 225
772 126
756 621
910 472
2 858
35 372
715 694
357 923
97 860
903 107
937 378
698 211
821 139
532 320
511 556
59 728
867 709
423 826
418 501
155 51
645 577
44 593
335 730
517 740
686 531
829 775
457 835
912 868
918 619
518 553
628 497
402 801
730 18
482 395
906 996
630 711
229 640
511 536
582 766
848 742
641 70
303 911
249 713
140 650
196 472
977 461
592 536
506 400
470 871
147 247
122 845
168 94
726 623
654 667
83 190
37 866
830 719
32 530
778 817
499 770
220 105
980 676
36 328
700 810
944 262
640 163
706 268
57 283
116 496
413 616
633 329
79 306
884 267
569 624
934 673
115 644
574 62
188 171
923 68
693 953
489 439
789 277
525 340
732 807
632 248
481 596
269 308
749 173
376 577
806 997
935 680
850 657
273 395
91 446
291 980
562 199
156 915
558 458
756 269
993 932
441 626
765 50
154 953
344 834
104 888
778 13
402 702
855 892
437 365
205 734
951 836
835 672
585 75
749 253
978 542
652 43
773 383
606 518
551 875
762 560
599 808
735 187
546 701
740 617
372 672
133 467
203 283
363 683
109 485
424 303
722 784
524 976
252 676
591 352
29 788
310 355
19 773
12 904
426 631
3 487
97 80
925 897
603 747
227 713
180 192
966 969
548 905
72 201
946 926
376 848
679 676
805 626
569 665
801 130
930 28
56 239
779 261
862 230
368 890
204 503
866 697
836 758
966 338
47 977
50 578
858 187
883 184
407 61
803 960
577 301
132 857
553 774
278 339
553 804
401 934
583 864
865 612
631 127
371 636
265 522
988 138
302 512
634 563
174 718
987 415
614 736
333 134
287 223
284 630
136 28
409 935
254 394
859 907
540 468
374 675
629 374
822 254
782 124
554 254
337 738
905 357
297 96
913 630
323 143
12 533
279 663
9 772
118 663
642 646
395 905
223 50
548 653
972 949
105 231
238 559
779 859
617 487
346 514
478 353
3 569
136 850
924 841
244 222
579 223
46 901
190 940
720 552
717 654
368 997
76 225
219 695
987 331
705 246
318 474
94 152
142 105
625 201
853 443
854 887
107 939
619 573
798 908
151 631
91 798
171 91
188 107
270 793
174 623
625 438
272 993
438 471
661 850
190 574
182 449
596 958
849 555
581 529
494 547
369 792
253 331
723 454
82 405
960 395
794 636
42 970
979 881
878 637
858 105
346 480
759 615
148 619
153 399
889 270
519 759
883 649
632 174
211 625
816 412
566 843
692 847
79 797
965 343
586 143
637 500
719 190
33 866
21 890
210 811
528 334
74 550
775 376
191 77
530 632
806 43
218 302
583 594
707 935
25 179
920 229
890 64
300 358
90 859
439 786
601 905
963 791
145 85
360 87
188 275
754 187
84 580
436 413
108 999
494 326
808 585
987 694
928 228
164 871
417 185
461 559
568 300
81 23
696 491
782 515
773 419
981 346
614 961
721 837
4 165
443 896
949 529
121 783
547 73
83 982
912 541
610 736
758 351
739 650
188 353
146 327
332 61
110 520
96 171
813 453
856 257
420 3
288 161
585 266
914 729
124 97
343 429
206 223
546 201
386 361
927 216
410 992
505 77
354 647
96 429
948 743
95 929
274 18
852 294
504 94
193 57
625 512
733 683
38 658
975 120
702 512
26 779
713 934
299 970
985 593
402 388
832 553
899 419
679 734
349 182
876 407
329 342
758 766
46 241
389 19
177 813
187 506
919 165
631 986
98 112
828 863
207 31
223 502
560 377
0 624
316 10
197 684
419 298
787 192
890 678
511 417
135 443
201 171
282 522
604 120
713 593
608 747
992 485
233 663
384 492
943 312
669 221
966 450
388 288
397 324
175 736
810 518
219 190
529 589
237 412
479 797
434 106
535 979
228 455
704 229
328 671
188 788
836 463
347 105
655 697
865 467
631 525
379 475
624 630
77 537
417 339
199 917
364 532
281 771
107 884
801 277
77 362
280 278
963 955
189 485
702 831
483 657
763 363
940 48
83 995
697 702
254 78
634 510
425 845
465 874
714 326
384 379
137 125
10 60
923 179
45 521
143 686
70 557
929 755
578 432
635 208
428 992
414 574
100 992
630 421
310 723
688 653
101 981
557 360
604 871
572 745
885 610
451 926
171 807
813 56
350 802
