996
999 606 999 818
988 809 988 544
986 500 986 563
500 542 500 351
985 26 985 422
26 242 26 914
983 801 983 837
980 903 980 649
978 669 978 838
976 848 976 956
848 841 848 444
975 787 975 905
787 467 787 364
973 99 973 97
99 818 99 937
972 794 972 856
971 554 971 327
554 880 554 612
968 136 968 560
964 629 964 335
959 363 959 13
958 443 958 311
443 860 443 544
955 18 955 766
954 176 954 906
947 336 947 646
946 440 946 461
440 302 440 429
944 917 944 341
942 854 942 651
941 188 941 819
939 542 939 667
542 372 542 273
938 456 938 320
456 46 456 564
936 966 936 146
934 845 934 850
845 495 845 829
929 165 929 915
927 952 927 979
952 842 952 669
926 335 926 705
925 294 925 996
920 175 920 334
915 910 915 521
910 646 910 795
912 694 912 869
694 218 694 913
218 835 218 274
911 875 911 858
909 602 909 213
908 548 908 801
905 489 905 823
901 602 901 718
602 115 602 210
898 344 898 630
344 466 344 34
897 593 897 701
891 683 891 678
890 178 890 524
889 722 889 953
722 411 722 547
411 979 411 717
887 394 887 940
885 884 885 893
884 453 884 380
881 892 881 335
877 187 877 960
874 649 874 561
871 918 871 512
870 44 870 402
869 650 912 867
650 921 650 935
868 15 868 270
15 294 15 859
867 669 912 613
669 708 669 147
866 657 866 847
865 177 865 989
177 321 177 375
864 178 864 407
863 164 863 476
862 13 862 386
857 548 857 368
856 488 856 887
488 678 488 116
678 956 678 30
855 386 855 899
853 741 853 748
852 883 852 682
883 405 883 292
405 835 405 4
851 842 851 894
850 396 934 594
849 756 849 829
847 320 847 887
846 364 846 842
364 779 364 699
843 597 843 818
597 592 597 708
840 977 840 125
977 674 977 726
839 501 839 93
836 236 836 866
236 961 236 998
961 636 961 455
832 435 832 513
831 880 831 635
829 636 849 697
636 479 636 739
825 314 825 209
824 900 824 395
900 767 900 252
767 622 767 395
822 161 822 866
821 740 821 778
820 50 820 300
50 118 50 59
118 139 118 742
817 783 817 727
783 539 783 84
815 313 815 556
814 459 814 451
459 540 459 75
813 772 813 353
772 267 772 555
811 493 811 995
806 3 806 386
3 628 3 967
804 186 804 267
803 754 803 368
754 987 754 489
798 777 798 966
777 294 777 758
797 23 797 895
796 76 796 589
793 931 793 194
784 95 784 311
95 807 95 786
781 789 781 844
780 895 780 812
774 151 774 996
771 265 771 657
265 419 265 561
766 601 766 676
765 924 765 776
924 280 924 925
280 987 280 663
764 335 764 596
763 308 763 114
762 276 762 403
276 17 276 997
17 166 17 206
761 524 761 670
759 698 759 887
698 27 698 165
758 534 758 565
757 699 757 777
752 291 752 919
750 399 750 162
399 949 399 12
749 304 749 561
304 404 304 164
404 618 404 856
748 828 748 690
747 533 747 827
744 768 744 26
768 73 768 466
743 109 743 618
109 11 109 759
742 14 742 651
14 450 14 675
739 119 739 660
119 711 119 445
738 194 738 606
194 343 194 762
343 30 343 835
737 805 737 281
735 48 735 578
733 386 733 183
386 888 386 615
731 61 731 470
61 346 61 864
729 532 729 524
728 902 728 412
727 274 727 129
726 501 726 833
501 629 501 760
629 69 629 130
725 995 725 962
995 720 995 315
720 957 720 556
724 902 724 620
902 833 902 630
833 233 833 622
721 776 721 193
776 992 776 887
992 23 992 125
716 878 716 514
878 930 878 686
930 331 930 527
714 166 714 100
712 590 712 596
710 996 710 922
709 363 709 675
363 940 363 482
940 931 776 165
700 167 700 213
695 623 695 705
623 703 623 757
693 355 693 524
355 397 355 432
397 12 397 472
691 590 691 970
690 906 690 170
689 382 689 457
688 876 688 220
687 741 687 477
741 317 741 599
685 347 685 231
684 166 684 818
680 659 680 506
659 892 659 433
892 396 892 453
679 56 679 962
56 442 56 807
442 178 442 374
677 136 677 919
676 802 676 392
675 154 675 975
673 730 673 512
672 812 672 501
812 358 812 990
670 305 670 84
305 648 305 394
648 802 648 59
666 736 666 153
665 247 665 634
664 697 664 140
662 253 662 615
253 753 253 34
658 299 658 139
299 539 299 338
655 593 655 339
593 699 593 774
699 28 699 597
654 11 654 899
653 667 653 998
667 886 667 346
652 110 652 561
110 826 110 890
651 509 651 452
647 176 647 770
645 933 645 773
933 322 933 474
322 173 322 383
644 453 644 219
643 770 643 481
642 166 642 613
166 37 166 545
37 21 37 629
641 903 641 640
903 521 903 960
639 963 639 808
963 574 963 956
574 969 574 922
969 681 969 914
638 732 638 416
637 244 637 80
635 125 635 823
125 89 125 552
89 661 89 815
633 769 633 135
769 451 769 300
451 391 451 949
631 42 631 383
630 707 902 264
627 605 627 780
605 428 605 572
428 382 428 980
626 966 626 584
625 704 625 781
704 842 704 441
621 838 621 226
620 398 620 420
398 161 398 483
161 452 161 832
619 559 619 380
559 498 559 430
498 475 498 777
475 837 475 982
616 354 616 598
354 937 354 695
937 461 99 561
461 858 461 618
858 753 858 996
614 703 614 272
703 268 703 613
613 660 613 586
612 948 612 880
611 945 611 58
610 913 610 842
913 13 913 58
609 487 609 422
487 220 487 558
608 837 608 300
837 838 837 90
607 886 607 391
604 993 604 475
993 58 993 474
58 320 58 849
598 579 598 595
579 272 579 771
596 960 596 987
594 778 594 917
587 183 587 386
183 539 183 165
581 97 581 734
580 844 580 978
578 358 578 889
577 489 577 764
575 899 575 970
573 823 573 286
572 914 572 582
571 121 571 764
121 800 121 415
800 842 800 953
842 686 842 497
686 495 878 74
570 232 570 582
232 73 232 726
569 707 569 940
568 85 568 53
567 974 567 565
974 907 974 211
907 991 907 507
566 284 566 578
565 624 498 699
564 62 564 229
563 962 563 978
560 348 560 238
557 243 557 228
243 454 243 818
553 200 553 827
200 861 200 213
551 190 551 906
190 320 190 951
550 98 550 391
98 128 98 121
128 395 128 995
549 756 549 416
756 342 756 320
547 382 722 317
546 808 546 760
545 314 166 518
314 649 314 388
544 247 544 369
538 718 538 285
537 278 537 408
278 953 278 190
536 429 536 535
429 928 429 906
531 990 531 830
990 708 812 719
530 418 530 255
418 524 418 407
524 254 693 431
529 452 529 743
528 270 528 558
526 830 526 321
525 640 525 794
640 396 641 103
523 73 523 263
519 97 519 262
518 998 518 10
998 82 236 35
517 599 517 580
599 490 599 856
490 289 490 899
289 346 289 931
346 479 346 514
516 935 516 918
935 718 935 730
515 75 515 775
512 918 512 855
918 274 516 19
274 886 274 788
511 347 511 994
510 514 510 451
506 589 506 96
505 932 505 632
504 601 504 600
601 144 601 262
503 494 503 230
499 556 499 449
497 819 497 905
819 960 941 365
496 588 496 948
492 789 492 780
491 661 491 668
485 773 485 599
773 371 645 713
484 402 484 746
402 508 402 997
483 326 483 446
481 16 481 792
16 382 16 9
478 18 478 465
18 226 18 931
226 412 226 835
477 801 477 267
801 302 801 855
476 896 476 310
474 521 474 923
521 527 929 888
473 555 473 515
555 12 555 57
12 154 12 960
154 412 154 171
472 207 472 606
207 859 207 681
859 715 15 760
470 960 731 377
469 718 469 681
718 1 718 747
1 585 1 132
585 329 585 40
468 656 468 826
464 561 464 486
561 13 652 86
13 951 13 128
463 948 463 556
948 540 948 358
462 117 462 821
117 706 117 515
706 67 706 427
67 202 67 832
460 313 460 732
458 600 458 165
455 323 961 360
448 222 448 497
447 124 447 515
124 348 124 899
348 603 348 754
446 139 446 626
445 632 445 562
632 482 632 943
482 674 482 732
674 904 674 671
904 932 904 368
444 782 444 829
782 268 782 580
439 922 439 159
922 391 574 74
438 255 438 282
255 697 255 392
436 770 436 835
434 62 434 395
62 449 62 520
432 808 432 209
808 701 639 563
431 502 431 899
502 951 502 929
427 471 427 580
471 433 471 172
433 899 433 111
425 996 425 147
996 331 858 860
423 854 423 781
854 441 854 429
422 85 422 760
85 835 85 211
421 591 421 866
591 810 591 983
810 876 810 618
420 394 620 188
394 391 394 600
391 548 391 887
417 185 417 972
185 834 185 197
416 906 416 515
415 775 415 651
414 818 414 124
413 23 413 922
409 982 409 628
982 178 475 829
178 290 178 970
408 217 408 889
407 873 407 598
406 584 406 313
400 606 400 366
393 802 393 780
802 896 802 454
390 548 390 44
389 11 389 654
388 222 388 849
387 807 387 780
385 330 385 799
384 340 384 772
340 987 340 275
383 311 383 70
381 841 381 830
841 454 841 375
380 723 380 832
723 311 723 157
379 294 379 153
378 97 378 58
377 917 377 932
917 212 934 374
212 326 212 438
376 145 376 431
145 835 145 994
375 628 375 436
374 916 374 447
916 173 916 953
373 332 373 178
332 785 332 851
785 28 785 805
370 671 370 40
671 77 674 330
77 590 77 338
369 879 544 294
368 713 803 282
713 590 713 532
367 69 367 801
69 410 69 28
410 701 410 70
366 882 366 113
882 42 882 624
361 396 361 336
360 252 961 320
357 42 357 734
42 622 42 935
622 838 622 22
356 788 356 696
788 522 274 600
522 682 522 794
353 435 813 221
435 28 435 202
352 617 352 411
350 93 350 778
93 141 93 632
141 770 141 592
770 395 647 41
345 295 345 645
341 33 341 338
33 509 33 856
338 139 338 535
337 600 337 429
334 543 334 454
333 467 333 231
328 895 328 347
327 335 327 949
325 730 325 858
730 494 730 628
494 244 494 102
324 823 324 957
823 111 497 254
111 707 111 888
707 799 707 308
799 412 799 313
319 449 319 190
449 453 449 702
318 683 318 774
683 308 683 480
315 790 13 113
790 139 790 401
312 140 312 507
140 272 140 897
272 717 272 338
717 657 411 452
310 520 310 979
520 330 520 250
330 589 674 97
309 235 309 945
235 302 235 250
302 320 302 391
307 23 307 738
306 94 306 501
94 466 94 496
301 541 301 454
541 534 541 760
534 68 534 282
68 589 68 654
589 222 796 358
300 656 608 19
297 634 297 451
634 9 634 237
296 450 296 447
450 805 450 102
805 583 805 798
583 254 583 389
254 27 254 791
293 267 293 546
267 271 477 127
271 320 271 41
288 261 288 407
261 198 261 710
198 247 198 454
247 603 247 616
287 7 287 270
286 298 286 781
298 736 298 457
285 27 285 419
283 827 283 70
827 789 827 877
760 914 541 216
281 873 281 49
279 844 279 221
844 7 286 539
7 715 7 708
715 987 715 252
277 984 277 365
984 582 984 211
582 696 570 580
696 256 356 495
256 395 256 427
275 465 340 39
269 970 269 129
970 628 178 930
628 222 650 365
222 164 222 385
266 175 266 925
175 426 175 657
426 167 426 209
264 953 902 41
953 919 408 577
919 187 677 577
187 188 187 558
188 82 188 887
82 600 82 847
600 834 274 268
263 240 263 675
240 303 240 479
303 139 303 704
139 164 139 520
164 899 164 657
262 392 262 849
260 91 260 445
91 55 91 299
55 527 55 297
259 233 259 927
258 660 258 855
660 956 636 654
956 928 956 509
257 365 257 368
365 701 365 384
701 834 140 789
251 457 251 732
250 323 139 513
249 144 249 950
248 294 248 133
245 981 245 374
241 291 241 165
238 224 238 667
224 115 224 668
237 860 237 576
234 392 234 498
231 339 333 71
230 216 230 780
216 692 257 290
692 326 692 161
229 165 229 74
165 548 82 826
228 28 228 743
227 775 227 311
225 486 225 221
486 489 486 351
489 172 489 952
172 292 172 981
292 329 292 171
221 76 221 989
219 746 219 829
746 339 484 310
339 548 655 70
211 149 85 37
149 895 149 810
210 311 210 754
311 606 311 777
606 317 738 577
317 514 722 311
209 794 209 650
208 960 208 203
205 592 205 123
204 830 204 943
203 586 203 912
586 454 203 661
201 719 201 829
719 396 230 100
199 751 199 89
197 838 197 691
195 603 195 65
603 979 603 563
192 539 192 694
539 396 539 834
191 41 191 605
41 430 41 980
189 778 189 896
184 441 184 178
441 186 441 254
186 535 186 452
535 244 272 300
244 396 244 659
181 144 181 929
180 711 180 768
711 268 711 965
179 751 179 711
751 215 751 249
215 899 215 551
899 202 68 95
174 576 174 220
576 816 576 732
171 513 171 165
170 888 170 176
888 115 111 249
115 830 115 185
169 214 169 645
214 981 214 359
981 702 172 356
702 879 449 651
879 252 879 221
252 590 252 36
168 295 168 912
295 493 295 719
163 223 163 722
162 928 162 940
160 830 160 393
159 932 159 82
158 403 158 776
403 928 194 255
928 270 928 313
157 894 157 823
894 875 851 402
156 336 156 361
336 359 336 657
155 182 155 351
182 351 182 683
351 794 351 41
794 657 525 764
153 997 153 157
997 437 402 893
437 150 437 757
150 875 150 991
875 895 875 145
895 957 895 575
152 92 152 864
148 590 148 898
590 331 590 89
147 951 489 858
951 508 951 382
508 453 508 772
453 308 453 224
308 618 308 221
146 246 146 965
246 668 246 962
668 753 453 43
753 649 753 213
142 830 142 222
830 886 531 15
886 548 886 78
138 943 138 139
943 987 632 899
137 452 137 328
135 92 135 738
92 663 92 732
663 220 663 760
134 136 134 535
136 532 136 157
532 493 645 188
493 290 493 132
290 732 663 102
133 778 133 551
132 395 132 780
395 540 434 83
131 239 131 792
130 697 37 219
129 792 129 833
792 323 481 742
323 740 323 682
740 896 740 20
127 316 127 972
316 273 316 910
273 220 873 327
220 143 174 178
143 893 143 823
126 736 126 584
736 513 736 515
513 876 139 28
123 46 123 485
46 11 46 325
11 618 11 870
122 681 122 342
120 358 120 310
358 914 948 54
914 27 26 569
116 268 116 581
268 347 600 321
114 401 114 530
401 167 790 284
167 960 167 150
960 778 12 624
778 326 462 233
113 533 13 68
533 584 533 846
112 791 112 706
791 196 143 563
196 921 196 745
921 708 921 495
708 326 311 300
108 372 108 556
107 294 107 407
294 30 544 35
106 457 106 578
457 430 457 140
430 495 559 35
104 656 104 313
103 795 103 847
795 789 795 233
789 828 140 188
828 479 828 697
102 880 102 999
880 834 612 145
834 76 286 320
100 321 132 180
96 923 96 262
923 556 474 84
556 818 89 224
818 97 999 2
97 826 97 392
90 28 591 261
88 876 88 719
87 465 87 201
465 242 465 10
242 291 242 514
86 950 749 35
950 176 502 515
176 392 176 377
84 872 84 620
872 193 872 996
193 9 193 157
9 359 9 975
359 991 214 233
991 331 167 47
331 584 331 581
584 27 446 576
27 656 27 748
83 816 767 33
81 44 81 816
44 745 44 910
745 681 745 932
681 507 469 190
79 105 79 519
105 656 105 380
78 466 78 949
466 412 768 6
412 335 728 325
74 588 74 833
588 372 588 300
372 965 372 222
72 452 72 967
71 75 231 429
70 527 70 651
66 396 66 92
65 313 65 254
313 734 313 392
734 775 357 617
775 233 374 75
233 320 233 452
320 349 625 646
349 509 349 891
64 786 64 154
786 76 632 56
63 371 63 114
371 80 371 356
80 617 80 282
617 893 581 35
60 989 60 213
989 697 221 965
697 826 644 25
826 543 26 538
59 48 59 829
48 962 48 160
57 480 384 119
480 206 480 563
206 284 17 92
54 779 54 5
779 965 779 905
965 509 221 35
53 957 53 231
957 661 324 145
52 326 52 854
51 949 51 855
949 562 327 157
49 22 49 36
22 966 74 599
966 329 798 856
329 860 329 56
47 807 150 124
807 342 68 81
45 838 45 835
838 656 65 122
43 624 224 447
624 10 12 515
10 342 10 654
342 514 191 217
514 906 346 81
906 931 231 310
931 202 931 377
40 396 40 675
396 732 396 829
39 424 39 577
424 392 424 791
392 893 313 72
893 705 885 284
705 144 705 202
144 979 144 75
979 23 927 151
23 326 23 513
36 656 36 394
35 994 813 213
994 217 994 823
217 495 263 309
495 732 356 74
34 543 34 849
543 75 543 318
75 73 960 861
73 507 73 535
32 816 32 310
816 896 68 36
896 173 189 755
173 876 173 255
876 732 876 752
732 540 576 507
31 101 31 135
101 595 101 769
595 452 152 675
452 860 70 613
860 239 858 596
239 382 239 988
382 962 190 300
29 615 29 284
615 38 662 362
38 861 38 6
861 213 934 24
213 945 213 454
945 28 288 270
25 649 34 682
24 223 515 596
223 151 223 964
151 321 854 291
321 335 654 188
335 962 335 402
20 284 20 970
284 28 284 809
28 21 380 8
21 454 21 492
454 987 35 832
987 618 596 386
618 657 618 599
19 835 300 835
835 270 300 202
270 507 254 189
507 30 507 429
8 347 35 757
347 326 347 421
326 479 326 487
479 962 240 58
6 419 387 141
419 592 899 41
592 467 780 349
467 649 467 889
5 646 496 760
646 558 625 599
558 682 558 34
682 509 396 496
509 76 976 940
76 962 76 891
4 755 4 234
755 809 823 429
809 362 402 188
362 527 764 429
527 656 970 829
656 661 656 798
661 202 651 35
2 967 102 361
967 291 392 429
291 548 732 246
548 649 548 540
649 540 477 0
540 932 540 757
932 202 377 188
202 962 202 772
962 30 429 396
30 657 780 59
657 562 829 188
562 0 35 429
