998
998 529 998 697
995 109 995 315
109 475 109 666
994 598 994 388
993 186 993 932
990 355 990 103
987 173 987 694
986 172 986 631
985 80 985 593
984 111 984 777
983 346 983 928
982 880 982 83
979 942 979 923
978 908 978 542
975 916 975 120
974 217 974 138
972 613 972 949
613 599 613 223
969 489 969 966
966 838 966 450
963 402 963 955
959 838 959 805
954 910 954 78
952 16 952 997
951 407 951 836
948 968 948 743
968 750 968 477
946 279 946 926
945 766 945 638
766 308 766 758
308 165 308 269
165 93 165 919
93 92 93 63
941 742 941 537
742 104 742 848
939 362 939 107
362 475 362 857
938 688 938 306
937 205 937 608
205 920 205 734
935 407 935 707
932 152 932 627
152 149 152 94
928 553 928 228
553 12 553 832
924 105 924 841
105 870 105 858
870 988 870 242
923 854 923 761
919 365 919 887
918 329 918 619
912 14 912 868
14 70 14 259
911 526 911 303
901 874 901 46
899 80 899 880
897 964 897 925
896 80 896 443
80 934 80 97
895 373 895 861
894 603 894 703
891 95 891 682
890 861 890 678
861 709 861 51
709 663 709 867
663 770 663 279
770 604 770 499
889 428 889 270
888 217 888 104
887 24 887 854
24 573 24 578
886 785 886 386
882 173 882 122
881 850 881 979
850 573 850 962
878 341 878 637
873 734 873 46
871 426 871 723
868 185 912 854
185 477 185 417
865 365 865 612
365 230 365 437
230 777 230 958
777 403 777 419
403 313 403 182
313 173 313 748
860 879 860 97
879 841 879 348
856 179 856 257
848 26 848 834
26 787 26 779
847 297 847 692
846 508 846 850
508 346 508 696
346 159 346 981
845 961 845 425
844 556 844 811
843 349 843 566
842 304 842 768
840 981 840 855
981 854 981 101
839 519 839 786
837 883 837 721
835 108 835 689
833 893 833 189
893 771 893 778
832 785 832 812
831 416 831 702
828 474 828 863
827 446 827 696
826 258 826 423
825 957 825 466
957 936 957 626
824 121 824 763
823 120 823 56
120 864 120 604
822 877 822 293
877 248 877 697
248 988 248 632
821 735 821 631
819 934 819 242
816 422 816 665
815 327 815 321
812 813 553 813
811 222 811 210
809 222 809 980
808 75 808 599
807 528 807 732
806 329 806 997
329 644 329 633
644 15 644 669
805 489 805 920
489 374 489 439
374 194 374 675
804 377 804 662
795 950 795 195
794 209 794 636
793 407 793 270
407 388 407 876
388 525 388 402
792 174 792 958
174 197 174 718
789 708 789 490
784 991 784 722
991 280 991 322
280 649 280 278
783 495 783 121
495 763 495 440
782 108 782 515
780 740 780 609
776 304 776 434
775 900 775 829
900 254 900 507
774 680 774 553
769 773 769 478
768 642 768 171
642 143 642 646
764 350 764 664
350 121 350 802
761 690 761 567
690 257 690 514
758 578 758 836
578 385 578 709
756 493 756 950
753 297 753 872
749 481 749 909
748 977 748 785
977 410 977 461
747 788 747 608
788 250 788 596
250 778 250 100
745 130 745 572
743 357 948 167
741 72 741 61
739 920 739 650
920 215 920 229
737 884 737 616
736 999 736 614
733 330 733 683
330 303 330 409
732 490 807 171
731 841 731 482
730 339 730 335
729 708 729 963
728 128 728 59
724 264 724 45
264 149 264 113
149 108 149 751
721 697 721 921
719 202 719 830
202 429 202 976
716 691 716 91
691 549 691 757
715 31 715 694
31 587 31 207
713 312 713 934
312 778 312 943
707 636 935 680
636 368 636 687
705 714 705 246
714 194 714 326
704 772 704 229
772 915 772 126
698 863 698 211
863 186 863 622
694 915 987 625
693 316 693 953
316 580 316 10
580 355 580 84
692 306 847 8
689 700 835 672
687 16 687 625
686 703 686 943
685 344 685 124
684 799 684 989
799 110 799 318
678 462 890 398
677 351 677 533
675 35 374 629
674 902 674 124
902 649 902 19
673 755 673 934
671 74 671 328
74 626 74 788
670 91 670 281
91 947 91 887
947 190 947 913
669 796 669 630
796 603 796 553
603 596 603 747
668 785 668 834
667 30 667 654
666 672 109 485
664 725 664 494
725 791 725 335
791 930 791 963
930 43 930 373
662 124 804 607
661 628 661 850
628 820 628 497
820 77 820 659
77 261 77 553
660 961 660 965
659 688 820 357
658 339 658 38
339 235 339 417
235 121 235 967
657 281 657 850
281 762 281 771
655 763 655 697
654 115 654 717
652 771 652 370
771 190 281 544
648 208 648 253
646 830 642 129
830 449 719 190
449 702 449 182
702 412 702 697
641 942 641 176
942 883 942 469
640 647 640 905
647 295 647 778
639 179 639 125
179 852 179 923
637 470 637 501
635 395 635 656
634 430 634 563
632 852 632 530
852 304 852 473
304 964 304 669
964 462 964 960
631 130 821 139
130 604 130 801
627 437 932 220
624 295 624 973
623 638 623 726
622 594 622 242
594 857 594 619
857 762 857 132
621 66 621 756
66 29 66 744
620 332 620 203
619 892 594 583
892 490 892 855
490 368 789 277
618 944 618 475
616 282 616 413
614 426 614 961
611 696 611 570
696 738 696 969
608 650 603 423
650 429 650 551
429 410 429 971
607 910 607 476
910 357 910 960
605 221 605 866
221 283 221 669
283 841 283 786
841 703 841 443
703 955 703 545
601 393 601 905
393 855 393 619
600 790 600 148
790 999 790 413
999 965 999 108
965 376 965 343
597 933 597 4
933 433 933 708
595 492 595 41
593 493 593 713
493 834 493 544
589 676 589 529
676 817 676 980
585 653 585 808
653 717 653 688
584 414 584 192
583 838 583 916
838 340 838 661
340 385 340 525
582 334 582 766
334 395 334 528
581 916 581 529
916 78 583 864
577 757 577 850
575 507 575 483
507 44 507 190
572 164 572 542
571 996 571 179
996 869 996 906
569 547 569 858
547 555 547 657
555 876 555 849
568 596 568 945
567 903 179 215
903 303 903 107
566 638 566 48
565 683 565 635
683 246 683 363
246 237 246 315
237 383 237 539
563 391 634 510
391 883 391 984
883 904 883 649
562 688 562 199
561 576 561 362
560 973 560 798
559 746 559 461
746 961 746 376
558 487 558 976
557 404 557 590
554 734 554 254
734 615 734 679
551 353 551 875
353 354 353 933
550 122 550 74
548 247 548 905
546 99 546 701
99 291 99 287
544 134 544 251
134 586 134 536
542 914 542 751
914 319 914 729
319 955 319 352
955 528 791 145
540 814 540 983
539 12 237 412
12 633 12 904
538 239 538 45
239 399 239 56
399 360 399 412
537 142 537 77
536 712 536 713
712 763 712 301
763 381 763 855
534 528 534 940
531 759 531 686
530 306 530 60
527 32 527 742
32 400 32 946
524 344 524 976
344 573 344 834
523 385 523 778
521 209 521 956
209 242 209 170
520 172 520 162
172 341 172 945
518 511 518 810
511 858 511 556
858 386 569 665
516 576 516 854
515 238 782 124
514 961 514 456
513 722 513 762
722 328 722 924
512 855 512 744
510 545 510 757
545 45 545 392
45 617 45 836
509 953 509 593
953 905 953 154
505 222 505 77
504 236 504 94
236 517 236 944
517 574 517 740
574 355 574 414
503 95 503 983
95 817 95 929
502 486 502 581
501 355 501 418
500 178 500 637
178 967 178 21
499 884 499 651
498 708 498 42
497 81 628 43
81 617 81 443
496 131 496 581
494 314 494 547
314 765 314 797
491 285 491 851
488 400 488 635
484 980 484 38
980 477 676 679
477 397 477 528
483 710 483 657
710 448 710 103
482 818 482 395
818 402 818 362
480 98 480 346
479 61 479 898
476 360 804 553
472 592 472 910
592 143 592 536
471 295 471 438
469 989 469 248
468 626 468 540
467 218 467 865
466 740 466 560
740 800 740 617
464 129 464 625
463 649 463 836
458 310 458 558
310 529 310 723
529 708 496 116
457 700 457 835
700 208 700 810
208 46 208 635
456 958 514 346
455 885 455 228
885 173 885 610
173 717 173 749
454 960 454 723
453 64 453 813
64 460 64 890
460 989 460 189
452 448 452 343
448 288 448 687
451 610 451 926
450 157 966 357
157 609 157 415
609 430 609 800
447 801 447 844
801 760 801 402
760 615 760 383
444 855 444 576
443 927 81 23
440 410 440 384
439 441 439 786
438 222 438 625
436 817 436 413
817 426 817 778
435 810 435 101
810 750 518 606
434 190 434 106
190 125 190 940
432 361 432 578
361 643 361 386
431 610 431 365
427 376 427 576
425 813 425 699
813 587 537 41
424 798 424 485
798 645 798 908
645 21 645 577
21 643 21 890
421 11 421 630
11 104 11 624
104 470 104 850
420 386 420 3
386 762 361 107
419 414 419 899
414 355 574 190
417 408 339 278
408 735 408 816
735 268 735 187
268 915 268 706
915 210 915 348
413 428 413 887
428 478 428 992
478 75 478 844
409 486 409 935
406 285 406 910
285 525 285 409
401 309 401 934
309 767 309 463
767 779 767 884
779 976 779 859
398 949 890 379
396 376 396 148
392 141 703 38
390 141 390 353
141 142 141 258
142 552 142 105
552 373 552 720
389 92 389 19
384 599 384 492
599 43 585 266
43 355 43 897
382 67 382 8
380 473 380 149
379 907 379 475
375 744 375 343
744 240 512 702
240 247 240 992
372 626 372 672
371 862 371 636
862 441 862 230
370 679 652 43
369 17 369 792
366 958 366 778
958 855 958 596
855 253 763 363
364 630 364 780
630 128 304 342
128 876 128 695
876 869 407 61
869 194 869 851
194 279 194 924
363 78 363 429
358 596 358 300
356 245 356 631
348 282 915 156
282 154 282 726
154 254 154 542
254 926 254 822
926 925 32 530
347 797 347 105
345 274 345 630
338 727 338 966
727 866 727 923
336 759 336 375
335 158 730 323
158 997 158 971
333 880 333 134
331 598 331 987
598 679 598 259
679 355 676 252
326 884 326 494
884 270 884 267
325 131 325 593
324 29 324 687
323 306 323 681
306 590 306 79
590 418 557 360
322 359 322 766
359 526 359 255
526 586 526 443
321 441 321 482
320 241 320 532
317 351 317 774
351 115 351 758
311 133 311 548
305 711 305 439
302 78 302 512
301 162 301 577
162 272 520 110
300 992 300 568
299 543 299 970
298 864 298 419
864 108 594 106
108 385 108 906
296 4 296 992
4 906 4 165
906 405 108 227
405 797 405 82
797 492 797 479
492 129 384 379
294 656 294 852
293 773 254 394
773 612 773 419
612 626 467 133
290 989 290 756
989 606 684 979
289 905 289 103
287 787 287 223
787 629 787 192
629 404 374 429
286 75 286 570
284 672 284 630
278 441 417 748
277 956 277 801
956 263 521 45
263 238 263 945
276 475 276 917
273 400 273 395
267 849 884 107
266 834 266 778
265 61 265 522
61 125 61 332
262 836 262 944
836 765 836 113
765 925 765 50
925 649 43 806
649 355 883 184
260 651 260 419
651 859 651 96
859 459 859 907
459 410 459 323
259 307 259 997
307 412 307 348
412 279 399 153
256 785 256 331
255 297 255 38
252 602 676 83
602 215 602 532
215 701 684 753
701 904 546 226
251 303 281 229
249 909 249 713
909 917 749 253
917 337 917 199
337 242 337 738
244 738 244 512
738 943 337 46
243 397 243 261
234 591 234 184
591 220 319 332
220 519 220 328
519 79 519 759
233 755 233 663
755 184 755 929
184 706 184 995
706 751 268 277
232 586 232 966
586 383 586 143
383 430 383 773
231 315 231 105
315 271 995 83
271 751 271 549
229 394 229 640
394 400 254 83
228 166 503 625
166 708 166 237
708 349 353 478
349 543 349 366
543 643 543 397
227 570 227 879
226 943 546 201
225 422 225 279
422 656 422 219
656 997 635 263
997 943 806 102
224 2 224 55
223 402 223 726
402 437 402 702
219 53 219 695
216 111 216 945
214 908 214 429
908 270 798 144
270 726 270 796
213 318 213 879
318 723 318 474
723 481 310 355
212 354 212 762
207 872 207 253
872 378 684 404
378 245 378 937
206 67 206 223
204 241 204 503
241 395 241 46
395 129 815 70
203 564 203 283
198 785 198 712
196 201 196 472
201 445 201 905
445 122 445 111
122 186 122 845
186 433 186 192
195 752 795 82
193 181 193 356
181 210 181 963
210 849 353 188
849 332 555 687
192 274 787 92
274 617 274 18
191 976 191 77
976 303 558 192
303 851 303 424
851 261 491 696
189 5 189 485
5 78 5 485
78 129 78 254
188 970 188 835
970 385 970 42
187 124 187 858
124 197 124 97
197 617 197 684
617 261 617 487
183 829 183 667
829 922 775 376
182 905 182 349
180 446 180 192
446 943 446 91
176 92 641 70
175 29 175 736
29 357 29 788
171 522 171 485
170 442 170 997
442 759 442 352
759 217 759 940
217 988 217 193
169 625 169 430
625 75 503 473
168 200 168 94
200 53 200 184
167 27 167 824
27 633 27 17
633 327 329 342
161 355 161 288
156 665 307 1
665 522 187 754
522 907 522 282
155 752 155 51
752 272 752 19
272 907 272 993
907 587 859 90
587 579 587 904
579 288 579 223
288 961 288 388
153 944 412 816
944 70 236 697
151 867 151 631
867 854 578 50
150 426 150 622
426 535 426 631
535 672 535 979
672 943 372 35
943 988 686 143
147 931 147 247
931 410 931 312
410 643 410 992
146 781 146 327
781 934 781 387
145 79 145 85
79 762 79 797
140 695 140 650
695 148 219 190
139 387 151 227
387 803 387 702
138 54 138 988
54 115 54 46
115 381 115 644
137 343 137 125
343 67 343 429
67 961 67 683
961 717 736 610
136 423 136 977
423 988 747 376
988 922 974 71
135 126 135 443
126 638 772 9
638 532 216 927
132 473 362 77
473 397 324 397
397 341 331 253
341 834 341 923
127 111 127 631
111 354 111 924
123 245 123 525
245 367 245 232
119 853 119 483
853 778 853 443
118 143 118 663
143 525 143 323
117 70 117 905
70 355 70 557
116 360 502 223
360 549 360 87
114 110 114 148
110 125 110 19
125 699 137 88
699 129 122 429
113 437 113 874
437 481 431 96
481 854 481 596
854 904 91 798
112 269 112 612
269 549 269 756
107 643 107 188
106 211 619 573
211 38 211 625
38 606 38 802
606 922 518 553
922 92 922 60
103 711 103 3
711 950 711 630
950 342 756 104
342 474 115 39
102 754 997 368
754 177 187 506
177 53 177 813
101 416 101 187
100 921 100 992
97 148 97 780
148 626 148 619
94 962 94 77
962 751 301 318
751 332 751 577
332 680 332 188
90 441 779 261
441 866 441 626
866 726 866 697
89 164 89 608
164 626 164 871
88 8 125 979
8 485 8 894
87 717 395 960
85 2 729 887
2 940 2 858
940 474 759 615
474 373 751 201
82 960 82 536
960 292 910 814
292 376 292 342
376 279 376 848
76 556 76 225
556 15 511 536
15 433 15 553
433 778 433 672
778 355 585 75
73 528 73 547
71 971 71 235
971 750 882 22
750 573 750 560
573 874 619 83
69 327 69 513
327 261 327 271
68 506 68 923
506 785 506 400
785 368 417 511
368 487 368 890
65 720 65 630
720 564 720 910
564 927 564 112
927 949 263 895
949 121 949 529
63 596 63 968
596 416 788 188
416 257 416 52
257 373 257 301
62 680 62 574
680 487 285 96
60 681 60 10
681 367 323 569
367 354 367 59
354 786 354 647
59 465 59 987
465 967 465 874
967 604 235 593
58 718 58 891
718 377 174 632
377 242 377 560
242 295 242 871
295 528 295 984
528 643 63 577
643 238 643 53
57 96 57 283
96 98 96 726
98 834 98 112
834 570 848 757
570 279 570 49
279 929 279 905
56 121 56 813
121 355 121 26
55 163 55 65
163 328 163 640
328 84 328 36
52 800 52 184
800 373 364 532
51 30 263 485
30 199 30 327
199 470 199 120
470 462 470 871
50 404 50 223
404 291 179 25
49 541 49 82
541 615 541 912
615 218 940 48
218 688 218 302
688 549 688 936
549 131 271 323
48 905 190 83
905 133 201 625
47 874 47 977
42 75 299 891
41 131 56 26
131 133 131 203
133 475 612 848
475 726 368 100
726 525 96 429
40 913 40 77
913 75 913 630
75 238 778 858
39 291 630 624
291 462 291 980
37 875 37 866
875 533 140 609
36 461 220 105
461 814 136 850
814 486 910 411
486 532 486 439
34 415 34 904
33 934 33 866
934 588 249 83
588 697 588 713
697 355 236 533
355 786 164 79
786 462 57 193
28 682 28 930
682 44 299 640
44 874 44 593
25 802 923 357
802 411 802 905
411 275 960 803
275 485 275 188
485 297 171 201
297 717 297 169
23 626 111 171
626 604 626 805
22 757 96 364
757 17 376 577
17 415 17 487
415 16 415 987
16 762 16 72
762 532 762 560
20 973 20 533
973 83 624 569
83 921 593 667
921 222 721 105
222 46 222 244
46 418 46 83
418 576 418 601
576 874 576 805
874 532 113 357
532 462 140 7
19 160 19 773
160 144 160 980
144 604 91 171
604 904 604 871
18 129 18 730
13 84 13 778
84 610 84 854
610 373 736 59
373 129 28 136
10 35 174 623
35 247 332 53
247 357 247 664
357 487 357 905
487 253 487 3
253 129 966 86
9 86 9 364
86 533 887 6
533 238 533 12
238 261 238 559
7 258 96 297
258 525 258 96
525 72 525 631
72 159 72 201
159 929 159 997
6 898 171 188
898 53 871 100
53 880 835 83
880 261 419 381
261 717 26 381
717 400 713 227
400 462 624 0
462 92 462 5
3 430 3 569
430 385 96 171
385 803 385 581
803 381 395 905
1 992 188 569
992 936 100 929
936 381 653 548
381 904 77 323
904 92 512 625
92 129 192 483
129 929 129 657
929 0 992 485
