995
998 21 998 798
994 533 994 640
993 21 993 902
21 773 21 501
991 626 991 325
626 773 626 573
990 57 990 855
989 281 989 246
281 282 281 332
282 70 282 814
986 999 986 209
999 547 999 728
984 101 984 228
982 627 982 744
627 804 627 446
981 591 981 492
980 997 980 525
997 864 997 509
978 311 978 439
311 922 311 533
977 272 977 784
272 592 272 463
975 535 975 616
972 343 972 477
971 631 971 574
968 794 968 987
794 127 794 229
127 338 127 981
338 146 338 600
967 117 967 745
117 574 117 761
966 504 966 815
965 227 965 822
962 290 962 238
960 90 960 803
959 698 959 306
698 118 698 348
958 442 958 924
957 593 957 908
952 39 952 576
951 884 951 759
884 177 884 541
950 455 950 827
948 992 948 783
947 323 947 317
945 974 945 161
943 496 943 409
942 522 942 821
522 33 522 970
940 914 940 567
939 919 939 113
936 481 936 919
935 785 935 772
785 623 785 748
934 761 934 94
932 125 932 274
931 920 931 532
930 969 930 41
969 334 969 873
334 568 334 112
929 53 929 878
928 534 928 598
927 160 927 514
160 456 160 651
926 248 926 24
248 148 248 867
924 18 958 482
921 70 921 728
918 753 918 655
912 84 912 404
910 744 910 719
744 955 744 545
907 316 907 145
906 838 906 278
904 499 904 243
499 571 499 841
902 177 993 569
177 274 177 597
901 498 901 171
900 320 900 724
897 865 897 567
865 96 865 509
896 574 896 286
891 366 891 162
366 786 366 679
886 611 886 873
885 661 885 845
661 104 661 781
881 657 881 437
657 543 657 145
878 804 878 720
876 915 876 450
874 270 874 730
873 765 873 895
871 518 871 372
518 521 518 875
521 342 521 417
342 159 342 359
870 836 870 839
836 770 836 614
770 148 770 174
868 304 868 727
304 80 304 813
867 742 248 146
863 43 863 752
43 195 43 381
195 880 195 462
862 803 862 899
861 898 861 361
860 956 860 821
859 214 859 737
856 380 856 892
853 15 853 190
15 519 15 842
850 833 850 526
849 648 849 434
648 583 648 933
583 407 583 425
407 944 407 964
848 37 848 688
845 478 845 93
844 691 844 17
691 577 691 772
577 908 577 667
841 215 499 666
215 17 215 915
17 855 17 754
840 737 840 775
839 591 839 183
837 826 837 364
834 914 834 265
831 909 831 24
829 506 829 566
506 483 506 529
827 228 950 766
825 564 825 908
820 72 820 701
817 135 817 621
816 253 816 911
253 223 253 357
815 533 815 760
812 87 812 784
810 922 810 714
809 147 809 857
147 206 147 829
206 570 206 847
808 801 808 82
807 358 807 447
358 955 358 61
806 379 806 434
800 232 800 140
232 39 232 823
798 73 798 944
796 146 796 822
793 765 793 53
765 159 765 372
159 920 159 943
791 683 791 729
789 405 789 990
787 241 787 733
241 0 241 455
0 524 0 171
781 650 781 739
780 424 780 392
778 683 778 707
777 502 777 747
776 937 776 892
772 784 691 340
768 611 768 600
611 416 611 678
766 164 766 487
763 255 763 40
760 654 760 336
758 383 758 412
756 387 756 847
755 4 755 504
754 552 17 577
552 307 552 751
750 110 750 72
110 63 110 690
749 747 749 822
747 857 747 407
748 33 748 639
746 513 746 711
745 125 745 469
740 603 740 801
603 108 603 488
739 799 781 607
738 12 738 724
736 425 736 541
734 428 734 420
428 898 428 637
731 12 731 828
728 487 728 25
726 569 726 996
569 185 569 16
725 752 725 307
724 933 738 514
933 769 648 166
723 913 723 735
913 498 913 39
722 743 722 336
721 592 721 510
592 37 592 607
719 559 719 654
717 226 717 784
714 668 810 540
712 14 712 553
711 433 711 193
433 944 433 46
710 554 710 723
709 548 709 518
548 390 548 828
708 152 708 908
706 224 706 900
224 487 224 881
704 864 704 908
703 469 703 452
469 799 469 548
799 502 799 597
700 601 700 153
601 74 601 405
699 41 699 510
41 32 41 488
695 139 695 468
694 357 694 533
693 242 693 419
242 416 242 740
692 71 692 450
690 643 690 423
687 593 687 618
686 432 686 169
432 401 432 497
684 6 684 349
6 888 6 878
888 685 888 120
685 914 685 497
682 422 682 219
681 835 681 552
680 689 680 955
678 946 678 255
946 801 946 128
677 620 677 527
620 689 620 613
689 847 689 905
675 732 675 740
674 258 674 140
258 260 258 441
673 93 673 843
671 228 671 729
670 899 670 522
899 203 899 536
669 20 669 782
667 647 577 623
647 961 647 284
665 559 665 563
559 443 559 561
664 188 664 541
663 782 663 708
782 568 669 509
662 365 662 465
660 9 660 237
659 141 659 716
656 718 656 139
653 353 653 282
353 571 353 339
571 880 571 537
651 938 160 565
649 650 649 42
645 12 645 910
644 752 644 519
752 953 752 655
641 854 641 225
854 307 854 689
307 33 307 193
640 702 994 168
637 323 637 818
635 219 635 908
219 434 219 212
634 846 634 822
632 57 632 828
630 451 630 428
451 832 451 975
622 516 622 411
516 337 516 655
621 295 621 587
295 954 295 955
619 730 619 825
618 155 618 617
617 795 617 784
615 40 615 209
614 64 614 277
64 642 64 881
642 636 642 508
636 964 636 759
610 587 610 761
587 68 587 291
68 826 68 666
826 183 826 823
607 732 592 460
732 973 732 108
604 401 604 449
600 5 768 12
599 263 599 797
263 534 263 636
534 226 534 160
226 598 226 132
598 857 598 119
597 20 177 333
595 987 595 697
987 5 987 880
594 658 594 434
658 479 658 499
590 89 590 202
89 797 89 527
797 811 797 202
811 514 811 880
514 705 514 956
589 403 589 470
586 176 586 790
585 157 585 914
584 259 584 963
582 161 582 992
578 403 578 203
403 84 403 776
576 668 576 541
573 153 573 399
153 309 153 444
567 973 940 149
973 602 973 549
602 741 602 764
566 72 566 632
72 12 72 905
565 47 565 838
47 702 47 83
562 916 562 910
916 769 916 31
769 588 769 570
561 173 561 454
173 818 173 726
560 100 560 743
100 961 100 873
558 963 558 6
557 500 557 477
556 93 556 206
551 869 551 585
869 165 869 872
165 176 165 992
550 444 550 786
545 705 545 923
544 727 544 960
727 819 727 774
819 953 819 635
542 168 542 163
168 666 168 973
666 715 666 917
541 57 736 315
57 166 57 501
540 985 810 453
985 790 985 141
538 646 538 629
646 988 646 887
537 1 537 609
1 623 1 657
536 631 536 178
530 461 530 132
461 718 461 185
529 123 529 826
123 995 123 59
528 431 528 999
431 322 431 579
527 435 527 996
435 498 435 581
526 605 526 434
605 832 605 895
523 453 523 779
453 581 453 51
581 252 581 577
520 323 520 460
323 588 323 272
512 214 512 670
214 672 214 348
672 500 672 795
500 705 500 971
510 456 510 126
509 908 509 741
908 832 819 535
832 843 832 411
507 579 507 257
579 954 579 676
954 502 954 115
505 788 505 570
788 40 788 390
503 676 503 537
676 835 579 551
835 508 835 51
497 919 685 411
493 783 493 31
492 190 127 481
490 178 490 533
489 925 489 874
925 814 925 544
488 524 488 442
486 720 486 276
720 543 6 794
485 355 485 866
484 852 484 889
855 743 990 157
480 335 480 975
335 99 335 494
477 498 477 970
475 125 475 52
473 279 473 830
279 33 279 150
472 423 472 6
423 531 423 878
531 259 531 847
259 98 259 236
471 539 471 393
539 775 539 398
470 210 470 995
468 803 468 910
803 502 544 283
467 124 467 107
466 875 466 56
465 591 465 550
591 109 591 646
464 652 464 421
463 59 323 243
462 609 462 757
609 109 609 846
109 920 109 987
460 631 607 995
458 59 458 738
454 430 561 388
430 260 430 956
452 767 452 330
767 892 767 192
892 58 776 37
450 802 450 40
802 20 802 965
20 37 20 609
37 833 892 14
833 716 833 266
449 223 449 721
223 408 223 726
448 813 448 308
813 633 813 513
633 574 633 373
447 397 447 974
397 49 397 482
49 858 49 313
446 417 446 618
417 650 417 284
445 27 445 425
27 404 27 843
441 367 441 753
367 474 367 308
440 751 440 201
438 13 438 462
437 655 437 673
655 909 655 877
909 818 909 702
429 515 429 447
427 104 427 339
426 255 426 413
255 880 678 215
420 308 420 848
419 762 419 646
762 702 762 494
418 563 418 820
415 364 415 541
364 639 364 78
639 401 639 270
414 305 414 7
305 547 305 127
547 843 547 743
413 225 413 879
225 742 225 488
412 87 412 738
87 434 87 772
434 593 434 181
411 183 411 646
183 911 183 738
409 701 159 673
701 944 820 138
400 580 400 522
580 260 580 346
399 992 399 976
992 23 165 210
398 543 398 661
543 654 543 245
396 563 396 508
395 575 395 295
575 402 575 713
394 814 394 351
814 4 814 357
393 416 393 60
391 285 391 935
285 922 285 618
389 549 389 135
549 306 973 69
306 421 959 106
421 898 421 139
898 5 898 199
388 707 559 108
386 613 386 762
385 496 385 645
496 439 496 961
384 847 384 617
382 71 382 211
71 974 71 633
974 164 447 761
378 474 378 618
474 519 474 979
377 846 377 539
376 805 376 193
375 743 375 425
374 36 374 397
36 141 36 983
141 976 141 801
373 32 633 222
32 851 32 922
851 773 851 963
372 222 372 971
222 387 222 577
387 801 387 294
371 14 371 955
14 495 14 781
370 124 370 836
124 821 124 581
369 260 369 360
363 895 363 847
895 555 605 715
362 108 362 371
108 410 108 529
361 296 361 720
296 612 296 120
612 309 612 908
360 707 369 101
359 406 359 753
406 795 406 689
356 883 356 487
883 194 883 941
194 783 194 180
783 882 783 140
354 995 354 162
352 343 352 616
343 487 343 206
351 866 351 752
866 235 866 145
349 570 684 51
348 404 348 584
347 139 347 288
346 554 346 890
554 42 554 449
42 650 42 705
344 154 344 436
154 774 154 689
774 875 727 95
875 240 875 36
341 735 341 923
735 459 735 504
459 515 459 498
515 479 515 112
336 444 336 941
333 270 333 622
270 922 639 29
922 872 922 391
329 525 329 380
327 741 327 814
741 737 997 443
326 628 326 243
628 937 628 872
937 217 937 963
217 99 217 605
99 332 99 929
325 266 325 824
324 847 324 88
847 455 531 176
455 737 455 571
737 944 737 193
319 408 319 828
318 596 318 581
596 864 596 171
864 963 864 171
963 894 963 607
894 877 894 635
877 920 863 524
317 757 317 629
314 779 314 355
312 339 312 412
310 824 310 740
824 654 325 72
303 23 303 290
302 12 302 753
300 148 300 514
148 593 148 513
299 563 299 938
563 668 563 42
668 139 668 424
298 236 298 247
236 911 236 566
911 5 911 443
297 152 297 740
294 498 294 203
498 574 498 134
293 328 293 733
328 368 328 545
292 74 292 361
74 773 74 975
289 73 289 217
73 93 73 99
93 564 93 735
288 683 288 915
683 128 683 216
128 34 128 747
286 821 286 254
821 155 860 278
284 743 284 278
743 442 547 158
280 532 280 237
278 546 906 152
546 84 546 665
84 103 84 645
103 625 103 544
625 339 625 818
339 801 427 140
277 949 836 399
949 629 949 895
629 133 317 174
133 624 133 852
276 917 486 252
275 652 275 175
652 846 652 546
273 773 273 129
271 624 271 721
269 988 269 51
988 19 988 908
268 553 268 101
553 941 712 408
941 759 336 571
759 139 263 190
267 19 267 860
265 416 265 936
416 410 416 250
264 872 264 703
872 53 628 795
262 125 262 154
261 291 261 595
291 501 291 14
257 166 507 134
256 142 256 943
142 135 142 116
254 283 254 923
283 790 103 254
251 322 251 910
322 857 322 545
250 380 250 972
249 535 249 21
535 53 894 161
53 533 53 849
533 178 533 522
247 136 247 980
136 442 136 769
442 857 488 381
246 380 246 606
380 444 380 632
245 46 245 843
46 82 46 529
82 476 82 613
244 287 244 905
287 357 287 171
357 118 357 661
243 555 243 685
237 176 237 511
176 882 206 451
234 23 234 659
231 606 231 528
606 401 606 101
230 718 230 571
718 938 718 174
229 164 361 401
221 733 221 771
733 260 733 405
260 40 260 872
220 478 220 983
216 478 216 94
478 309 478 38
213 424 213 150
424 879 668 115
211 227 382 159
227 608 227 910
608 70 608 470
209 405 209 645
405 125 405 908
208 792 208 871
792 730 792 483
730 650 730 856
650 654 650 234
207 638 207 192
638 320 638 10
320 519 320 993
519 495 519 514
495 905 495 332
205 753 205 243
753 889 302 65
889 613 889 908
204 12 204 77
202 890 202 470
890 91 346 8
201 198 201 462
198 616 198 652
200 905 200 31
905 161 244 290
161 846 161 130
846 944 336 301
199 151 199 761
151 784 151 631
784 742 384 19
742 568 742 283
568 688 568 964
688 410 848 572
197 111 197 539
111 882 111 222
196 40 196 635
40 857 40 550
857 705 857 451
193 379 193 852
379 118 379 702
118 401 118 707
192 623 192 338
623 504 222 494
191 654 191 969
187 9 187 456
9 178 9 380
186 915 186 991
915 235 288 116
235 504 235 912
184 838 184 631
838 479 160 272
479 920 479 127
182 203 182 359
203 882 203 932
180 525 180 810
179 330 179 550
330 517 264 586
517 392 517 27
392 252 392 987
252 365 486 215
174 337 174 759
172 116 172 78
116 390 915 532
390 476 390 491
476 919 476 115
919 157 265 149
157 18 133 391
171 631 171 375
631 91 184 496
91 588 91 357
170 70 170 611
70 775 70 915
775 104 840 584
169 903 169 13
903 761 903 679
761 12 761 905
167 887 167 943
887 185 160 171
185 508 185 963
508 828 508 617
163 55 163 944
55 757 55 488
757 355 757 852
355 828 355 126
162 979 162 729
979 80 979 164
80 654 80 721
158 786 547 90
786 956 550 574
156 713 156 698
150 773 150 523
149 970 149 707
970 365 400 436
145 555 145 781
143 11 143 666
11 716 11 569
716 33 650 112
140 39 339 92
39 331 39 900
137 502 137 330
502 705 502 254
705 944 42 600
134 487 507 4
487 228 487 873
228 4 228 162
132 501 132 513
131 729 131 995
729 511 729 532
130 313 196 113
129 713 129 828
713 34 713 802
126 679 449 465
679 266 679 98
122 779 122 991
779 996 150 423
996 923 223 210
121 801 121 785
120 483 120 437
483 105 483 528
105 439 105 555
439 593 439 781
593 961 593 78
119 135 119 444
135 822 135 40
822 125 822 254
115 764 115 182
764 696 764 501
696 218 696 957
218 616 218 600
616 574 975 7
574 5 500 48
114 239 114 446
239 4 239 295
4 178 134 185
113 178 696 365
178 944 178 60
107 238 107 757
238 408 238 234
408 964 408 14
106 18 106 519
102 345 102 815
345 368 345 9
368 707 368 215
707 938 149 605
97 101 97 559
95 381 95 57
381 842 41 412
842 511 842 724
511 422 237 361
422 504 422 20
94 166 216 46
166 425 166 735
425 188 171 56
188 210 188 294
210 274 996 456
274 146 203 788
146 920 146 848
92 350 339 26
350 308 350 141
308 34 367 181
34 410 34 294
410 404 410 406
404 482 912 113
88 315 88 508
315 13 541 607
86 751 86 133
751 33 552 234
33 482 33 650
85 365 85 923
365 964 365 63
964 90 407 905
90 189 90 781
189 588 189 584
83 112 83 174
112 923 234 411
923 383 803 299
81 104 81 84
104 804 104 465
804 879 804 181
79 588 79 828
78 316 78 674
316 961 316 221
77 443 77 572
76 331 76 234
331 917 331 632
75 5 75 600
69 504 168 332
67 823 67 501
823 443 529 465
443 504 443 407
66 570 66 969
570 801 136 75
801 98 675 637
98 917 98 753
65 212 98 548
212 830 219 150
830 613 830 532
613 532 613 646
532 152 215 336
152 23 860 138
62 702 62 820
702 995 702 920
995 914 90 371
61 337 61 243
337 773 337 140
773 914 773 548
60 790 60 826
790 624 703 391
624 401 624 477
56 715 243 528
715 938 487 338
54 843 54 143
52 457 52 548
457 436 457 87
436 59 624 18
59 961 59 996
961 588 184 319
51 456 51 243
456 795 59 878
795 139 795 953
139 18 464 59
18 190 522 880
50 513 50 944
513 771 513 220
771 504 221 545
504 588 504 882
48 58 529 7
58 164 58 304
164 654 474 504
654 524 910 7
524 401 863 430
45 332 45 555
332 313 332 607
313 555 313 406
555 882 555 462
44 101 44 682
101 976 101 849
976 383 399 805
383 956 383 14
956 805 724 828
805 882 402 397
38 494 478 28
494 321 581 528
321 19 321 127
19 917 508 254
35 290 35 359
290 843 761 53
843 858 673 731
858 401 858 371
31 340 200 28
340 266 757 528
266 175 266 880
175 643 275 79
643 564 643 895
564 29 564 12
30 138 30 419
138 572 138 332
572 879 146 254
28 880 28 579
880 914 880 247
914 944 28 174
26 301 140 849
301 23 336 79
25 240 757 522
240 190 240 469
190 879 636 588
24 491 831 22
491 818 294 53
818 63 740 53
63 882 365 13
882 309 735 79
309 5 309 908
22 12 24 617
12 938 192 254
938 917 338 548
16 13 320 108
13 955 819 125
955 917 607 528
10 697 10 798
697 525 261 319
525 181 781 548
181 879 140 781
879 401 413 661
401 5 59 522
8 96 8 469
96 155 96 923
155 828 155 537
828 588 59 144
588 917 636 2
7 501 7 434
501 953 57 52
953 444 795 528
444 23 444 399
23 125 23 497
125 5 908 852
3 144 3 254
144 481 550 121
481 482 481 181
482 944 399 465
944 917 50 849
917 5 143 53
5 920 5 595
920 29 702 828
29 983 731 174
983 2 983 759
