997
839 278 839 929
278 925 278 399
925 471 925 627
471 679 471 206
679 32 679 296
32 419 32 218
419 929 419 981
929 110 929 646
110 103 110 302
103 919 103 754
919 921 919 653
921 125 921 451
125 361 125 18
361 669 361 860
669 851 669 453
851 948 851 973
948 486 948 243
486 741 486 883
741 96 741 664
96 748 96 428
748 998 748 971
998 74 998 394
74 358 74 756
358 296 358 780
296 208 296 77
208 674 208 691
674 951 674 723
951 369 951 693
369 987 369 21
987 728 987 855
728 843 728 111
843 235 843 882
235 243 235 380
243 903 243 855
903 394 903 36
394 327 394 557
327 535 327 109
535 153 535 755
153 949 153 178
949 846 949 398
846 147 846 673
147 637 147 223
637 836 637 341
836 620 836 433
620 491 620 618
491 549 491 629
549 932 549 999
932 909 932 612
909 123 909 458
123 87 123 689
87 487 87 713
487 207 487 99
207 456 207 918
456 175 456 559
175 570 175 434
570 98 570 882
98 611 98 147
611 777 611 993
777 787 777 543
787 220 787 559
220 616 220 916
616 141 616 610
141 367 141 482
367 162 367 745
162 955 162 503
955 984 955 854
984 251 984 944
251 677 251 972
677 591 677 977
591 206 591 10
206 597 206 636
597 393 597 797
393 792 393 397
792 644 792 844
644 534 644 963
534 622 534 824
622 263 622 104
263 732 263 82
732 335 732 702
335 668 335 459
668 733 668 267
733 370 733 920
370 913 370 431
913 560 913 323
560 810 560 217
810 286 810 647
286 794 286 843
794 328 794 717
328 285 328 869
285 976 285 651
976 634 976 276
634 995 634 955
995 607 995 531
607 352 607 621
352 837 352 319
837 797 837 590
797 661 597 598
661 11 661 879
11 236 11 959
236 855 236 815
855 417 855 748
417 116 417 666
116 150 116 890
150 187 150 748
187 201 187 675
201 630 201 573
630 517 630 825
517 31 517 561
31 572 31 676
572 973 572 522
973 432 851 269
432 789 432 502
789 653 789 738
653 596 653 670
596 159 596 623
159 48 159 723
48 707 48 179
707 883 707 485
883 504 883 151
504 158 504 360
158 134 158 318
134 900 134 142
900 482 900 655
482 197 482 589
197 366 197 725
366 527 366 403
527 124 527 775
124 954 124 217
954 501 954 512
501 540 501 764
540 67 540 119
67 901 67 650
901 758 901 380
758 185 758 981
185 223 185 485
223 71 223 993
71 691 71 842
691 16 208 361
16 339 16 925
339 446 339 183
446 773 446 890
773 321 773 824
321 658 321 497
658 525 658 871
525 557 525 933
557 730 557 798
730 685 730 225
685 502 685 358
502 12 502 747
12 387 12 272
387 879 387 70
879 274 879 804
274 734 274 498
734 145 734 535
145 273 145 905
273 994 273 859
994 521 994 960
521 772 521 571
772 615 772 492
615 558 615 690
558 117 558 108
117 662 117 896
662 512 662 600
512 322 954 489
322 938 322 58
938 756 938 548
756 821 74 589
821 579 821 838
579 751 579 762
751 192 751 573
192 724 192 151
724 640 724 113
640 434 640 710
434 801 434 513
801 92 801 308
92 368 92 886
368 309 368 781
309 135 309 396
135 717 135 532
717 859 717 72
859 151 273 790
151 346 151 708
346 785 346 989
785 598 785 984
598 993 597 415
993 895 993 820
895 165 895 714
165 795 165 477
795 654 795 625
654 586 654 695
586 409 586 847
409 890 409 427
890 128 446 852
128 541 128 80
541 297 541 607
297 735 297 990
735 303 735 563
303 950 303 270
950 896 950 589
896 945 896 624
945 953 945 927
953 77 953 688
77 786 77 870
786 15 786 461
15 53 15 659
53 389 53 316
389 764 389 688
764 727 501 541
727 638 727 763
638 464 638 877
464 743 464 941
743 222 743 553
222 25 222 817
25 58 25 417
58 617 58 634
617 518 617 95
518 79 518 988
79 181 79 445
181 809 181 997
809 215 809 853
215 917 215 57
917 386 917 667
386 425 386 51
425 143 425 519
143 493 143 435
493 6 493 814
6 24 6 847
24 479 24 493
479 788 479 899
788 933 788 983
933 292 525 457
292 960 292 825
960 931 960 561
931 783 931 858
783 350 783 762
350 307 350 941
307 606 307 678
606 416 606 663
416 688 416 593
688 891 389 488
891 418 891 940
418 283 418 843
283 496 283 946
496 659 496 861
659 834 15 182
834 805 834 645
805 633 805 547
633 897 633 908
897 161 897 26
161 435 161 793
435 861 435 566
861 353 861 561
353 127 353 550
127 454 127 475
454 771 454 960
771 131 771 465
131 40 131 317
40 13 40 406
13 763 13 769
763 47 763 365
47 345 47 441
345 209 345 754
209 436 209 741
436 313 436 923
313 89 313 55
89 776 89 269
776 475 776 684
475 914 475 400
914 682 914 852
682 749 682 695
749 200 749 634
200 431 200 967
431 831 370 368
831 4 831 11
4 84 4 870
84 403 84 760
403 709 403 996
709 588 709 985
588 30 588 963
30 574 30 879
574 318 574 381
318 545 318 360
545 178 545 767
178 605 178 515
605 308 605 190
308 830 308 886
830 2 830 694
2 812 2 563
812 699 812 452
699 568 699 332
568 39 568 815
39 963 39 535
963 675 963 298
675 166 187 400
166 853 166 849
853 91 853 646
91 740 91 885
740 440 740 22
440 136 440 960
136 463 136 890
463 81 463 213
81 204 81 937
204 362 204 997
362 224 362 614
224 519 224 641
519 483 519 488
483 484 483 405
484 944 484 2
944 149 944 898
149 305 149 538
305 559 305 16
559 702 559 585
702 490 702 799
490 867 490 618
867 22 867 400
22 997 22 939
997 241 204 251
241 189 241 448
189 958 189 842
958 276 958 778
276 338 276 292
338 508 338 367
508 282 508 594
282 466 282 906
466 863 466 590
863 199 863 439
199 577 199 850
577 547 577 210
547 696 805 500
696 253 696 427
253 768 253 632
768 347 768 486
347 316 347 526
316 721 316 82
721 884 721 494
884 365 884 700
365 465 763 170
465 173 465 774
173 706 173 874
706 76 706 356
76 927 76 542
927 18 927 941
18 111 18 899
111 70 111 868
70 618 70 888
618 473 618 381
473 86 473 965
86 544 86 865
544 552 544 635
552 532 552 565
532 799 532 704
799 766 732 557
766 453 766 663
453 603 453 545
603 269 603 58
269 942 269 746
942 510 942 698
510 737 510 986
737 704 737 42
704 382 704 742
382 813 382 28
813 923 813 943
923 856 923 984
856 177 856 503
177 939 177 701
939 989 939 261
989 986 346 682
986 760 986 288
760 329 760 132
329 120 329 726
120 104 120 826
104 564 104 816
564 872 564 349
872 377 872 887
377 880 377 286
880 257 880 823
257 421 257 504
421 152 421 368
152 608 152 582
608 847 608 267
847 888 586 221
888 878 888 66
878 710 878 784
710 991 640 94
991 814 991 940
814 326 493 180
326 604 326 842
604 575 604 984
575 854 575 878
854 524 749 55
524 238 524 641
238 715 238 917
715 750 715 473
750 956 750 754
956 312 956 582
312 400 312 496
400 262 187 154
262 343 262 99
343 765 343 962
765 719 765 1
719 722 719 627
722 422 722 725
422 478 422 800
478 784 478 648
784 902 784 291
902 97 902 844
97 34 97 392
34 563 34 429
563 50 2 334
50 975 50 582
975 898 975 840
898 113 604 70
113 531 113 986
531 631 531 573
631 762 631 180
762 20 762 825
20 264 20 187
264 689 264 337
689 988 689 890
988 882 988 252
882 928 286 610
928 610 928 221
610 624 286 341
624 59 117 704
59 410 59 715
410 258 410 341
258 444 258 899
444 106 444 688
546 509 106 889
509 775 509 188
775 530 775 391
530 632 530 43
632 1 632 711
1 628 1 287
628 398 628 326
398 889 398 320
889 279 889 576
279 469 279 607
469 649 469 817
649 957 649 762
957 61 957 697
61 442 61 739
442 526 442 942
526 203 347 257
203 770 203 120
770 0 770 705
0 755 0 727
755 877 39 442
877 767 877 392
767 833 545 673
833 567 833 924
567 781 567 844
781 180 421 358
180 576 180 533
576 227 576 581
227 550 227 732
550 49 550 210
49 539 49 712
539 556 539 791
556 566 556 695
566 645 435 291
645 481 834 272
481 325 481 607
325 959 325 956
959 14 11 713
14 83 14 899
83 341 83 904
341 126 286 213
126 186 126 589
186 656 186 269
656 424 656 879
424 428 424 220
428 499 428 477
499 578 499 330
578 648 578 935
648 240 648 374
240 260 240 673
260 384 260 104
384 612 384 658
612 548 612 390
548 804 938 21
804 687 656 375
687 439 687 660
439 167 439 273
167 523 167 692
523 225 523 850
225 28 730 71
28 332 28 467
332 543 332 200
543 673 543 419
673 980 673 449
980 397 980 497
397 17 397 401
17 168 17 640
168 793 168 890
793 516 793 660
516 774 516 713
774 983 465 169
983 599 983 602
599 171 599 970
171 42 171 761
42 982 42 848
982 985 982 788
985 594 709 931
594 302 594 73
302 581 302 964
581 281 576 164
281 138 281 81
138 829 138 299
829 729 829 174
729 245 729 252
245 506 245 229
506 583 506 11
583 738 583 223
738 9 789 626
9 218 9 95
218 920 218 934
920 57 920 108
57 395 57 845
395 438 395 884
438 164 438 254
164 448 889 295
448 107 241 270
107 533 107 568
533 378 180 429
378 427 378 545
427 844 427 470
844 433 844 462
433 213 433 375
213 248 213 219
248 68 248 791
68 698 68 251
698 489 39 106
489 221 489 507
221 349 221 964
349 109 349 975
109 99 109 614
99 447 99 420
447 747 447 850
747 857 747 828
857 101 857 850
101 407 101 981
407 571 407 250
571 769 571 993
769 37 13 243
37 7 37 121
7 3 7 189
3 826 3 895
826 513 120 627
513 102 175 301
102 344 102 824
344 492 344 399
492 310 492 304
310 356 310 788
356 703 706 265
703 866 703 142
866 555 866 497
555 759 555 507
759 445 759 945
445 420 445 517
420 636 420 292
636 271 206 326
271 460 271 136
460 779 460 926
779 239 779 634
239 657 239 837
657 528 657 522
528 210 528 968
210 331 210 284
331 695 331 607
695 284 346 639
284 711 284 324
711 803 253 522
803 404 803 969
404 609 404 402
609 467 609 840
467 870 467 805
870 363 870 912
363 536 363 483
536 849 536 109
849 35 166 404
35 565 35 483
565 73 552 342
73 250 73 744
250 999 407 18
999 380 999 587
380 36 235 306
36 629 36 699
629 44 629 599
44 522 44 253
522 753 44 94
753 372 753 500
372 666 372 455
666 718 25 234
718 455 718 709
455 961 372 298
961 887 961 247
887 708 872 842
708 267 486 807
267 643 608 155
643 450 643 722
450 320 450 833
320 198 320 861
198 468 198 642
468 423 468 480
423 337 423 363
337 157 337 747
157 217 157 643
217 385 217 906
385 626 385 426
626 122 789 505
122 660 122 206
660 965 660 927
965 95 473 520
95 242 95 778
242 874 242 674
874 359 874 43
359 562 359 288
562 800 562 232
800 78 800 505
78 978 78 388
978 140 978 237
140 190 140 808
190 41 190 71
41 229 41 8
229 119 229 374
119 664 119 822
664 194 664 811
194 411 194 725
411 348 411 283
348 967 348 755
967 554 36 38
554 244 554 495
244 193 244 507
193 234 193 784
234 595 417 582
595 684 595 384
684 905 776 670
905 280 905 893
280 680 280 590
680 907 680 269
907 514 907 587
514 412 514 593
412 406 412 82
406 746 40 105
746 686 746 982
686 426 686 650
426 155 426 354
155 693 155 60
693 94 693 169
94 824 94 634
824 700 534 793
700 289 700 842
289 906 289 354
906 129 906 802
129 8 129 402
8 573 8 50
573 401 531 182
401 27 401 660
27 355 27 863
355 731 355 892
731 908 731 57
908 918 908 755
918 182 918 660
182 114 182 752
114 842 114 775
842 219 700 755
219 697 843 112
697 936 957 333
936 852 936 188
852 399 168 733
399 971 399 355
971 910 13 140
910 414 910 922
414 701 414 116
701 681 177 672
681 893 681 748
893 904 893 665
904 520 83 647
520 231 473 77
231 990 231 895
990 652 990 667
652 947 652 298
947 391 947 336
391 589 391 534
589 864 482 298
864 745 864 43
745 515 745 841
515 430 515 634
430 621 430 678
621 379 501 381
379 64 379 862
64 354 64 254
354 840 354 312
840 742 840 850
742 705 117 106
705 383 705 317
383 137 383 511
137 952 137 361
952 462 952 890
462 457 462 142
457 694 457 346
694 100 830 298
100 505 100 11
505 782 505 294
782 670 782 821
670 132 670 968
132 627 132 539
627 415 120 559
415 373 415 259
373 663 373 517
663 619 766 461
619 334 619 940
334 476 735 182
476 511 476 191
511 639 383 11
639 848 457 255
848 461 42 502
461 333 663 104
333 825 333 80
825 798 99 408
798 477 557 665
477 678 477 72
678 865 678 485
865 319 86 704
319 256 319 391
256 52 256 224
52 188 52 593
188 351 936 184
351 969 351 170
969 375 803 259
375 196 30 795
196 69 196 690
69 642 69 818
642 65 198 95
65 169 65 948
169 254 771 112
254 472 254 963
472 600 472 779
600 561 662 105
561 845 373 311
845 270 845 247
270 51 270 664
51 275 51 992
275 277 275 267
277 156 277 371
156 115 156 682
115 170 115 709
170 291 170 162
291 862 143 379
862 54 379 726
54 497 54 714
497 828 497 905
828 429 337 112
429 966 180 18
966 357 966 449
357 992 357 119
992 964 51 133
964 10 302 802
10 211 10 39
211 881 211 202
881 340 881 5
340 55 340 108
55 259 472 218
259 63 259 876
63 757 63 304
757 121 757 621
121 441 121 974
441 641 441 136
641 926 256 11
926 246 926 267
246 46 246 501
46 899 46 78
899 582 14 285
582 924 417 480
924 869 450 782
869 818 328 489
818 371 69 173
371 90 371 860
90 112 90 21
112 858 828 873
858 470 931 692
470 752 409 95
752 930 752 174
930 655 930 458
655 62 900 172
62 146 62 411
146 408 146 911
408 940 762 376
940 315 940 971
315 304 315 62
304 459 304 367
459 154 459 739
154 66 187 144
66 163 70 508
163 676 163 900
676 806 676 144
806 892 806 813
892 538 355 302
538 390 149 489
390 293 390 459
293 885 293 579
885 300 91 96
300 823 300 962
823 736 823 33
736 374 736 850
374 623 374 960
623 647 623 682
647 553 83 400
553 817 553 579
817 174 222 95
179 233 174 875
233 946 233 130
946 437 283 755
437 911 437 921
911 85 146 504
85 723 85 65
723 937 674 403
937 584 81 312
584 935 584 795
935 26 578 320
26 88 26 500
88 80 88 993
80 796 333 18
796 979 796 292
979 838 979 971
838 301 450 561
301 249 301 552
249 330 249 373
330 690 499 82
690 360 196 650
360 288 347 18
288 176 288 119
176 392 176 700
392 488 392 400
488 875 488 660
875 646 752 71
646 672 646 248
672 822 672 238
822 841 822 19
841 364 304 149
364 5 364 683
5 405 5 952
405 183 405 182
183 105 183 61
105 915 105 417
915 108 915 754
108 195 168 629
195 21 195 916
21 941 21 272
941 317 660 879
317 184 317 551
184 43 188 784
43 592 173 82
592 503 592 308
503 458 170 106
458 336 458 437
336 790 947 72
790 876 863 88
876 324 876 850
324 780 324 720
780 974 421 348
974 507 974 811
507 495 772 230
495 650 554 368
650 266 650 561
266 133 266 201
133 500 133 370
500 449 500 671
449 144 545 559
144 261 144 868
261 716 261 804
716 142 716 819
142 160 462 3
160 323 160 678
323 82 323 384
82 474 82 421
474 311 474 72
311 287 320 741
287 230 287 308
230 916 149 238
916 451 916 55
451 970 458 141
970 651 168 259
651 295 899 480
295 376 554 191
376 29 292 601
29 72 29 224
72 739 72 962
739 791 61 283
791 75 646 232
75 981 75 489
981 585 758 802
585 205 559 320
205 912 205 496
912 265 870 828
265 977 265 524
977 202 977 842
202 45 202 827
45 247 45 899
247 635 57 700
635 130 635 302
130 922 130 468
922 214 922 713
214 272 214 77
272 713 272 747
713 19 524 345
19 850 119 741
850 580 259 497
580 602 580 931
602 342 788 641
342 232 552 189
232 299 248 664
299 498 299 955
498 443 274 445
443 835 443 272
835 551 835 658
551 118 551 537
118 761 118 12
761 720 761 243
720 613 324 120
613 625 613 643
625 388 30 587
388 807 46 39
807 827 486 658
827 485 202 524
485 381 185 332
381 593 501 248
593 934 514 298
934 252 58 494
252 56 252 12
56 569 56 404
569 744 569 748
744 191 984 614
191 212 763 148
212 23 212 11
23 808 23 394
808 726 855 561
726 294 188 689
294 494 294 755
494 237 94 18
237 815 237 489
815 590 236 627
590 692 590 660
692 60 709 828
60 93 267 917
93 38 93 44
38 480 485 182
480 886 956 529
886 714 308 587
714 754 3 106
754 306 641 793
306 962 306 868
962 868 72 28
868 811 400 700
811 820 236 396
820 587 863 18
587 601 641 496
601 139 292 561
139 819 139 226
819 725 819 88
725 172 722 700
172 712 172 317
712 413 49 221
413 314 413 755
314 873 314 999
873 529 272 674
529 871 820 832
871 972 658 182
972 943 68 141
943 268 806 661
268 860 268 236
860 33 860 18
33 228 33 272
228 894 228 700
894 537 894 725
537 148 317 188
148 667 228 166
667 683 149 224
683 298 683 440
298 255 298 18
255 226 682 670
226 802 226 660
802 542 302 700
542 996 542 308
996 396 747 496
396 968 30 290
968 816 682 189
816 614 104 597
614 832 362 400
832 671 18 689
671 452 28 106
452 216 452 941
216 665 216 700
665 778 689 496
778 290 95 445
290 402 689 400
