996
999 593 999 902
998 593 998 472
997 593 997 344
996 593 996 966
995 593 995 280
994 593 994 928
993 593 993 778
992 593 992 481
991 593 991 821
990 593 990 957
989 593 989 785
988 593 988 284
987 593 987 953
986 593 986 875
985 593 985 261
984 593 984 944
983 593 983 719
982 593 982 88
981 593 981 736
980 593 980 701
979 593 979 719
978 593 978 62
977 593 977 974
976 593 976 910
975 593 975 922
974 593 974 956
973 593 973 370
972 593 972 831
971 593 971 284
970 593 970 391
969 593 969 270
968 593 968 749
967 593 967 891
966 593 966 866
965 593 965 134
964 593 964 205
963 593 963 902
962 593 962 924
961 593 961 102
960 593 960 260
959 593 959 780
958 593 958 632
957 593 990 614
956 593 956 951
955 593 955 185
954 593 954 942
953 593 953 39
952 593 952 352
951 593 951 805
950 593 950 747
949 593 949 804
948 593 948 280
947 593 947 867
946 593 946 884
945 593 945 870
944 593 944 743
943 593 943 861
942 593 942 772
941 593 941 896
940 593 940 537
939 593 939 784
938 593 938 898
937 593 937 764
936 593 936 916
935 593 935 869
934 593 934 822
933 593 933 532
932 593 932 656
931 593 931 495
930 593 930 713
929 593 929 401
928 593 928 777
927 593 927 773
926 593 926 414
925 593 925 14
924 593 962 700
923 593 923 618
922 593 922 691
921 593 921 398
920 593 920 619
919 593 919 909
918 593 918 768
917 593 917 724
916 593 916 346
915 593 915 65
914 593 914 139
913 593 913 506
912 593 912 797
911 593 911 887
910 593 910 501
909 593 909 809
908 593 908 539
907 593 907 839
906 593 906 93
905 593 905 274
904 593 904 622
903 593 903 671
902 593 963 627
901 593 901 7
900 593 900 503
899 593 899 288
898 593 898 533
897 593 897 623
896 593 896 704
895 593 895 59
894 593 894 810
893 593 893 742
892 593 892 428
891 593 967 866
890 593 890 841
889 593 889 723
888 593 888 572
887 593 887 272
886 593 886 421
885 593 885 624
884 593 946 859
883 593 883 516
882 593 882 871
881 593 881 44
880 593 880 307
879 593 879 64
878 593 878 321
877 593 877 498
876 593 876 741
875 593 875 194
874 593 874 626
873 593 873 663
872 593 872 976
871 593 871 426
870 593 945 816
869 593 869 544
868 593 868 631
867 593 867 437
866 593 866 823
865 593 865 966
864 593 864 24
863 593 863 381
862 593 862 787
861 593 943 759
860 593 860 645
859 593 946 614
858 593 858 797
857 593 857 226
856 593 856 696
855 593 855 178
854 593 854 436
853 593 853 648
852 593 852 170
851 593 851 865
850 593 850 662
849 593 849 724
848 593 848 624
847 593 847 802
846 593 846 525
845 593 845 100
844 593 844 839
843 593 843 429
842 593 842 561
841 593 890 839
840 593 840 799
839 593 890 828
838 593 838 744
837 593 837 683
836 593 836 755
835 593 835 754
834 593 834 189
833 593 833 560
832 593 832 779
831 593 831 681
830 593 830 647
829 593 829 607
828 593 828 645
827 593 827 459
826 593 826 269
825 593 825 396
824 593 824 791
823 593 851 604
822 593 822 605
821 593 821 365
820 593 820 649
819 593 819 165
818 593 818 752
817 593 817 735
816 593 816 114
815 593 815 446
814 593 814 611
813 593 813 539
812 593 812 788
811 593 811 789
810 593 810 476
809 593 809 672
808 593 808 117
807 593 807 972
806 593 806 512
805 593 805 779
804 593 804 281
803 593 803 248
802 593 802 763
801 593 801 439
800 593 800 512
799 593 799 258
798 593 798 722
797 593 858 707
796 593 796 938
795 593 795 301
794 593 794 573
793 593 793 1
792 593 792 143
791 593 824 491
790 593 790 726
789 593 811 601
788 593 788 273
787 593 862 653
786 593 786 103
785 593 785 371
784 593 784 511
783 593 783 775
782 593 782 603
781 593 781 43
780 593 959 263
779 593 832 666
778 593 778 736
777 593 928 148
776 593 776 705
775 593 775 576
774 593 774 478
773 593 773 518
772 593 954 587
771 593 771 492
770 593 770 783
769 593 769 65
768 593 768 20
767 593 767 108
766 593 766 655
765 593 765 569
764 593 937 117
763 593 802 215
762 593 762 156
761 593 761 473
760 593 760 865
759 593 943 122
758 593 758 547
757 593 757 33
756 593 756 566
755 593 755 715
754 593 835 670
753 593 753 288
752 593 752 902
751 593 751 719
750 593 750 105
749 593 968 494
748 593 748 78
747 593 950 662
746 593 746 902
745 593 745 56
744 593 838 133
743 593 944 525
742 593 742 972
741 593 876 575
740 593 740 650
739 593 739 636
738 593 738 713
737 593 737 535
736 593 736 261
735 593 735 23
734 593 734 823
733 593 733 568
732 593 732 633
731 593 731 41
730 593 730 966
729 593 729 722
728 593 728 297
727 593 727 746
726 593 726 109
725 593 725 592
724 593 724 422
723 593 889 719
722 593 729 622
721 593 721 165
720 593 720 296
719 593 889 697
718 593 718 717
717 593 717 927
716 593 716 672
715 593 755 52
714 593 714 630
713 593 713 159
712 593 712 550
711 593 711 54
710 593 710 665
709 593 709 71
708 593 708 451
707 593 858 79
706 593 706 719
705 593 705 951
704 593 704 519
703 593 703 625
702 593 702 345
701 593 701 602
700 593 962 176
699 593 699 160
698 593 698 460
697 593 706 432
696 593 696 437
695 593 695 656
694 593 694 629
693 593 693 578
692 593 692 87
691 593 922 416
690 593 690 443
689 593 689 912
688 593 688 812
687 593 687 456
686 593 686 607
685 593 685 485
684 593 684 671
683 593 837 676
682 593 682 752
681 593 742 839
680 593 680 596
679 593 679 377
678 593 678 568
677 593 677 609
676 593 837 517
675 593 675 625
674 593 674 507
673 593 673 151
672 593 716 458
671 593 671 607
670 593 835 494
669 593 669 607
668 593 668 372
667 593 667 620
666 593 776 554
665 593 665 65
664 593 664 563
663 593 663 938
662 593 662 553
661 593 661 619
660 593 660 473
659 593 659 189
658 593 658 249
657 593 657 492
656 593 656 392
655 593 766 205
654 593 654 3
653 593 653 823
652 593 652 391
651 593 651 128
650 593 740 341
649 593 649 574
648 593 648 351
647 593 647 117
646 593 646 930
645 593 742 488
644 593 644 378
643 593 643 209
642 593 642 495
641 593 641 150
640 593 640 277
639 593 639 180
638 593 638 61
637 593 637 279
636 593 739 72
635 593 635 189
634 593 634 563
633 593 633 131
632 593 958 364
631 593 631 279
630 593 630 506
629 593 629 853
628 593 628 179
627 593 746 607
626 593 626 145
625 593 703 521
624 593 885 327
623 593 623 564
622 593 622 266
621 593 621 578
620 593 667 142
619 593 619 975
618 593 618 403
617 593 617 173
616 593 616 694
615 593 615 828
614 593 946 434
613 593 613 567
612 593 612 359
611 593 611 65
610 593 610 568
609 593 677 517
608 593 608 818
607 593 608 480
606 593 606 7
605 593 605 0
604 593 653 107
603 593 782 402
602 593 602 522
601 593 601 195
600 593 600 132
599 593 599 495
598 593 598 458
597 593 597 43
596 593 596 975
595 593 595 722
594 593 594 320
592 593 592 567
591 593 591 460
590 593 590 262
589 593 589 734
588 593 588 896
587 593 954 514
586 593 586 902
585 593 585 783
584 593 584 346
582 593 582 155
581 593 581 112
580 593 580 71
579 593 579 272
578 593 693 473
577 593 577 725
576 593 770 472
575 593 575 211
574 593 574 896
573 593 573 812
572 593 888 487
571 593 571 860
570 593 570 413
569 593 765 52
568 593 610 386
567 593 592 538
566 593 566 866
565 593 565 865
564 593 564 200
563 593 634 281
562 593 562 69
561 593 561 60
560 593 833 361
559 593 559 372
558 593 558 974
557 593 557 92
556 593 556 372
555 593 555 50
554 593 554 323
553 593 662 549
552 593 552 548
551 593 551 310
550 593 550 208
549 593 549 189
548 593 552 209
547 593 547 983
546 593 546 397
545 593 545 909
544 593 544 294
543 593 543 277
542 593 542 41
541 593 541 429
540 593 540 421
539 593 813 124
538 593 725 6
537 593 537 157
536 593 536 370
535 593 535 170
534 593 534 269
533 593 663 387
532 593 532 443
531 593 531 152
530 593 530 539
529 593 529 342
528 593 528 168
527 593 527 890
526 593 526 71
525 593 525 894
524 593 524 285
523 593 523 292
522 593 522 471
521 593 521 241
520 593 520 197
519 593 574 746
518 593 717 271
517 593 517 983
516 593 516 710
515 593 515 506
514 593 514 983
513 593 513 7
512 593 800 296
511 593 511 169
510 593 510 966
509 593 509 81
508 593 508 117
507 593 507 317
506 593 506 710
505 593 505 547
504 593 504 42
503 593 503 912
502 593 502 2
501 593 872 261
500 593 500 409
499 593 499 839
498 593 877 198
497 593 497 347
496 593 496 32
495 593 495 444
494 593 494 956
493 593 493 440
492 593 771 491
491 593 491 265
490 593 490 371
489 593 489 445
488 593 488 794
487 593 487 297
486 593 486 415
485 593 485 76
484 593 484 514
483 593 483 70
482 593 482 920
481 593 481 303
480 593 574 470
479 593 479 516
478 593 478 59
477 593 477 917
476 593 525 443
475 593 475 984
474 593 474 393
473 593 473 710
472 593 472 882
471 593 602 306
470 593 574 55
469 593 469 742
468 593 468 697
467 593 467 345
466 593 466 402
465 593 465 152
464 593 464 566
463 593 463 752
462 593 462 383
461 593 461 383
460 593 460 913
459 593 459 454
458 593 598 425
457 593 457 751
456 593 456 975
455 593 455 672
454 593 827 383
453 593 453 266
452 593 452 4
451 593 451 296
450 593 450 246
449 593 449 309
448 593 448 646
447 593 447 77
446 593 446 716
445 593 445 356
444 593 495 221
443 593 443 966
442 593 442 392
441 593 441 162
440 593 440 815
439 593 439 532
438 593 438 439
437 593 437 9
436 593 436 828
435 593 435 506
434 593 434 165
433 593 433 92
432 593 484 379
431 593 431 279
430 593 430 2
429 593 429 576
428 593 428 977
427 593 427 274
426 593 871 244
425 593 815 179
424 593 424 828
423 593 423 288
422 593 477 333
421 593 540 182
420 593 420 860
419 593 419 404
418 593 418 400
417 593 417 992
416 593 456 309
415 593 415 368
414 593 926 157
413 593 413 519
412 593 412 347
411 593 411 216
410 593 410 822
409 593 409 215
408 593 408 355
407 593 407 94
406 593 406 125
405 593 405 629
404 593 419 318
403 593 403 811
402 593 466 251
401 593 401 940
400 593 400 710
399 593 399 525
398 593 398 76
397 593 397 201
396 593 396 11
395 593 395 704
394 593 394 347
393 593 474 382
392 593 392 307
391 593 652 308
390 593 390 361
389 593 389 514
388 593 388 842
387 593 387 401
386 593 678 173
385 593 385 262
384 593 384 302
383 593 383 313
382 593 474 336
381 593 381 225
380 593 380 324
379 593 505 211
378 593 378 940
377 593 377 752
376 593 376 220
375 593 375 663
374 593 374 271
373 593 373 229
372 593 556 121
371 593 785 278
370 593 536 326
369 593 369 281
368 593 368 65
367 593 367 61
366 593 366 904
365 593 365 353
364 593 364 946
363 593 363 230
362 593 362 164
361 593 361 76
360 593 360 944
359 593 612 312
358 593 358 981
357 593 357 272
356 593 445 334
355 593 355 345
354 593 354 120
353 593 353 405
352 593 352 253
351 593 353 214
350 593 350 963
349 593 349 796
348 593 348 818
347 593 497 68
346 593 346 47
345 593 345 124
344 593 997 227
343 593 343 187
342 593 342 164
341 593 740 313
340 593 340 976
339 593 339 71
338 593 338 372
337 593 337 436
336 593 336 117
335 593 335 221
334 593 334 421
333 593 477 64
332 593 332 989
331 593 331 187
330 593 330 716
329 593 329 970
328 593 328 27
327 593 327 156
326 593 370 956
325 593 325 9
324 593 324 146
323 593 370 291
322 593 322 101
321 593 878 61
320 593 320 902
319 593 319 607
318 593 318 752
317 593 317 112
316 593 316 912
315 593 315 722
314 593 314 663
313 593 313 282
312 593 312 829
311 593 311 771
310 593 310 202
309 593 449 54
308 593 652 290
307 593 307 913
306 593 602 217
305 593 305 263
304 593 304 242
303 593 417 458
302 593 384 189
301 593 795 194
300 593 300 874
299 593 299 288
298 593 298 972
297 593 728 219
296 593 296 205
295 593 295 436
294 593 869 118
293 593 293 160
292 593 523 198
291 593 291 77
290 593 652 170
289 593 289 249
288 593 288 954
287 593 287 770
286 593 286 503
285 593 285 546
284 593 284 275
283 593 283 278
282 593 383 285
281 593 281 867
280 593 280 158
279 593 279 827
278 593 278 460
277 593 277 742
276 593 276 303
275 593 284 258
274 593 905 209
273 593 298 223
271 593 271 180
270 593 270 55
269 593 534 126
268 593 268 109
267 593 267 117
266 593 622 165
265 593 491 262
264 593 264 80
263 593 263 865
262 593 771 488
261 593 872 210
260 593 260 837
259 593 259 108
258 593 258 178
257 593 257 174
256 593 256 132
255 593 255 631
254 593 254 473
253 593 352 221
252 593 252 203
251 593 251 155
250 593 250 717
249 593 658 205
248 593 248 645
247 593 247 479
246 593 246 804
245 593 245 227
244 593 576 645
243 593 243 378
242 593 242 975
241 593 521 209
240 593 240 428
239 593 239 999
238 593 238 737
237 593 237 979
236 593 236 516
235 593 235 6
234 593 234 946
233 593 233 751
232 593 232 983
231 593 231 60
230 593 230 771
229 593 373 82
228 593 228 55
227 593 245 34
226 593 226 517
225 593 225 752
224 593 224 122
223 593 576 48
222 593 222 532
221 593 352 125
220 593 220 214
219 593 487 102
218 593 218 784
217 593 217 865
216 593 216 278
215 593 215 109
214 593 629 818
213 593 213 207
212 593 212 773
211 593 899 15
210 593 872 1
209 593 209 19
208 593 550 46
207 593 207 112
206 593 206 758
205 593 296 160
204 593 204 902
203 593 203 730
202 593 310 200
201 593 279 514
200 593 310 134
199 593 199 30
198 593 198 860
197 593 197 784
196 593 196 827
195 593 403 719
194 593 795 102
193 593 193 140
192 593 192 506
191 593 191 805
190 593 190 71
189 593 635 186
188 593 188 875
187 593 331 19
186 593 635 164
185 593 185 828
184 593 184 563
183 593 183 436
182 593 334 320
181 593 181 387
180 593 250 10
179 593 417 320
178 593 258 152
177 593 177 74
176 593 176 443
175 593 175 263
174 593 174 204
173 593 678 95
172 593 172 790
171 593 171 26
170 593 652 165
169 593 197 52
168 593 168 318
167 593 167 930
166 593 166 573
165 593 622 130
164 593 164 281
163 593 163 286
162 593 162 307
161 593 161 771
160 593 160 966
159 593 646 109
158 593 158 466
157 593 378 39
156 593 327 91
155 593 402 918
154 593 154 564
153 593 153 65
152 593 258 109
151 593 151 300
150 593 150 505
149 593 149 863
148 593 148 60
147 593 147 635
146 593 146 92
145 593 626 1
144 593 144 546
143 593 143 1
142 593 667 12
141 593 141 50
140 593 140 174
139 593 139 24
138 593 138 435
137 593 137 890
136 593 136 776
135 593 135 926
134 593 134 320
133 593 838 24
132 593 132 815
131 593 633 25
130 593 729 50
129 593 129 272
128 593 128 248
127 593 127 32
126 593 269 401
125 593 221 940
124 593 124 19
123 593 123 456
122 593 122 825
121 593 559 93
120 593 120 319
119 593 119 65
118 593 118 887
117 593 117 32
116 593 116 900
115 593 115 510
114 593 114 885
113 593 113 134
112 593 112 710
111 593 111 200
110 593 110 941
109 593 930 40
108 593 108 458
107 593 800 24
106 593 106 157
105 593 750 102
104 593 104 814
103 593 103 992
102 593 102 956
101 593 101 896
100 593 100 902
99 593 99 641
98 593 98 174
97 593 97 972
96 593 96 22
95 593 678 58
94 593 94 908
93 593 372 860
92 593 92 510
91 593 114 281
90 593 90 717
89 593 89 668
88 593 88 261
87 593 87 164
86 593 86 114
85 593 85 989
84 593 84 132
83 593 83 973
82 593 82 568
81 593 81 495
80 593 80 932
79 593 912 109
78 593 78 551
77 593 83 28
76 593 76 456
75 593 75 997
73 593 73 132
72 593 72 537
71 593 71 458
70 593 70 965
69 593 562 50
68 593 68 912
67 593 67 710
66 593 66 570
65 593 104 29
64 593 64 71
63 593 63 310
62 593 62 972
61 593 367 5
60 593 60 629
59 593 59 109
58 593 82 56
57 593 57 798
56 593 56 941
55 593 477 53
54 593 485 4
53 593 417 75
52 593 52 637
51 593 51 403
50 593 165 983
49 593 49 867
48 593 372 822
47 593 47 704
46 593 46 362
45 593 45 937
44 593 44 263
43 593 43 742
42 593 42 75
41 593 41 596
40 593 497 13
39 593 953 30
38 593 38 596
37 593 37 460
36 593 36 930
35 593 35 279
34 593 704 31
33 593 33 726
32 593 32 771
31 593 746 402
30 593 401 281
29 593 153 27
28 593 956 272
27 593 785 122
26 593 26 645
25 593 25 956
24 593 44 8
23 593 23 680
22 593 22 813
21 593 21 279
20 593 752 6
19 593 19 510
18 593 18 563
17 593 17 949
16 593 16 248
15 593 165 717
14 593 14 975
13 593 109 742
12 593 12 488
11 593 307 902
10 593 165 281
9 593 281 488
8 593 44 2
7 593 7 261
6 593 307 281
5 593 61 279
4 593 975 272
3 593 3 866
2 593 443 488
1 593 1 52
593 0 272 966
