995
284 927 284 955
927 30 927 709
30 317 30 830
317 13 317 812
13 860 13 748
860 156 860 635
156 304 156 592
304 440 304 837
440 142 440 657
142 404 142 946
404 466 404 634
466 711 466 328
711 542 711 498
542 393 542 766
393 120 393 609
120 980 120 694
980 432 980 904
432 723 432 885
723 766 723 824
766 131 766 755
131 818 131 525
818 659 818 519
659 745 659 748
745 872 745 974
872 177 872 485
177 809 177 618
809 413 809 884
413 639 413 651
639 912 639 739
912 644 912 781
644 201 644 829
201 41 201 742
41 870 41 707
870 202 870 785
202 322 202 777
322 821 322 976
821 637 821 696
637 540 637 580
540 505 540 488
505 229 505 698
229 652 229 245
652 310 652 863
310 551 310 409
551 837 551 718
837 703 837 33
703 558 703 646
558 804 558 669
804 856 804 112
856 95 856 888
95 84 95 678
84 457 84 906
457 820 457 879
820 614 820 548
614 99 614 868
99 794 99 970
794 945 794 859
945 90 945 385
90 385 90 208
385 197 385 402
197 806 197 293
806 373 806 781
373 847 373 905
847 998 847 552
998 315 998 932
315 181 315 897
181 427 181 857
427 183 427 973
183 572 183 384
572 943 572 610
943 751 943 376
751 674 751 890
674 370 674 810
370 996 370 589
996 725 996 819
725 224 725 295
224 896 224 909
896 716 896 776
716 892 716 738
892 238 892 823
238 194 238 937
194 86 194 120
86 518 86 556
518 204 518 343
204 706 204 798
706 376 706 789
376 464 376 753
464 345 464 869
345 995 345 427
995 180 995 336
180 221 180 360
221 557 221 943
557 316 557 977
316 352 316 690
352 669 352 707
669 612 669 563
612 602 612 334
602 421 602 567
421 61 421 935
61 351 61 845
351 733 351 521
733 603 733 600
603 624 603 217
624 742 624 633
742 104 742 964
104 109 104 630
109 125 109 641
125 676 125 778
676 186 676 581
186 420 186 579
420 610 420 491
610 182 610 942
182 191 182 389
191 163 191 968
163 160 163 958
160 564 160 413
564 431 564 463
431 909 431 953
909 611 909 619
611 85 611 394
85 666 85 484
666 126 666 877
126 978 126 114
978 588 978 235
588 340 588 990
340 718 340 425
718 898 718 386
898 590 898 726
590 805 590 559
805 200 805 487
200 879 200 620
879 282 879 422
282 762 282 906
762 903 762 843
903 705 903 923
705 241 705 428
241 211 241 549
211 888 211 995
888 965 888 399
965 822 965 341
822 460 822 680
460 113 460 556
113 423 113 408
423 964 423 694
964 418 964 545
418 281 418 844
281 27 281 578
27 734 27 516
734 529 734 770
529 8 529 672
8 829 8 793
829 490 829 780
490 48 490 455
48 477 48 528
477 507 477 833
507 702 507 639
702 671 702 668
671 430 671 843
430 429 430 863
429 765 429 994
765 704 765 667
704 138 704 598
138 141 138 236
141 712 141 762
712 924 712 985
924 883 924 949
883 82 883 986
82 890 82 790
890 836 890 664
836 678 836 973
678 772 678 172
772 692 772 661
692 299 692 777
299 486 299 784
486 174 486 203
174 271 174 940
271 355 271 506
355 937 355 779
937 677 937 948
677 941 677 471
941 713 941 946
649 951 713 568
951 452 951 247
452 563 452 493
563 285 563 695
285 220 285 785
220 975 220 546
975 881 975 828
881 15 881 49
15 55 15 98
55 45 55 971
45 36 45 850
36 654 36 97
654 859 654 722
859 653 859 895
653 824 653 664
824 787 824 334
787 988 787 106
988 153 988 726
153 122 153 725
122 514 122 665
514 150 514 753
150 499 150 917
499 247 499 509
247 294 247 1
294 83 294 673
83 871 83 581
871 389 871 850
389 773 389 487
773 472 773 185
472 748 472 128
748 553 659 628
553 92 553 982
92 554 92 854
554 985 554 776
985 555 985 127
555 103 555 722
103 121 103 865
121 176 121 729
176 830 176 880
830 615 830 884
615 792 615 864
792 623 792 277
623 719 623 959
719 107 719 657
107 842 107 617
842 346 842 728
346 411 346 684
411 841 411 760
841 695 841 497
695 537 695 300
537 303 537 569
303 886 303 527
886 622 886 225
622 595 622 330
595 574 595 901
574 459 574 341
459 469 459 198
469 827 469 573
827 874 827 686
874 693 874 585
693 746 693 808
746 207 746 388
207 252 207 676
252 206 252 956
206 168 206 735
168 447 168 916
447 208 447 930
208 918 208 534
918 436 918 539
436 443 436 619
443 347 443 629
347 225 347 599
225 525 225 981
525 102 525 848
102 354 102 111
354 298 354 281
298 679 298 975
679 691 679 522
691 330 691 552
330 273 330 357
273 512 273 798
474 756 512 686
756 645 756 921
645 906 645 503
906 128 282 517
128 788 128 869
788 313 788 920
313 456 313 655
456 900 456 146
900 759 900 925
759 605 759 907
605 308 605 506
308 889 308 541
889 3 889 656
3 893 3 606
893 222 893 627
222 851 222 923
851 933 851 783
933 749 933 826
749 571 749 503
571 93 571 876
93 288 93 816
288 475 288 846
475 981 475 979
981 497 981 188
497 661 497 33
661 44 661 800
44 607 44 194
607 688 607 683
688 656 688 448
656 521 656 209
521 625 521 987
625 232 625 559
232 242 232 788
242 778 242 533
778 7 778 790
7 802 7 929
802 816 802 864
816 50 816 380
50 609 50 412
609 366 609 401
366 811 366 248
811 519 811 982
519 997 519 934
997 470 997 910
470 599 470 499
599 667 599 92
667 97 667 400
97 437 97 66
75 374 437 258
374 175 374 803
175 921 175 841
921 983 921 38
983 504 983 715
504 999 504 699
999 838 999 796
838 442 838 857
442 166 442 873
166 328 166 898
328 159 328 78
159 240 159 846
240 42 240 779
42 738 42 736
738 796 738 509
796 770 796 405
770 250 770 967
250 538 250 917
538 434 538 473
434 812 434 763
812 244 812 524
244 675 244 754
675 919 675 992
919 501 919 715
501 699 501 775
699 855 699 312
855 643 855 963
643 217 643 494
217 774 217 685
774 467 774 1
467 549 467 174
549 343 549 63
343 70 343 436
70 587 70 658
587 601 587 570
601 116 601 967
116 209 116 912
209 409 209 914
409 850 409 500
850 992 871 123
992 257 992 606
257 69 257 375
69 854 69 546
854 139 854 732
139 337 139 972
337 219 337 290
219 243 219 634
243 87 243 673
87 828 87 868
828 63 298 231
63 482 63 257
482 378 482 635
378 584 378 911
584 863 584 765
863 974 430 492
974 363 974 77
363 931 363 720
931 108 931 782
108 808 108 950
808 926 808 954
926 620 926 932
620 752 620 613
752 400 752 904
400 410 584 35
410 270 410 896
270 938 270 276
938 630 938 196
630 165 630 700
165 535 165 480
535 509 535 915
509 813 716 566
813 152 813 441
152 862 152 615
862 334 862 616
334 327 612 273
327 807 327 598
807 2 807 531
2 717 2 804
717 54 717 522
54 17 54 577
17 994 17 548
994 476 994 714
476 721 476 763
721 548 721 819
548 569 17 451
569 556 569 680
556 845 460 508
845 869 845 435
869 260 464 645
260 422 260 587
422 149 422 853
149 882 149 688
882 4 882 445
4 171 4 957
171 397 171 632
397 583 397 815
583 399 583 739
399 932 399 95
932 582 926 261
582 348 582 314
348 744 348 983
744 290 744 758
290 164 290 304
164 754 164 971
754 967 754 2
967 293 601 46
293 43 293 924
43 899 43 747
899 218 899 736
218 335 218 793
335 940 335 989
940 740 467 26
740 616 740 944
616 473 616 489
473 577 473 927
577 884 577 355
884 817 809 867
817 123 817 848
123 0 123 114
0 747 0 387
747 408 747 13
408 858 408 165
858 231 858 110
231 49 231 802
49 67 49 791
67 853 67 693
853 776 853 192
776 155 410 149
155 684 155 851
684 942 684 646
942 360 942 511
360 913 360 396
913 266 913 689
266 119 266 215
119 11 119 815
11 227 11 875
227 905 227 677
905 785 905 124
785 800 285 71
800 462 800 30
462 589 462 919
589 453 589 176
453 815 453 805
815 377 119 331
377 324 377 560
324 990 324 666
990 670 990 908
670 161 670 727
161 578 161 537
578 157 354 267
157 198 157 624
198 646 198 82
646 823 703 586
823 511 823 407
511 839 511 530
839 848 839 147
848 914 817 144
914 608 914 468
608 493 608 883
493 544 493 131
544 626 544 383
626 629 626 866
629 56 629 325
56 503 56 674
503 213 749 59
213 532 213 772
532 621 532 706
621 638 621 768
638 402 638 557
402 895 402 327
895 714 895 784
714 448 714 89
448 262 448 325
262 12 262 899
12 465 12 329
465 613 465 384
613 424 613 939
424 534 424 539
534 258 534 894
258 846 258 529
846 114 159 260
114 680 126 44
680 51 161 366
51 972 51 860
286 358 139 510
358 341 358 239
341 326 574 193
326 283 326 844
283 350 283 789
350 441 350 877
441 305 441 588
305 987 305 934
987 536 987 966
536 683 536 561
683 715 683 922
715 783 462 724
783 956 155 392
956 9 956 710
9 275 9 719
275 384 275 76
384 911 465 6
911 952 911 53
952 280 952 731
280 279 280 831
279 795 279 690
795 984 795 344
984 255 984 433
255 1 255 811
1 34 951 23
34 184 34 996
184 708 184 847
708 24 708 998
24 502 24 523
502 38 502 889
38 187 38 105
187 77 187 299
77 915 77 9
915 619 915 118
619 216 518 242
216 496 216 965
496 575 496 929
575 902 575 835
902 753 902 565
753 117 514 243
117 390 117 737
390 471 390 862
471 971 227 602
971 527 164 894
527 26 527 991
26 10 26 810
10 524 10 424
524 707 524 488
707 127 352 495
127 188 127 368
188 877 188 434
877 500 350 338
500 31 500 117
31 291 31 163
291 344 291 214
344 444 344 520
444 935 444 220
935 64 935 989
64 463 64 886
463 342 463 531
342 799 342 984
799 461 799 852
461 513 461 731
513 803 513 737
803 46 803 969
46 478 46 936
478 172 478 307
172 887 172 947
887 71 887 660
71 68 71 696
68 777 68 978
777 487 692 515
487 700 453 178
700 732 700 418
732 237 732 14
237 356 237 672
356 140 356 897
140 169 140 767
169 414 169 878
414 790 414 663
790 982 459 96
982 365 255 517
365 729 365 918
729 392 729 249
392 546 392 202
546 223 444 100
223 592 223 945
592 949 592 324
949 296 949 632
296 743 296 306
743 672 743 920
672 750 237 611
750 596 750 954
596 367 596 891
367 111 367 833
111 58 111 148
58 300 58 415
300 319 300 365
319 739 319 947
739 559 583 510
559 338 625 181
338 641 156 414
641 401 641 903
401 106 401 357
106 531 106 349
531 248 807 391
248 561 248 241
561 16 561 268
16 991 16 750
991 600 991 134
600 530 600 195
530 634 530 477
634 631 219 51
631 539 631 593
539 289 10 259
289 960 289 940
960 873 960 372
873 332 873 91
332 28 332 152
28 664 28 648
664 728 653 276
728 435 728 698
435 570 435 69
570 784 570 405
784 265 187 284
265 498 265 697
498 757 498 74
757 798 757 604
798 959 204 631
959 74 959 468
74 628 74 267
628 189 43 85
189 178 189 479
178 953 178 621
953 380 953 836
380 425 380 536
425 904 425 491
904 391 752 331
391 520 391 842
520 100 520 101
100 585 61 345
585 148 585 558
148 6 148 130
6 865 6 647
865 403 865 980
403 468 403 730
468 256 623 799
256 993 256 902
993 132 993 948
132 573 132 933
573 947 573 955
947 831 319 928
831 617 831 250
617 632 617 547
632 545 171 21
545 261 545 121
261 814 708 642
814 763 814 315
763 292 64 457
292 864 292 963
864 775 332 73
775 29 775 94
29 146 29 820
146 658 146 19
658 736 658 34
736 173 262 254
173 135 173 638
135 336 135 540
336 580 211 849
580 968 580 852
968 689 968 395
689 522 689 828
522 928 717 403
928 970 928 7
970 318 970 147
318 306 318 651
306 362 306 756
362 98 362 916
98 179 98 22
179 650 179 827
650 245 650 976
245 660 245 338
660 185 660 702
185 76 185 205
76 489 76 767
489 844 390 216
844 568 326 541
568 488 568 60
488 673 135 50
673 866 294 347
866 33 866 687
33 710 337 199
710 885 710 771
885 196 885 446
196 94 196 925
94 417 94 166
417 415 417 648
415 115 415 79
115 560 115 887
560 663 560 286
663 687 229 54
687 786 687 870
786 137 786 986
137 769 137 230
769 526 769 834
526 264 526 107
264 891 264 244
891 193 891 292
193 908 489 908
908 192 813 52
192 136 192 760
136 701 136 353
701 386 701 535
386 450 386 856
450 357 450 797
357 101 622 321
101 364 101 893
364 741 364 426
741 760 741 901
760 810 411 278
810 212 289 67
212 826 212 182
826 52 132 485
52 955 52 297
955 91 469 508
91 5 91 303
5 517 5 515
517 446 84 554
446 37 446 190
37 18 37 472
18 438 18 735
438 566 438 744
566 321 566 675
321 20 321 207
20 618 20 233
618 581 618 586
581 428 83 370
428 312 428 377
312 233 312 183
233 506 233 960
506 989 605 32
989 88 335 962
88 495 88 379
495 948 495 297
948 371 993 263
371 314 371 643
314 958 314 169
958 697 31 90
697 333 697 867
333 23 333 268
23 81 23 627
81 195 81 458
195 976 195 855
976 145 650 442
145 979 145 177
979 485 979 662
485 591 872 305
591 134 591 682
134 239 322 70
239 880 239 420
880 724 880 595
724 269 724 636
269 387 269 562
387 922 387 636
922 657 922 383
657 916 745 218
916 668 362 721
668 372 115 222
372 167 372 496
167 727 167 363
727 957 727 382
957 655 957 323
655 868 655 279
868 834 87 240
834 867 834 99
867 876 265 576
876 323 876 640
323 236 323 471
236 730 236 381
730 263 730 125
263 597 263 199
597 199 597 449
199 214 238 440
214 819 214 712
819 494 168 550
494 22 371 320
22 698 22 764
698 272 505 578
272 681 272 931
681 606 681 542
606 339 3 359
339 480 339 65
480 416 480 162
416 662 416 832
662 835 662 110
835 565 835 175
565 158 256 451
158 383 158 939
383 648 544 235
648 274 417 140
274 690 274 746
690 295 313 640
295 782 153 266
782 62 272 8
62 737 62 858
737 454 513 644
454 604 454 723
604 458 604 461
458 685 458 481
685 492 685 849
492 297 492 797
297 758 41 603
758 426 438 302
426 25 426 450
25 636 25 478
636 302 0 36
302 593 302 25
593 939 454 89
939 110 158 550
110 353 62 572
353 682 353 555
682 491 682 481
491 962 358 213
962 481 962 215
481 735 591 406
735 642 18 12
642 118 642 786
118 210 701 68
210 771 210 679
771 143 771 528
143 359 143 226
359 249 359 988
249 897 249 129
897 647 814 57
647 78 504 381
78 825 78 792
825 767 825 455
767 66 28 197
66 203 66 773
203 311 203 138
311 720 311 614
720 382 167 40
382 726 382 278
726 552 501 329
552 455 184 705
455 251 825 234
251 96 251 757
96 267 210 654
267 276 711 416
276 133 270 253
133 259 133 456
259 686 874 431
686 541 179 291
541 528 308 393
528 368 48 423
368 793 474 369
793 301 782 523
301 665 301 671
665 797 665 913
797 633 364 124
633 388 157 597
388 21 274 483
21 543 21 466
543 849 543 626
849 205 336 86
205 627 205 633
627 852 795 4
852 433 637 45
433 547 342 961
547 801 526 105
801 151 801 958
151 586 151 486
586 963 145 11
963 89 733 432
89 79 429 317
79 395 79 691
395 331 395 476
331 479 103 571
479 923 479 769
923 954 109 394
954 515 16 484
515 969 5 275
969 523 969 910
523 484 24 296
484 944 628 840
944 651 944 144
651 144 318 113
144 936 740 150
936 105 936 941
105 755 547 253
755 307 681 307
307 950 755 280
950 398 950 348
398 309 398 977
309 419 309 930
419 124 419 822
124 567 373 882
567 412 567 840
412 780 412 470
780 80 780 758
80 329 80 445
329 833 593 907
833 407 475 398
407 215 407 875
215 910 295 37
910 576 997 579
576 439 340 72
439 162 439 966
162 59 160 264
59 946 59 333
946 696 142 271
696 917 543 170
917 234 310 57
234 381 234 892
381 977 151 378
977 147 173 180
147 369 189 316
369 254 369 379
254 483 254 761
483 320 483 141
320 60 320 136
60 843 60 287
843 40 388 663
40 112 40 361
112 510 112 269
510 934 58 102
934 894 818 439
894 65 801 108
65 287 65 538
287 562 287 96
562 375 562 206
375 925 419 367
925 878 900 100
878 278 878 230
278 235 191 608
235 230 118 301
230 349 137 212
349 966 349 594
966 451 351 200
451 449 565 670
449 379 55 516
379 361 88 162
361 57 361 607
57 840 356 259
840 129 56 228
129 228 129 768
228 640 228 72
640 961 839 53
961 594 961 130
594 789 594 759
789 445 283 490
445 35 80 201
35 226 35 73
226 929 226 576
929 508 20 15
508 170 794 39
170 47 170 397
47 875 47 649
875 253 532 447
253 394 751 720
394 709 75 821
709 768 339 29
768 764 652 433
764 14 764 743
14 190 14 133
190 73 190 232
73 761 400 861
761 19 761 533
19 598 19 741
598 791 223 647
791 694 791 783
694 406 502 311
406 731 406 368
731 857 251 27
857 405 838 221
405 861 999 154
861 832 861 668
832 533 564 404
533 154 42 143
154 781 154 452
781 32 116 582
32 907 32 881
907 901 81 443
901 779 590 47
779 930 252 288
930 325 309 122
325 39 553 246
39 268 39 507
268 550 93 787
550 722 826 575
722 516 494 709
516 973 952 134
973 579 449 734
579 130 186 375
130 920 193 938
920 72 596 246
72 396 224 806
396 246 374 421
246 986 396 104
986 277 261 482
277 635 277 346
635 53 551 704
