997
950 463 950 794
463 843 463 794
843 849 843 794
849 758 849 794
758 234 758 794
234 947 234 794
947 941 947 794
941 415 941 794
415 880 415 794
880 625 880 794
625 946 625 794
946 852 946 794
852 896 852 794
896 624 896 794
624 67 624 794
67 159 67 794
159 366 159 794
366 112 366 794
112 527 112 794
527 955 527 794
955 803 955 794
803 218 803 794
218 631 218 794
631 228 631 794
228 867 228 794
867 75 867 794
75 63 75 794
63 962 63 794
962 212 962 794
212 664 212 794
664 108 664 794
108 575 108 794
575 607 575 794
607 2 607 794
2 870 2 794
870 597 870 794
597 894 597 794
894 998 894 794
998 996 998 794
996 457 996 794
457 178 457 794
178 51 178 794
51 751 51 794
751 54 751 794
54 145 54 794
145 570 145 794
570 102 570 794
102 72 102 794
72 299 72 794
299 187 299 794
187 929 187 794
929 19 929 794
19 221 19 794
221 630 221 794
630 990 630 794
990 673 990 794
673 88 673 794
88 177 88 794
177 900 177 794
900 984 900 794
984 18 984 794
18 264 18 794
264 744 264 794
744 610 744 794
610 775 610 794
775 577 775 794
577 661 577 794
661 315 661 794
315 681 315 794
681 83 681 794
83 782 83 794
782 345 782 794
345 442 345 794
442 46 442 794
46 340 46 794
340 653 340 794
653 729 653 794
729 66 729 794
66 590 66 794
590 778 590 794
778 493 778 794
493 223 493 794
223 214 223 794
214 517 214 794
517 396 517 794
396 454 396 794
454 122 454 794
122 169 122 794
169 971 169 794
971 882 971 794
882 819 882 794
819 760 819 794
760 813 760 794
813 375 813 794
375 828 375 794
828 327 828 794
327 508 327 794
508 139 508 794
139 774 139 794
774 858 774 794
858 110 858 794
110 395 110 794
395 948 395 794
948 817 948 794
817 899 817 794
899 9 899 794
9 827 9 794
827 71 827 794
71 292 71 794
292 878 292 794
878 812 878 794
812 850 812 794
850 574 850 794
574 697 574 794
697 451 697 794
451 534 451 794
534 96 534 794
96 949 96 794
949 930 949 794
930 360 930 794
360 490 360 794
490 695 490 794
695 449 695 794
449 406 449 794
406 452 406 794
452 289 452 794
289 462 289 794
462 776 462 794
776 29 776 794
29 193 29 794
193 684 193 794
684 795 684 794
795 369 795 794
369 756 369 794
756 793 756 794
793 848 793 794
848 814 848 794
814 246 814 794
246 856 246 794
856 888 856 794
888 468 888 794
468 499 468 794
499 420 499 794
420 364 420 794
364 857 364 794
857 581 857 794
581 198 581 794
198 766 198 794
766 473 766 794
473 898 473 794
898 36 898 794
36 175 36 794
175 263 175 794
263 362 263 794
362 271 362 794
271 85 271 794
85 377 85 794
377 199 377 794
199 283 199 794
283 611 283 794
611 724 611 794
724 418 724 794
418 931 418 794
931 759 931 794
759 978 759 794
978 155 978 794
155 518 155 794
518 480 518 794
480 672 480 794
672 725 672 794
725 467 725 794
467 883 467 794
883 879 883 794
879 618 879 794
618 156 618 794
156 781 156 794
781 954 781 794
954 655 954 794
655 151 655 794
151 716 151 794
716 872 716 794
872 334 872 794
334 394 334 794
394 877 394 794
877 215 877 794
215 207 215 794
207 106 207 794
106 399 106 794
399 719 399 794
719 825 719 794
825 401 825 794
401 140 401 794
140 48 140 794
48 143 48 794
143 309 143 794
309 381 309 794
381 667 381 794
667 56 667 794
56 837 56 794
837 568 837 794
568 997 568 794
997 3 997 794
3 608 3 794
608 202 608 794
202 130 202 794
130 397 130 794
397 92 397 794
92 906 92 794
906 286 906 794
286 524 286 794
524 913 524 794
913 20 913 794
20 237 20 794
237 502 237 794
502 991 502 794
991 242 991 794
242 86 242 794
86 300 86 794
300 701 300 794
701 964 701 794
964 671 964 794
671 120 671 794
120 44 120 794
44 602 44 794
602 614 602 794
614 161 614 794
161 428 161 794
428 811 428 794
811 251 811 794
251 789 251 794
789 769 789 794
769 376 769 794
376 705 376 794
705 245 705 794
245 851 245 794
851 593 851 794
593 131 593 794
131 440 131 794
440 901 440 794
901 370 901 794
370 358 370 794
358 989 358 794
989 260 989 794
260 455 260 794
455 17 455 794
17 865 17 794
865 240 865 794
240 785 240 794
785 891 785 794
891 307 891 794
307 792 307 794
792 439 792 794
439 924 439 794
924 87 924 794
87 243 87 794
243 520 243 794
520 400 520 794
400 831 400 794
831 64 831 794
64 640 64 794
640 956 640 794
956 920 956 794
920 171 920 794
171 387 171 794
387 252 387 794
252 389 252 794
389 229 389 794
229 974 229 794
974 13 974 794
13 934 13 794
934 383 934 794
383 559 383 794
559 687 559 794
687 915 687 794
915 269 915 794
269 933 269 794
933 273 933 794
273 992 273 794
992 134 992 794
134 196 134 794
196 583 196 794
583 124 583 794
124 329 124 794
329 489 329 794
489 999 489 794
999 476 999 794
476 244 476 794
244 799 244 794
799 347 799 794
347 331 347 794
331 868 331 794
868 445 868 794
445 241 445 794
241 926 241 794
926 222 926 794
222 324 222 794
324 911 324 794
911 522 911 794
522 411 522 794
411 741 411 794
741 925 741 794
925 846 925 794
846 165 846 794
165 742 165 794
742 820 742 794
820 475 820 794
475 111 475 794
111 236 111 794
236 557 236 794
557 755 557 794
755 861 755 794
861 560 861 794
560 549 560 794
549 805 549 794
805 745 805 794
745 917 745 794
917 388 917 794
388 514 388 794
514 70 514 794
70 876 70 794
876 727 876 794
727 633 727 794
633 516 633 794
516 483 516 794
483 460 483 794
460 233 460 794
233 351 233 794
351 59 351 794
59 645 59 794
645 392 645 794
392 670 392 794
670 482 670 794
482 78 482 794
78 7 78 794
7 259 7 794
259 504 259 794
504 255 504 794
255 279 255 794
279 190 279 794
190 562 190 794
562 339 562 794
339 685 339 794
685 427 685 794
427 914 427 794
914 961 914 794
961 841 961 794
841 355 841 794
355 563 355 794
563 409 563 794
409 436 409 794
436 93 436 794
93 404 93 794
404 116 404 794
116 423 116 794
423 567 423 794
567 595 567 794
595 90 595 794
90 163 90 794
163 980 163 794
980 717 980 794
717 494 717 794
494 713 494 794
713 8 713 794
8 726 8 794
726 529 726 794
529 787 529 794
787 635 787 794
635 257 635 794
257 338 257 794
338 668 338 794
668 601 668 794
601 832 601 794
832 117 832 794
117 301 117 794
301 278 301 794
278 76 278 794
76 790 76 794
790 484 790 794
484 194 484 794
194 226 194 794
226 951 226 794
951 537 951 794
537 966 537 794
966 444 966 794
444 450 444 794
450 414 450 794
414 551 414 794
551 863 551 794
863 509 863 794
509 164 509 794
164 157 164 794
157 153 157 794
153 42 153 794
42 637 42 794
637 132 637 794
132 365 132 794
365 818 365 794
818 311 818 794
311 437 311 794
437 648 437 794
648 335 648 794
335 210 335 794
210 531 210 794
531 897 531 794
897 615 897 794
615 285 615 794
285 378 285 794
378 170 378 794
170 639 170 794
639 886 639 794
886 203 886 794
203 753 203 794
753 572 753 794
572 128 572 794
128 5 128 794
5 957 5 794
957 30 957 794
30 107 30 794
107 227 107 794
227 91 227 794
91 919 91 794
919 469 919 794
469 254 469 794
254 721 254 794
721 37 721 794
37 433 37 794
433 580 433 794
580 357 580 794
357 622 357 794
622 866 622 794
866 465 866 794
465 589 465 794
589 384 589 794
384 884 384 794
884 507 884 794
507 49 507 794
49 505 49 794
505 477 505 794
477 993 477 794
993 834 993 794
834 599 834 794
599 188 599 794
188 578 188 794
578 372 578 794
372 41 372 794
41 821 41 794
821 282 821 794
282 538 282 794
538 31 538 794
31 690 31 794
690 312 690 794
312 699 312 794
699 620 699 794
620 371 620 794
371 425 371 794
425 686 425 794
686 723 686 794
723 691 723 794
691 424 691 794
424 429 424 794
429 739 429 794
739 201 739 794
201 458 201 794
458 496 458 794
496 743 496 794
743 932 743 794
932 700 932 794
700 10 700 794
10 191 10 794
191 121 191 794
121 976 121 794
976 511 976 794
511 472 511 794
472 256 472 794
256 167 256 794
167 266 167 794
266 768 266 794
768 634 768 794
634 616 634 794
616 600 616 794
600 965 600 794
965 208 965 794
208 379 208 794
379 332 379 794
332 302 332 794
302 791 302 794
791 495 791 794
495 73 495 794
73 732 73 794
732 180 732 794
180 521 180 794
521 443 521 794
443 771 443 794
771 105 771 794
105 649 105 794
649 456 649 794
456 662 456 794
662 558 662 794
558 126 558 794
126 232 126 794
232 261 232 794
261 197 261 794
197 380 197 794
380 356 380 794
356 250 356 794
250 350 250 794
350 104 350 794
104 798 104 794
798 838 798 794
838 839 838 794
839 314 839 794
314 952 314 794
952 471 952 794
471 176 471 794
176 149 176 794
149 422 149 794
422 873 422 794
873 25 873 794
25 416 25 794
416 761 416 794
761 715 761 794
715 53 715 794
53 565 53 794
565 55 565 794
55 540 55 794
540 43 540 794
43 696 43 794
696 224 696 794
224 844 224 794
844 217 844 794
217 412 217 794
412 802 412 794
802 368 802 794
368 115 368 794
115 497 115 794
497 967 497 794
967 960 967 794
960 836 960 794
836 810 836 794
810 478 810 794
478 506 478 794
506 361 506 794
361 374 361 794
374 330 374 794
330 479 330 794
479 182 479 794
182 74 182 794
74 550 74 794
550 219 550 794
219 35 219 794
35 186 35 794
186 845 186 794
845 235 845 794
235 391 235 794
391 77 391 794
77 38 77 794
38 728 38 794
728 47 728 794
47 205 47 794
205 788 205 794
788 609 788 794
609 24 609 794
24 519 24 794
519 81 519 794
81 385 81 794
385 677 385 794
677 629 677 794
629 486 629 794
486 970 486 794
970 553 970 794
553 466 553 794
466 277 466 794
277 650 277 794
650 806 650 794
806 352 806 794
352 474 352 794
474 994 474 794
994 109 994 794
109 4 109 794
4 632 4 794
632 720 632 794
720 864 720 794
864 628 864 794
628 348 628 794
348 544 348 794
544 22 544 794
22 487 22 794
487 734 487 794
734 840 734 794
840 833 840 794
833 297 833 794
297 446 297 794
446 421 446 794
421 657 421 794
657 346 657 794
346 213 346 794
213 276 213 794
276 733 276 794
733 32 733 794
32 606 32 794
606 99 606 794
99 797 99 794
797 172 797 794
172 643 172 794
643 247 643 794
247 860 247 794
860 764 860 794
764 249 764 794
249 14 249 794
14 968 14 794
968 393 968 794
393 310 393 794
310 922 310 794
922 160 922 794
160 972 160 794
972 206 972 794
206 295 206 794
295 34 295 794
34 459 34 794
459 60 459 794
60 854 60 794
854 928 854 794
928 158 928 794
158 405 158 794
405 154 405 794
154 617 154 794
617 501 617 794
501 323 501 794
323 688 323 794
688 113 688 794
113 528 113 794
528 216 528 794
216 129 216 794
129 598 129 794
598 647 598 794
647 783 647 794
783 757 783 794
757 16 757 794
16 853 16 794
853 127 853 794
127 942 127 794
942 808 942 794
808 39 808 794
39 985 39 794
985 535 985 794
535 274 535 794
274 432 274 794
432 822 432 794
822 118 822 794
118 84 118 794
84 12 84 794
12 33 12 794
33 291 33 794
291 373 291 794
373 316 373 794
316 181 316 794
181 892 181 794
892 823 892 794
823 885 823 794
885 336 885 794
336 211 336 794
211 185 211 794
185 909 185 794
909 79 909 794
79 248 79 794
248 573 248 794
573 847 573 794
847 431 847 794
431 689 431 794
689 80 689 794
80 547 80 794
547 435 547 794
435 907 435 794
907 62 907 794
62 707 62 794
707 530 707 794
530 875 530 794
875 150 875 794
150 712 150 794
712 656 712 794
656 413 656 794
413 133 413 794
133 6 133 794
6 363 6 794
363 179 363 794
179 674 179 794
674 265 674 794
265 731 265 794
731 512 731 794
512 488 512 794
488 626 488 794
626 676 626 794
988 69 794 995
69 318 69 794
318 750 318 794
750 680 750 794
680 326 680 794
326 125 326 794
125 390 125 794
390 280 390 794
280 722 280 794
722 779 722 794
779 349 779 794
349 26 349 794
26 536 26 794
536 284 536 794
284 500 284 794
500 308 500 794
308 986 308 794
986 765 986 794
765 889 765 794
889 646 889 794
646 294 646 794
294 417 294 794
417 220 417 794
220 862 220 794
862 780 862 794
780 665 780 794
665 89 665 794
89 587 89 794
587 45 587 794
45 975 45 794
975 663 975 794
663 123 663 794
123 545 123 794
545 666 545 794
666 174 666 794
174 419 174 794
419 890 419 794
890 498 890 794
498 270 498 794
270 585 270 794
585 682 585 794
682 987 682 794
987 816 987 794
816 613 816 794
613 293 613 794
293 995 293 794
995 398 794 983
398 651 398 794
651 354 651 794
354 333 354 794
333 958 333 794
958 322 958 794
322 675 322 794
675 230 675 794
230 341 230 794
341 654 341 794
654 168 654 794
168 594 168 794
594 321 594 794
321 98 321 794
98 192 98 794
192 166 192 794
166 441 166 794
441 605 441 794
605 23 605 794
23 746 23 794
746 772 746 794
772 904 772 794
904 225 904 794
225 290 225 794
290 328 290 794
328 881 328 794
881 652 881 794
652 644 652 794
644 533 644 794
533 669 533 794
669 582 669 794
582 142 582 794
142 902 142 794
902 184 902 794
184 15 184 794
15 710 15 794
710 612 710 794
612 683 612 794
683 136 683 794
136 692 136 794
692 288 692 794
288 718 288 794
718 68 718 794
68 138 68 794
138 287 138 794
287 200 287 794
200 944 200 794
944 543 944 794
543 592 543 794
592 983 592 794
983 453 794 982
453 561 453 794
561 189 561 794
189 542 189 794
542 144 542 794
144 702 144 794
702 204 702 794
204 627 204 794
627 100 627 794
100 491 100 794
491 141 491 794
141 313 141 794
313 65 313 794
65 407 65 794
407 638 407 794
638 704 638 794
704 470 704 794
470 386 470 794
386 584 386 794
584 552 584 794
552 807 552 794
807 959 807 794
959 709 959 794
709 546 709 794
546 258 546 794
258 525 258 794
525 408 525 794
408 162 408 794
162 829 162 794
829 703 829 794
703 767 703 794
767 137 767 794
137 464 137 794
464 586 464 794
586 532 586 794
532 510 532 794
510 28 510 794
28 982 28 794
982 438 794 981
438 874 438 794
874 548 874 794
548 938 548 794
938 566 938 794
566 296 566 794
296 426 296 794
426 1 426 794
1 935 1 794
935 576 935 794
576 147 576 794
147 694 147 794
694 119 694 794
119 893 119 794
893 554 893 794
554 317 554 794
317 937 317 794
937 936 937 794
936 298 936 794
298 773 298 794
773 835 773 794
835 912 835 794
912 97 912 794
97 27 97 794
27 693 27 794
693 359 693 794
359 887 359 794
887 447 887 794
447 135 447 794
135 943 135 794
943 485 943 794
485 749 485 794
749 195 749 794
195 747 195 794
747 267 747 794
267 403 267 794
403 82 403 794
82 430 82 794
430 824 430 794
824 641 824 794
641 953 641 794
953 752 953 794
752 320 752 794
320 0 320 794
0 740 0 794
740 796 740 794
796 382 796 794
382 101 382 794
101 367 101 794
367 859 367 794
859 804 859 794
804 754 804 794
754 526 754 794
526 40 526 794
40 903 40 794
903 815 903 794
815 921 815 794
921 238 921 794
238 588 238 794
588 94 588 794
94 209 94 794
209 523 209 794
523 708 523 794
708 918 708 794
918 977 918 794
977 621 977 794
621 735 621 794
735 21 735 794
21 539 21 794
539 969 539 794
969 604 969 794
604 513 604 794
513 979 513 794
979 268 979 794
268 61 268 794
61 556 61 794
556 603 556 794
603 706 603 794
706 737 706 794
737 927 737 794
927 148 927 794
148 678 148 794
678 402 678 794
402 908 402 794
908 642 908 794
642 762 642 794
762 571 762 794
571 679 571 794
679 344 679 794
344 183 344 794
183 658 183 794
658 770 658 794
770 231 770 794
231 636 231 794
636 306 636 794
306 596 306 794
596 337 596 794
337 262 337 794
262 869 262 794
869 410 869 794
410 275 410 794
275 281 275 794
281 515 281 794
515 940 515 794
940 711 940 794
711 916 711 794
916 895 916 794
895 50 895 794
50 319 50 794
319 57 319 794
57 730 57 794
730 448 730 794
448 698 448 794
698 939 698 794
939 945 939 794
945 58 945 794
58 826 58 794
826 434 826 794
434 95 434 794
95 503 95 794
503 591 503 794
591 981 591 794
981 342 794 973
342 461 342 794
461 239 461 794
239 579 239 794
579 660 579 794
660 763 660 794
763 343 763 794
343 619 343 794
619 541 619 794
541 481 541 794
481 923 481 794
923 304 923 794
304 736 304 794
736 555 736 794
555 830 555 794
830 973 830 794
973 784 794 963
784 103 784 794
103 910 103 794
910 564 910 794
564 855 564 794
855 871 855 794
871 173 871 794
173 272 173 794
272 748 272 794
748 659 748 794
659 114 659 794
114 714 114 794
714 305 714 794
305 11 305 794
11 905 11 794
905 738 905 794
738 623 738 794
623 963 623 794
963 303 794 842
303 809 303 794
809 325 809 794
325 800 325 794
800 786 800 794
786 152 786 794
152 777 152 794
777 52 777 794
52 569 52 794
569 842 569 794
842 492 794 801
492 353 492 794
353 146 353 794
146 801 146 794
801 253 794 253
