1000
555 882
983 29
807 358
339 801
405 125
592 37
775 539
393 416
826 183
183 411
337 61
963 558
498 294
948 992
399 992
670 899
945 974
944 705
858 49
588 828
790 283
519 495
101 97
882 783
237 176
279 473
26 301
568 742
401 604
636 964
651 938
650 417
506 829
444 23
140 39
898 428
291 261
58 48
192 623
588 961
434 593
343 352
627 804
416 242
917 331
683 288
225 742
345 368
543 657
746 513
511 842
39 331
852 855
137 502
381 95
410 108
659 141
32 41
55 163
920 146
469 799
608 227
880 28
223 408
568 334
64 642
318 596
583 407
730 792
922 810
209 405
563 668
966 504
588 79
634 846
104 661
235 504
636 642
337 174
406 359
203 182
498 574
55 757
750 110
454 430
338 146
84 103
560 100
285 391
654 824
244 287
190 879
10 697
272 592
144 3
878 804
307 854
747 857
442 857
53 872
337 773
401 432
410 688
970 149
696 764
939 919
64 614
390 548
228 827
705 502
773 21
519 474
322 431
917 944
803 862
210 274
235 915
445 27
125 475
703 469
42 554
304 868
805 376
345 102
323 637
864 963
912 84
424 879
461 530
99 217
315 88
302 12
479 838
944 914
68 587
717 226
461 718
914 773
887 185
979 80
421 898
972 343
920 877
524 401
80 304
949 629
737 741
538 646
240 190
864 704
476 919
443 559
370 124
996 923
698 118
856 380
658 479
888 685
416 611
176 882
404 27
583 648
23 992
883 356
417 446
410 34
568 688
681 835
676 835
296 612
23 234
962 290
433 711
951 884
589 403
713 156
68 826
67 823
915 876
4 228
168 542
917 955
838 906
858 843
933 724
365 662
37 848
34 128
624 133
768 611
744 910
795 406
954 502
898 5
299 563
108 603
655 909
236 911
487 224
804 879
588 504
987 5
373 32
707 368
40 857
455 737
185 569
958 442
683 791
238 408
938 917
607 732
8 96
429 515
922 270
444 380
7 501
880 255
12 938
729 511
563 418
778 683
210 470
933 769
579 954
72 566
871 518
956 383
942 522
718 656
416 265
251 322
190 492
340 31
364 415
125 5
101 44
632 57
647 667
54 843
593 961
676 503
920 159
423 472
520 323
164 766
480 335
387 801
12 645
620 689
425 188
990 57
801 570
524 654
832 451
98 917
369 260
501 132
151 199
956 860
836 770
14 495
143 11
979 162
574 896
166 257
104 775
866 351
559 719
75 5
323 947
414 305
277 949
280 532
46 82
148 300
111 882
408 319
773 273
231 606
609 109
487 343
407 944
580 260
276 917
650 781
525 181
685 914
14 371
203 899
573 153
252 392
555 895
74 292
795 617
509 908
14 233
256 142
23 303
259 584
311 922
456 160
820 72
165 869
310 824
74 773
337 516
504 422
361 296
748 33
334 969
915 186
832 908
794 968
245 46
839 591
624 790
995 123
995 702
788 505
364 639
380 246
181 879
773 150
723 913
59 458
483 105
71 692
20 37
970 365
317 757
851 32
798 73
253 223
641 854
312 339
70 282
180 525
535 53
944 178
333 270
917 5
818 63
995 914
877 894
188 664
5 401
332 313
84 403
581 252
938 707
375 743
466 875
679 126
870 836
895 363
210 188
405 789
217 937
98 259
321 19
955 358
624 401
753 918
790 60
603 740
153 309
999 986
841 215
925 814
999 547
882 805
597 20
33 482
941 759
594 658
519 15
513 771
0 524
70 775
118 357
832 843
532 613
14 712
652 846
580 400
40 615
650 42
40 196
425 736
588 91
716 11
903 761
501 953
127 338
307 552
822 125
323 588
834 914
926 248
225 413
498 435
569 726
579 507
988 269
141 36
944 846
424 780
965 227
66 570
128 683
534 263
737 840
995 354
365 252
897 865
857 598
784 742
953 752
459 515
482 944
383 976
104 81
803 502
282 281
498 901
401 858
863 43
147 206
753 205
705 514
570 206
306 549
496 385
72 12
152 23
973 567
222 387
260 40
838 184
618 155
741 327
365 964
214 859
5 911
433 944
914 880
654 80
511 422
971 631
576 668
240 875
12 761
118 401
687 593
70 921
2 983
235 866
455 847
160 927
447 397
155 96
394 814
988 19
117 574
255 763
665 559
135 142
108 362
139 347
616 218
33 751
293 328
228 487
802 450
207 638
178 113
932 125
548 709
139 695
504 623
157 919
716 833
248 148
923 112
853 15
166 94
53 929
38 494
546 278
550 444
960 90
911 183
189 588
136 247
828 508
478 309
701 944
154 344
774 154
521 342
63 110
395 575
816 253
453 581
914 940
556 93
308 34
620 677
175 643
9 187
686 432
654 191
694 357
47 565
792 208
512 214
650 730
809 147
543 720
494 321
139 18
934 761
554 710
808 801
389 549
218 696
109 920
481 482
212 65
905 200
504 69
765 159
649 650
752 725
178 4
59 463
71 974
801 946
806 379
540 985
987 595
19 917
705 500
134 487
553 941
689 847
260 733
33 307
801 98
421 306
562 916
693 242
177 902
340 266
967 117
482 404
721 592
881 657
680 689
742 867
18 190
628 326
779 996
166 57
857 322
336 444
448 813
4 814
543 654
330 517
171 631
232 800
266 679
519 320
419 762
846 161
516 622
574 633
155 828
588 917
564 825
193 379
772 784
850 833
720 486
4 755
733 221
655 437
471 539
84 546
420 308
442 136
601 700
502 799
380 250
73 289
53 533
423 531
104 427
532 152
366 891
925 489
590 89
515 479
309 5
230 718
29 920
314 779
59 961
78 316
23 301
666 168
893 297
342 159
295 621
103 625
762 702
220 478
116 390
760 654
616 574
23 125
815 533
457 52
605 832
428 734
715 938
40 788
59 436
795 139
9 178
90 964
923 383
13 315
434 87
922 872
959 698
616 198
608 70
309 612
819 953
699 41
460 631
440 751
564 29
92 350
671 228
842 381
794 127
320 638
521 518
258 260
33 522
714 668
993 21
442 743
892 58
735 341
135 822
633 813
266 175
500 557
793 765
716 33
666 715
266 325
544 727
903 169
412 87
741 602
367 474
22 12
131 729
749 747
232 39
976 141
148 593
883 194
173 561
669 20
508 185
528 431
599 263
818 491
258 674
969 930
410 416
176 586
797 89
499 904
499 571
139 668
701 409
215 17
675 732
830 212
57 541
847 324
790 985
387 756
754 552
164 229
835 508
63 882
527 435
138 572
86 751
443 77
488 524
602 973
913 498
202 890
441 367
500 672
155 821
353 653
534 226
56 715
706 224
201 198
214 672
553 268
713 129
957 593
239 4
786 366
623 1
961 100
238 107
767 452
555 313
290 35
577 691
890 91
197 111
249 535
758 383
574 5
880 195
151 784
555 145
167 887
799 739
216 478
386 613
571 353
513 50
523 453
378 474
372 222
424 213
961 647
260 430
330 179
476 82
982 627
144 481
631 536
525 329
564 93
737 944
531 259
255 426
24 491
504 771
91 631
390 476
58 164
286 821
702 47
382 71
178 533
582 161
49 397
644 752
648 849
743 855
467 124
152 297
587 610
166 425
908 577
916 769
332 99
575 402
262 125
104 804
178 490
978 311
87 812
796 146
882 309
281 989
18 106
767 892
436 457
874 270
898 861
34 713
619 730
479 920
101 976
101 984
743 284
770 148
243 555
298 236
211 227
73 93
821 124
974 164
628 937
956 805
146 274
973 732
635 219
975 535
368 328
464 652
526 605
879 572
21 998
931 920
70 170
817 135
964 408
219 434
880 571
502 777
43 195
483 506
769 588
339 625
335 99
96 865
12 738
203 882
937 776
661 885
109 591
782 663
889 753
138 30
36 374
598 226
133 629
708 152
449 223
18 924
468 803
456 510
290 843
401 639
956 786
90 189
355 485
493 783
846 377
997 864
953 444
943 496
439 105
626 773
165 176
765 873
120 483
785 935
722 743
884 177
1 537
782 568
283 254
76 331
997 980
563 396
630 451
950 455
705 545
291 501
272 977
177 274
818 909
764 115
894 963
5 920
946 678
702 62
514 811
955 744
401 606
707 388
823 443
994 533
811 797
591 981
888 6
404 410
847 384
346 554
114 239
691 844
241 787
525 697
702 640
682 422
74 601
857 705
157 585
624 271
905 161
650 654
39 952
350 308
401 879
869 551
961 316
456 51
504 443
456 795
438 13
241 0
845 478
922 285
707 360
727 819
402 805
17 855
785 623
728 487
889 613
909 831
5 600
305 547
774 875
498 477
348 404
837 826
112 83
267 19
157 18
173 818
496 439
16 13
355 828
12 731
919 497
85 365
928 534
20 802
130 313
783 194
690 643
759 139
275 652
37 833
745 125
773 851
907 316
591 465
843 547
12 204
779 122
398 543
495 905
287 357
9 660
938 718
279 33
529 123
757 355
654 164
786 158
801 121
991 626
517 392
45 332
646 988
118 379
955 13
900 320
596 864
484 852
264 872
735 459
135 119
613 830
570 349
564 643
673 93
609 462
439 593
172 116
578 403
481 936
6 684
25 240
295 954
886 611
721 449
397 374
41 488
578 203
655 877
943 159
48 500
508 617
345 9
86 133
604 449
28 174
802 713
709 518
417 284
875 518
212 219
143 53
690 423
822 796
783 140
18 624
737 859
299 803
480 975
127 305
878 720
42 563
523 779
723 710
500 971
684 349
828 548
149 605
929 878
830 532
665 546
444 119
915 288
909 702
507 4
302 753
730 874
707 778
930 41
740 53
729 791
828 129
421 139
894 635
574 971
50 849
621 587
1 657
531 176
832 411
243 205
248 146
842 724
541 415
2 636
724 900
99 929
359 182
198 652
203 932
268 101
287 171
817 621
297 893
357 661
637 818
357 91
915 532
614 836
561 388
407 747
973 69
883 941
553 712
146 848
126 355
781 90
490 533
680 955
744 545
656 139
96 923
708 908
411 622
170 611
759 983
447 761
626 573
740 675
33 650
651 160
506 529
528 757
275 79
639 270
636 759
617 618
479 127
607 781
674 140
211 382
375 171
923 254
555 45
657 145
816 911
751 552
498 459
421 464
969 66
609 537
141 801
407 905
460 520
753 98
968 987
146 254
430 863
645 84
632 380
805 402
961 496
423 150
943 256
571 537
952 576
564 12
206 451
118 707
814 282
880 247
224 881
675 637
462 757
906 278
446 627
31 200
991 325
55 488
995 131
945 161
43 381
19 384
470 608
607 332
265 936
332 495
996 456
925 544
220 983
338 487
263 636
336 571
908 988
115 182
934 94
665 563
160 171
729 532
802 965
425 375
171 596
633 222
550 465
813 513
990 157
646 887
542 163
209 645
976 399
788 390
653 282
336 722
736 315
860 821
526 434
10 638
117 761
828 319
134 498
935 772
3 254
865 509
234 659
149 265
123 59
414 7
912 113
607 963
489 874
92 339
133 852
246 606
516 655
727 95
279 150
826 60
577 581
52 548
594 434
519 106
424 668
150 523
533 311
646 613
776 403
726 173
72 905
533 522
595 261
457 87
559 97
567 940
348 214
440 201
726 223
239 295
13 169
285 618
748 639
852 855
405 733
51 684
494 335
530 132
437 120
321 127
238 962
228 984
629 538
908 889
979 164
633 373
372 971
153 444
39 900
645 385
570 769
501 764
735 79
336 941
338 600
750 72
843 673
174 718
204 77
202 470
741 509
810 714
678 255
234 552
90 371
996 726
731 174
805 399
845 885
13 365
743 547
948 783
519 644
703 391
397 402
668 115
983 36
24 926
972 477
548 773
513 148
144 59
721 510
701 820
25 728
622 333
617 24
762 386
973 168
980 247
907 145
465 529
866 485
989 246
168 332
462 555
125 819
314 355
985 141
83 174
359 35
772 87
867 248
369 360
57 501
399 465
336 760
590 202
969 191
522 59
446 114
336 215
910 227
707 149
17 844
876 450
158 547
228 162
226 132
348 698
819 535
251 910
263 190
629 317
533 694
777 747
317 947
513 220
237 660
705 42
235 912
666 143
423 878
825 908
40 450
521 417
872 628
873 100
429 447
938 299
706 900
221 545
641 225
290 244
103 254
528 243
507 134
529 46
411 685
20 422
74 975
319 261
250 972
856 892
922 32
737 193
504 735
513 132
294 188
85 923
810 180
412 758
955 295
793 53
356 487
67 501
785 121
437 673
405 601
731 673
852 193
795 628
752 351
610 761
434 181
597 799
541 576
399 444
613 82
496 184
625 818
416 250
448 308
831 22
878 6
880 811
88 324
17 754
994 640
49 313
98 548
800 140
514 956
908 612
137 330
661 413
296 120
225 488
807 447
78 593
871 208
350 141
602 764
997 509
548 469
328 545
411 646
539 398
766 950
399 836
579 431
266 833
472 6
843 245
522 880
233 14
210 223
343 206
822 749
740 310
392 780
320 993
106 959
557 477
598 119
646 419
280 237
772 691
950 827
828 632
436 400
339 427
509 669
276 486
104 465
380 9
896 286
473 830
671 729
28 200
183 738
387 294
932 274
615 209
8 346
842 15
759 174
477 970
637 428
931 532
443 407
47 83
781 140
536 178
31 916
721 271
815 102
0 171
824 325
631 151
728 999
558 6
339 353
42 649
254 192
140 427
65 302
836 370
738 412
267 860
881 437
367 308
847 756
365 63
171 864
689 154
738 724
664 541
924 958
196 635
428 630
768 600
371 362
855 990
529 7
566 236
528 607
234 76
257 507
348 584
138 332
38 478
828 79
514 519
51 835
964 568
580 346
592 607
162 354
313 406
103 544
856 730
643 895
215 368
688 848
53 294
29 639
242 740
194 180
443 997
418 820
939 113
715 605
7 434
395 295
526 850
187 456
560 743
689 406
384 617
993 569
14 291
703 452
334 112
37 776
663 708
110 690
957 908
463 272
61 243
492 981
676 579
89 527
193 376
525 980
71 633
190 853
839 183
281 332
711 746
197 539
269 51
672 795
828 702
873 487
801 740
659 716
528 999
882 504
514 738
265 834
75 136
561 454
679 98
78 674
128 747
497 432
378 618
7 910
78 172
574 550
168 994
890 346
886 873
241 455
80 721
528 483
586 790
692 450
996 527
121 550
884 541
136 769
272 323
120 888
727 774
786 550
455 571
870 839
787 733
470 995
338 548
607 541
700 153
297 740
862 899
943 409
609 846
365 696
56 466
910 645
666 68
259 236
616 352
169 686
192 207
809 857
192 338
892 776
254 508
848 420
514 300
878 59
871 372
166 648
84 81
434 849
666 917
126 510
5 595
942 821
514 927
277 614
288 116
145 781
719 654
393 60
908 635
755 504
588 636
361 401
585 551
254 502
955 371
587 291
735 166
529 826
847 531
522 970
433 46
364 78
860 138
243 323
581 124
26 339
713 575
549 973
216 94
789 990
667 577
897 567
419 693
27 843
719 910
921 728
919 936
467 107
108 320
336 301
781 661
541 736
566 632
201 462
57 95
192 767
425 583
598 928
915 215
606 101
159 382
559 108
682 219
493 31
469 8
474 979
524 863
159 673
603 488
511 237
482 958
203 294
765 372
275 175
412 41
646 591
407 964
482 397
784 717
419 30
426 413
184 319
981 127
742 283
537 155
910 468
28 478
679 366
52 57
486 252
162 891
908 704
266 880
729 162
491 390
156 698
486 215
59 996
60 178
679 903
488 381
624 477
474 504
341 923
165 992
515 112
58 304
408 14
471 393
589 470
430 956
822 634
829 566
732 108
571 230
837 364
317 174
398 661
12 768
582 992
517 27
922 391
394 351
745 967
377 539
963 185
825 619
826 823
556 206
798 998
823 232
738 458
113 196
469 240
569 16
234 238
289 217
831 24
944 50
181 481
245 543
286 254
304 813
579 551
452 330
391 133
577 222
135 389
508 88
442 488
781 739
869 872
820 138
658 499
635 819
243 904
306 959
949 895
185 134
685 497
443 911
10 798
508 396
620 613
464 59
647 284
359 753
284 278
977 784
545 322
944 798
702 379
784 812
112 650
920 702
957 696
150 219
326 243
179 550
154 262
810 453
611 678
723 735
761 53
318 581
584 963
435 581
687 618
597 177
623 577
600 42
617 784
260 872
788 203
399 573
462 195
581 528
438 462
167 943
685 243
854 689
991 122
160 534
572 848
483 792
933 648
905 244
199 761
618 446
852 908
953 795
234 411
75 600
460 592
536 899
908 309
748 785
229 794
14 892
107 757
312 412
918 655
249 21
99 73
720 361
678 215
910 562
363 847
290 303
210 165
570 505
476 115
965 822
683 216
115 954
359 342
336 79
873 969
221 316
434 806
400 522
391 935
171 901
425 445
724 828
494 222
90 547
264 703
127 481
781 439
586 264
860 278
546 652
361 237
221 771
93 845
231 528
861 361
40 763
161 130
733 293
408 712
814 357
163 944
527 677
960 544
234 650
93 735
333 177
105 555
695 468
283 544
453 51
522 670
380 329
51 243
101 369
820 62
987 880
108 529
858 371
584 189
937 963
889 484
209 986
17 577
670 512
810 540
447 974
852 757
585 914
193 711
905 689
469 745
140 849
367 181
522 757
254 822
174 770
923 545
294 34
70 915
218 600
20 609
963 851
908 405
829 147
993 902
975 451
847 206
991 186
913 39
761 905
501 21
499 841
199 898
327 814
725 307
44 682
449 554
895 873
775 840
866 145
699 510
449 465
631 184
794 6
666 499
940 149
325 72
358 61
840 584
605 217
849 53
782 669
734 420
406 410
273 129
795 528
216 46
752 863
565 838
11 569
40 135
161 894
344 436
171 56
607 995
681 552
439 978
7 975
881 64
272 160
857 451
28 579
797 202
697 595
760 815
101 849
895 605
655 752
975 616
632 331
340 691
868 727
508 642
292 361
441 258
413 879
731 828
82 808
36 875
40 550
193 307
111 222
797 599
185 461
140 337
951 759
150 213
987 109
982 744
537 503
559 561
815 966
912 404
14 383
14 781
572 77
128 946
804 181
497 23
987 392
142 116
487 766
475 52
54 143
465 662
781 548
247 298
347 288
753 441
960 803
762 494
357 253
160 565
152 906
