1000
282 471
947 855
481 957
794 163
581 522
746 952
104 526
96 290
109 479
890 260
800 346
155 449
979 640
649 512
771 714
843 890
352 410
344 300
661 214
357 755
277 184
211 327
51 547
778 308
789 40
926 324
796 615
821 555
886 326
414 670
808 792
188 218
147 980
420 323
880 945
332 411
941 709
482 709
863 813
849 963
653 516
207 137
905 24
16 769
412 27
582 473
150 321
988 29
630 902
903 509
517 683
327 793
121 678
182 740
569 312
423 301
249 772
930 349
559 837
711 303
101 790
948 300
262 155
44 555
965 95
769 116
695 933
260 846
987 991
131 693
770 517
148 800
502 197
184 873
153 958
462 828
199 498
604 313
521 906
539 228
4 505
342 324
709 243
609 302
390 406
43 852
528 655
559 54
734 322
485 348
745 538
749 140
328 709
166 568
625 156
456 998
155 467
78 283
981 174
612 952
294 10
764 429
587 858
413 314
144 881
934 276
195 574
893 931
850 869
296 663
236 339
855 844
181 289
123 548
511 528
111 451
172 527
865 823
683 387
563 119
444 766
918 307
43 722
751 657
976 22
432 475
779 564
595 82
993 910
722 662
403 394
436 536
771 412
842 350
297 536
771 680
142 734
823 717
447 583
371 625
69 726
982 524
997 723
491 445
902 143
56 202
618 520
185 171
159 723
988 129
346 320
537 825
300 421
310 558
29 535
854 306
494 666
466 787
866 241
233 445
423 79
17 974
186 707
956 324
772 158
590 965
519 848
728 278
598 739
876 519
655 760
512 500
768 685
391 883
735 949
417 954
938 124
550 810
602 782
632 834
187 419
152 411
768 987
915 757
953 825
150 336
356 177
599 995
523 912
729 503
178 198
135 210
561 268
562 74
126 385
722 750
717 403
812 975
643 588
936 942
757 480
441 228
634 813
900 70
800 2
149 625
315 549
13 910
608 852
553 692
37 657
367 17
62 211
182 725
146 548
429 650
425 14
282 7
328 168
172 984
596 819
469 861
334 46
485 622
108 616
98 464
603 477
910 620
930 771
980 767
53 924
569 366
161 573
829 968
687 446
689 870
724 165
97 521
398 89
292 96
200 64
712 113
780 188
504 384
398 206
121 827
743 978
691 288
178 346
532 891
43 830
620 419
174 952
924 193
683 315
242 27
110 866
917 743
952 107
647 486
49 304
625 677
127 922
530 593
419 737
47 875
652 528
485 801
258 273
177 626
322 556
476 251
464 759
722 493
147 427
28 286
267 44
998 418
452 172
96 973
308 645
267 116
936 924
403 398
899 694
620 725
228 909
92 195
344 939
87 672
483 41
614 560
293 507
633 720
598 311
58 762
59 531
825 729
525 549
93 688
9 221
233 822
147 221
37 239
508 274
439 903
230 225
663 613
730 867
966 7
639 259
693 319
505 692
845 423
40 821
151 825
3 488
991 887
42 957
207 132
432 145
15 437
31 259
923 680
320 795
989 302
383 106
733 793
803 74
256 616
962 69
772 721
351 768
420 987
753 740
992 571
46 448
423 675
642 288
524 724
911 850
566 493
708 838
597 30
547 362
725 447
810 157
14 275
843 969
952 81
332 625
32 636
953 874
42 839
332 689
332 679
372 623
227 870
518 228
113 314
732 968
255 521
773 94
430 297
383 214
991 370
194 651
411 278
272 565
888 958
625 599
538 983
14 478
320 120
333 27
134 635
630 382
214 571
682 473
383 818
777 890
451 889
843 975
34 746
474 776
174 353
680 342
386 80
864 677
629 77
40 83
175 171
618 772
651 313
355 503
150 103
378 71
641 810
967 377
797 394
964 873
443 854
464 801
431 604
147 672
184 123
133 423
68 503
125 849
229 527
739 204
38 299
692 109
231 630
138 267
308 922
845 523
214 191
228 262
221 376
975 660
134 210
651 919
703 559
62 474
408 539
316 481
512 599
358 525
0 731
201 689
765 777
207 197
977 281
937 647
979 595
407 80
729 752
451 201
122 578
25 204
784 984
1 739
112 481
223 6
849 620
950 288
342 625
558 361
642 201
378 88
433 636
709 167
956 543
398 627
480 824
351 399
326 119
686 181
473 492
672 238
691 591
857 47
280 162
460 935
480 323
552 395
329 206
493 506
12 268
207 668
892 5
714 88
369 466
428 944
446 859
359 406
825 513
845 699
220 529
224 486
927 418
179 302
954 848
221 325
318 268
244 588
825 86
418 880
766 625
435 149
936 847
525 205
702 642
283 825
702 67
442 14
554 222
890 44
81 344
314 816
724 196
987 273
971 751
587 58
978 231
998 472
84 894
158 400
438 336
899 968
623 510
659 275
689 601
169 751
953 391
202 17
503 817
402 560
980 752
715 402
215 533
533 672
267 534
928 377
516 654
995 453
987 201
551 403
667 291
605 14
207 763
253 210
144 851
62 184
62 716
577 245
918 923
534 696
570 377
988 689
432 868
206 738
663 845
94 757
409 864
541 320
234 434
786 914
634 625
384 911
620 970
74 113
445 181
114 634
41 988
725 735
802 862
199 993
625 785
513 664
725 741
4 529
884 218
965 638
741 163
655 810
627 248
644 226
551 594
867 29
908 518
347 913
792 208
872 967
173 626
589 356
931 76
897 584
539 209
567 891
468 730
710 868
402 959
593 265
591 879
689 17
161 890
413 21
756 990
540 999
857 947
599 488
910 33
996 281
375 800
17 559
346 617
708 726
141 242
798 121
128 204
146 345
851 985
625 188
693 346
416 108
315 186
481 486
656 476
279 520
34 628
141 415
490 17
362 264
8 929
629 987
18 723
569 321
309 336
137 57
58 604
572 369
834 334
90 384
255 799
321 214
626 577
542 509
918 337
644 565
217 228
207 774
622 295
27 374
254 768
846 189
150 665
786 494
457 384
11 709
723 247
267 385
195 88
725 45
999 802
56 807
921 551
43 719
545 751
585 22
342 946
97 427
44 677
968 615
270 955
642 947
111 687
598 618
626 379
840 604
102 345
950 791
744 762
341 901
410 60
338 523
587 804
183 756
575 265
489 211
516 221
392 801
935 672
101 276
99 509
147 965
360 6
699 432
951 611
406 698
29 461
693 819
991 85
354 637
396 2
605 805
871 235
603 680
747 44
758 885
486 470
75 228
761 138
898 23
952 771
775 702
820 122
455 200
408 331
859 705
175 26
29 751
228 620
240 681
452 242
14 475
597 269
298 967
701 451
81 257
864 177
302 467
495 285
24 648
700 835
968 606
892 161
688 927
673 768
321 532
305 669
856 20
138 281
935 856
696 136
976 413
911 44
39 136
922 722
322 6
36 363
697 631
433 522
336 940
532 332
950 646
671 441
524 709
620 221
123 600
836 708
176 263
390 346
576 689
747 160
991 117
795 429
210 841
222 538
496 975
195 381
465 963
729 286
674 533
413 952
864 476
235 410
725 118
221 364
24 668
213 201
625 922
958 177
346 378
403 639
373 824
920 898
305 105
389 310
899 961
58 64
380 414
203 0
365 244
924 756
487 636
704 394
890 655
332 973
980 560
828 775
617 718
499 918
310 980
77 676
350 615
269 720
111 274
273 266
515 878
8 95
925 876
740 15
305 111
405 800
104 369
965 154
614 713
227 578
895 29
140 810
616 503
294 616
788 475
166 70
602 998
505 894
706 240
300 91
381 19
923 269
486 303
684 176
55 901
370 736
48 413
507 328
171 904
368 343
316 50
636 505
549 201
549 397
610 741
621 278
785 811
505 342
473 725
623 330
546 841
291 408
115 974
854 211
697 331
264 864
362 781
756 922
340 273
422 726
352 882
326 692
230 771
262 261
625 212
357 558
450 505
548 588
181 785
898 604
923 748
958 607
328 180
988 100
284 169
754 382
171 139
758 951
35 825
70 584
923 231
287 771
493 723
116 176
479 484
520 72
398 250
748 285
834 602
801 806
349 61
634 388
264 368
44 424
20 877
288 463
401 172
458 507
267 454
349 983
786 815
66 807
999 207
127 271
511 328
955 65
80 894
525 831
922 184
70 282
960 127
619 752
378 486
317 95
88 833
182 994
815 779
695 690
303 832
932 310
347 680
138 335
680 998
689 841
620 695
205 265
528 52
162 78
369 853
505 164
69 130
816 395
121 756
353 372
232 979
579 691
542 242
794 557
861 813
536 129
118 624
134 440
943 626
900 923
714 706
826 148
414 182
988 893
207 986
531 821
939 497
332 896
104 962
185 636
123 475
696 404
424 544
240 860
525 410
299 413
426 953
390 219
29 580
954 473
461 815
18 809
592 989
501 615
556 35
898 894
702 944
972 531
771 377
69 246
45 586
270 854
814 564
798 515
392 900
742 868
792 795
789 901
63 911
898 304
533 393
203 955
170 352
61 354
190 534
237 553
339 53
129 207
907 50
101 171
626 514
962 4
150 434
319 73
392 318
774 192
35 727
644 636
398 988
700 399
651 916
595 654
36 242
783 652
275 938
147 156
851 531
951 466
250 520
866 576
658 81
216 195
252 106
615 735
123 459
3 815
770 3
3 168
901 3
3 314
3 441
3 304
804 3
698 3
613 3
785 3
3 426
3 826
991 3
148 3
3 531
189 3
90 3
3 492
3 319
481 3
666 3
3 732
3 405
3 972
665 3
3 988
134 3
3 523
3 135
3 470
3 702
163 3
3 284
106 3
3 73
469 3
3 671
3 17
648 3
3 354
923 3
3 653
462 3
3 626
998 3
990 3
3 479
703 3
3 503
3 677
772 3
32 3
3 27
3 85
246 3
402 3
414 3
3 499
3 514
824 3
198 3
267 3
375 3
20 3
3 147
387 3
3 971
694 3
3 112
3 28
903 3
3 183
3 404
483 3
3 552
721 3
3 557
3 594
739 3
220 3
429 3
3 554
3 223
827 3
3 651
3 716
29 3
3 127
3 12
174 3
191 3
3 190
791 3
3 939
3 844
623 3
425 3
3 858
767 3
3 56
795 3
439 3
757 3
3 7
863 3
683 3
3 142
493 3
969 3
3 302
3 171
369 3
3 836
253 3
3 333
3 681
501 3
37 3
729 3
549 3
3 378
915 3
3 607
644 3
3 748
720 3
913 3
593 3
546 3
224 3
3 726
3 581
3 579
3 75
3 397
3 21
3 48
380 3
833 3
3 629
79 3
570 3
3 259
176 3
3 983
955 3
604 3
3 562
172 3
637 3
944 3
3 818
3 411
3 920
151 3
3 342
3 238
3 839
418 3
740 3
248 3
912 3
714 3
3 896
3 132
277 3
3 392
379 3
26 3
708 3
3 624
3 432
244 3
933 3
766 3
727 3
3 105
381 3
212 3
796 3
3 921
3 361
978 3
3 317
400 3
3 744
3 897
285 3
78 3
810 3
3 894
241 3
3 900
403 3
173 3
3 184
265 3
104 3
500 3
3 471
3 759
602 3
932 3
351 3
3 526
3 710
3 528
547 3
349 3
3 385
688 3
3 353
282 3
524 3
3 123
3 973
831 3
3 632
700 3
3 331
46 3
3 883
3 945
3 532
3 706
597 3
686 3
3 874
715 3
225 3
3 841
941 3
719 3
3 129
3 372
828 3
240 3
817 3
3 114
777 3
861 3
855 3
312 3
3 437
442 3
3 864
245 3
871 3
3 186
3 39
3 427
3 23
3 674
916 3
948 3
3 71
143 3
943 3
3 307
53 3
3 655
974 3
3 273
3 459
3 571
3 589
3 443
205 3
3 395
590 3
3 781
0 3
940 3
3 391
3 754
3 210
3 286
992 3
882 3
164 3
3 97
3 717
64 3
197 3
215 3
3 929
3 326
464 3
737 3
406 3
847 3
3 652
3 14
233 3
3 249
19 3
3 84
852 3
3 611
959 3
617 3
3 87
63 3
670 3
540 3
3 494
3 518
3 605
3 58
192 3
3 157
3 956
3 209
61 3
3 473
91 3
3 565
3 62
752 3
835 3
374 3
849 3
187 3
577 3
889 3
905 3
3 723
3 300
3 103
3 255
3 585
778 3
930 3
3 59
954 3
3 747
768 3
3 150
3 780
749 3
3 906
3 31
3 170
845 3
3 566
573 3
3 508
3 386
89 3
185 3
650 3
799 3
856 3
850 3
3 384
3 162
3 513
711 3
3 907
318 3
383 3
68 3
230 3
3 640
3 846
3 138
3 527
937 3
3 679
857 3
663 3
3 1
346 3
110 3
115 3
961 3
535 3
421 3
275 3
3 180
3 947
3 336
884 3
120 3
3 660
914 3
869 3
3 440
3 475
3 313
416 3
3 545
281 3
497 3
3 94
965 3
601 3
324 3
3 922
891 3
287 3
3 490
299 3
958 3
3 269
6 3
167 3
606 3
3 636
74 3
829 3
3 401
924 3
3 813
350 3
3 175
227 3
610 3
252 3
3 949
3 146
221 3
967 3
149 3
456 3
3 33
194 3
3 108
3 887
575 3
853 3
357 3
680 3
3 520
812 3
3 774
266 3
3 765
155 3
742 3
701 3
229 3
3 388
3 408
704 3
899 3
242 3
237 3
591 3
356 3
3 854
100 3
3 696
3 264
3 823
3 139
860 3
3 713
3 574
3 52
3 428
3 908
92 3
793 3
984 3
3 72
3 890
3 621
228 3
536 3
691 3
3 668
107 3
3 898
3 834
3 291
634 3
3 119
619 3
86 3
445 3
678 3
3 65
3 178
3 504
3 730
3 875
3 676
3 664
3 293
476 3
3 934
3 116
3 506
3 467
830 3
24 3
347 3
15 3
3 322
382 3
902 3
3 22
199 3
335 3
3 542
3 968
208 3
3 879
211 3
3 203
3 280
3 816
787 3
3 396
3 93
769 3
30 3
256 3
3 919
3 995
3 480
3 705
867 3
558 3
3 158
258 3
3 551
3 756
584 3
561 3
466 3
952 3
3 272
786 3
3 410
842 3
3 10
980 3
3 848
832 3
808 3
738 3
60 3
572 3
675 3
247 3
124 3
630 3
697 3
746 3
950 3
370 3
3 118
997 3
3 235
3 424
3 806
3 722
3 942
936 3
3 599
226 3
3 582
3 101
3 550
3 202
985 3
3 309
109 3
3 522
917 3
82 3
377 3
3 207
3 792
3 642
316 3
3 417
3 88
435 3
3 136
699 3
631 3
399 3
117 3
3 11
3 667
837 3
3 519
3 819
3 236
484 3
3 751
355 3
3 36
159 3
3 166
886 3
3 762
840 3
3 538
303 3
177 3
3 957
283 3
3 745
3 213
214 3
311 3
3 800
794 3
3 70
657 3
975 3
3 639
3 583
3 690
3 946
3 44
3 516
434 3
3 564
67 3
3 76
3 196
3 927
371 3
3 306
3 332
3 323
334 3
4 3
420 3
761 3
3 596
276 3
3 635
3 321
188 3
3 305
3 814
790 3
3 628
3 206
3 885
458 3
555 3
498 3
910 3
360 3
3 684
592 3
131 3
3 866
77 3
126 3
3 695
3 758
295 3
3 537
541 3
620 3
3 81
3 728
598 3
3 478
343 3
496 3
274 3
3 843
731 3
102 3
364 3
3 892
3 964
3 35
40 3
733 3
200 3
3 693
649 3
3 99
51 3
257 3
3 517
133 3
232 3
3 394
3 330
486 3
918 3
3 193
121 3
953 3
3 735
144 3
931 3
301 3
755 3
3 390
881 3
3 928
3 647
3 976
741 3
687 3
3 982
3 838
3 412
3 137
153 3
3 320
3 539
3 595
3 161
3 622
415 3
608 3
797 3
672 3
3 491
993 3
160 3
3 156
3 981
3 25
3 803
3 753
3 999
3 951
3 661
724 3
3 568
935 3
3 338
3 447
448 3
509 3
201 3
567 3
3 423
807 3
3 556
909 3
3 452
3 474
363 3
152 3
3 477
145 3
3 446
3 760
512 3
243 3
453 3
600 3
862 3
450 3
3 543
3 449
3 5
444 3
3 83
646 3
3 505
325 3
865 3
3 219
3 262
3 963
181 3
3 359
3 750
979 3
352 3
298 3
260 3
263 3
3 689
3 345
3 366
3 457
376 3
3 128
3 489
3 994
811 3
261 3
278 3
288 3
659 3
805 3
140 3
13 3
553 3
3 989
789 3
3 113
3 289
3 42
603 3
615 3
641 3
3 511
43 3
292 3
468 3
431 3
851 3
3 612
614 3
3 217
3 563
609 3
3 873
3 2
3 130
271 3
96 3
122 3
771 3
809 3
3 880
682 3
870 3
3 560
3 763
296 3
669 3
3 673
165 3
3 393
3 55
783 3
3 773
970 3
801 3
925 3
95 3
548 3
389 3
718 3
3 365
362 3
407 3
3 69
533 3
736 3
986 3
822 3
368 3
656 3
18 3
3 339
3 775
3 254
654 3
725 3
488 3
3 876
3 41
578 3
460 3
802 3
436 3
3 367
3 825
3 234
279 3
3 618
529 3
576 3
3 310
627 3
3 709
3 712
3 327
3 290
3 966
463 3
820 3
154 3
413 3
872 3
987 3
692 3
3 454
472 3
3 344
3 784
3 270
3 707
3 57
3 294
3 461
911 3
569 3
938 3
487 3
3 438
525 3
3 66
3 430
779 3
645 3
3 507
638 3
3 685
3 580
776 3
3 587
3 45
3 859
3 530
495 3
3 510
3 451
3 521
502 3
422 3
3 348
98 3
3 586
204 3
455 3
239 3
297 3
893 3
3 821
222 3
798 3
3 358
3 329
3 169
559 3
125 3
340 3
38 3
3 398
3 341
3 80
141 3
544 3
54 3
49 3
3 373
250 3
3 16
658 3
3 788
895 3
3 662
3 977
515 3
3 996
3 877
482 3
3 315
3 643
308 3
3 328
231 3
3 734
962 3
960 3
764 3
3 465
868 3
9 3
633 3
3 625
888 3
782 3
3 251
419 3
3 216
3 926
588 3
3 34
616 3
3 195
3 218
337 3
485 3
3 8
3 47
3 743
268 3
3 182
433 3
3 878
3 409
3 904
111 3
3 179
3 50
534 3
