1000
507 495
444 258
539 49
239 657
887 708
527 366
521 994
510 942
684 595
697 219
266 133
667 148
59 410
227 550
344 492
73 250
741 96
386 425
568 39
168 17
213 248
642 69
885 293
612 384
642 65
596 653
557 525
365 465
971 399
507 974
692 590
347 316
463 81
398 889
341 126
866 703
629 36
64 379
678 865
318 545
459 154
605 178
882 988
163 66
934 252
679 32
857 101
736 823
630 201
359 874
321 658
200 749
429 828
916 230
98 570
517 31
659 496
564 104
903 243
4 831
433 213
657 528
562 800
966 429
293 390
572 973
346 151
78 978
354 64
671 452
200 431
466 282
481 325
844 427
536 363
333 461
199 863
35 849
787 777
896 950
979 796
413 314
998 748
834 659
90 112
150 187
24 479
760 986
95 242
256 319
619 663
600 472
311 474
77 953
253 696
487 87
586 409
282 508
481 645
271 636
694 457
288 176
33 860
706 76
339 446
718 455
713 272
815 590
389 53
927 18
961 887
860 268
867 490
302 594
796 80
997 22
838 979
637 836
534 644
785 346
617 58
535 327
788 479
711 803
63 259
163 676
817 553
195 108
968 396
801 92
6 24
362 204
603 269
936 852
477 798
806 892
195 21
799 766
245 729
974 780
483 519
516 774
420 636
497 828
145 734
967 554
579 821
853 91
775 530
759 445
521 772
888 847
575 854
595 234
412 406
807 388
916 451
440 740
543 332
647 553
710 878
326 604
684 905
907 514
463 136
628 398
982 985
817 174
557 730
8 573
60 93
226 255
555 866
170 291
584 935
10 964
884 365
679 471
597 393
525 658
297 735
9 738
565 73
129 906
339 16
377 880
94 693
295 651
419 32
218 920
750 715
874 242
762 20
0 755
571 407
404 609
501 540
907 680
939 177
902 784
800 78
355 27
428 499
542 802
342 602
86 544
225 28
790 336
591 677
532 552
526 203
167 523
849 536
324 876
811 868
778 290
956 750
693 155
297 541
884 721
430 621
249 330
222 743
748 96
794 328
68 248
338 276
890 128
11 661
14 959
273 145
704 737
372 666
114 842
998 74
489 698
449 500
993 895
421 152
563 50
643 267
290 402
861 353
847 608
354 840
520 231
654 586
552 544
928 882
468 198
681 701
330 690
820 811
432 973
730 685
532 799
689 988
337 423
910 414
82 474
299 232
954 124
905 280
797 661
309 135
329 120
722 719
419 929
482 900
157 217
430 515
456 207
560 810
106 546
556 566
460 779
961 455
294 726
943 268
897 161
327 394
113 898
219 842
885 300
420 445
153 535
127 353
47 345
513 826
55 259
246 46
43 592
751 192
923 813
596 159
343 765
119 229
505 100
580 850
702 559
785 598
307 350
856 177
891 418
131 40
599 983
664 119
497 54
121 441
255 298
801 434
377 872
411 194
294 494
313 436
575 604
576 227
924 582
202 977
873 314
74 358
630 517
835 551
180 781
413 712
103 110
960 931
924 869
678 477
537 148
984 955
139 819
361 125
307 606
709 403
599 171
533 107
115 170
146 408
515 745
943 972
215 809
704 382
439 687
190 140
49 550
871 529
30 574
768 347
784 478
424 656
304 315
5 364
458 336
498 299
153 949
634 976
744 569
542 996
721 316
186 126
405 183
683 298
296 208
518 79
304 459
287 230
226 802
526 442
380 999
952 137
169 254
369 987
215 917
963 675
439 167
747 857
375 196
300 823
778 665
360 690
728 843
913 370
775 509
804 687
407 101
718 666
494 237
216 452
157 337
757 121
948 486
638 727
699 812
612 548
433 844
825 333
538 390
832 671
667 683
50 975
761 720
624 59
191 744
610 928
538 892
569 56
471 925
729 829
738 583
207 487
504 158
106 444
652 947
954 501
422 722
937 723
311 287
295 376
381 593
175 456
834 805
779 239
992 357
577 547
71 223
763 47
719 765
567 833
522 753
8 129
475 776
982 42
448 164
992 964
185 758
209 345
480 886
13 40
506 583
206 597
306 962
707 48
400 262
194 664
83 341
713 19
98 611
188 351
458 503
714 754
871 972
105 915
236 855
891 688
650 266
616 220
116 417
303 735
260 240
196 69
838 301
500 133
172 712
103 919
164 438
367 141
767 833
404 803
725 819
786 15
403 84
125 921
274 879
6 493
909 123
111 70
603 453
178 545
877 755
523 225
99 447
669 361
387 12
709 588
845 270
850 19
957 61
754 306
581 281
570 175
794 286
43 184
808 23
855 417
878 888
531 113
122 660
981 75
388 625
147 846
792 393
191 212
873 529
903 394
416 688
4 84
384 260
7 37
862 291
655 62
816 614
425 143
832 614
558 117
766 453
1 632
41 229
209 436
223 185
861 435
608 152
491 620
263 622
859 151
222 25
746 686
881 340
174 179
405 5
208 674
109 99
951 369
512 322
447 747
701 414
601 139
728 987
166 675
281 138
218 9
258 410
212 23
496 283
104 120
289 906
470 858
649 469
980 673
714 886
741 486
568 699
769 37
655 930
939 989
279 889
323 82
93 38
480 38
948 851
677 251
727 764
470 752
176 392
228 33
387 879
350 783
30 588
923 856
591 206
908 731
277 156
315 940
488 875
716 142
841 364
128 541
508 338
782 505
360 288
22 867
180 576
695 331
373 415
682 914
980 397
698 68
966 357
578 648
996 396
619 334
822 841
251 984
764 389
484 483
770 0
870 363
848 461
899 582
708 267
560 913
400 312
94 824
21 941
756 821
809 181
853 166
473 86
810 286
645 566
893 904
848 639
969 351
736 374
317 184
611 777
435 161
331 210
881 211
787 220
695 284
253 768
136 440
279 469
186 656
616 141
127 454
605 308
240 648
826 3
356 310
561 600
820 587
894 537
830 2
706 173
772 615
743 464
864 589
472 254
946 233
495 650
123 87
418 283
85 911
158 134
182 114
932 909
520 904
374 623
815 237
935 26
635 247
197 366
758 901
631 531
697 936
791 75
202 45
147 637
931 783
492 310
277 275
124 527
67 540
981 585
265 977
836 620
717 859
633 897
703 356
789 653
117 662
814 991
190 41
971 910
621 379
912 205
491 549
606 416
149 305
42 171
238 715
130 635
883 504
312 956
411 348
214 272
524 854
45 247
201 187
130 922
235 843
367 162
485 827
601 587
814 326
912 265
895 165
199 577
383 137
875 646
572 31
502 12
160 323
443 498
285 976
598 993
490 702
450 643
742 705
88 80
995 634
292 960
320 198
51 270
822 672
466 863
607 352
654 795
788 933
423 468
952 462
561 845
488 392
16 691
214 922
717 135
189 958
670 782
105 183
914 475
563 34
539 556
371 90
224 519
733 370
368 309
548 804
150 116
898 975
217 385
965 95
321 773
682 749
902 97
700 289
112 858
443 835
285 328
383 705
29 72
761 118
132 670
551 118
55 340
739 791
108 915
192 724
786 77
559 305
111 18
607 995
322 938
203 770
990 652
462 457
334 476
790 876
56 252
579 751
953 945
740 91
547 696
352 837
662 512
989 986
422 478
978 140
573 401
324 780
593 934
710 991
205 585
733 668
20 264
372 753
381 485
238 524
302 581
920 57
244 193
640 434
15 53
149 944
76 927
391 947
639 511
937 584
941 317
985 594
211 10
273 994
39 963
3 7
625 613
308 830
806 676
231 990
716 261
669 851
774 983
427 378
159 48
742 840
156 115
26 88
278 839
793 516
506 245
142 160
707 883
546 509
589 391
651 970
929 110
67 901
896 945
395 57
514 412
373 663
97 34
543 673
489 221
562 359
303 950
415 627
89 313
28 332
438 395
51 275
877 767
870 467
432 789
375 969
449 144
216 665
644 792
250 999
534 622
358 296
502 685
617 518
349 221
380 36
27 401
52 256
624 610
578 499
102 513
320 450
263 732
25 58
629 44
865 319
574 318
428 424
349 109
52 188
165 795
868 962
623 647
241 189
829 138
301 249
932 549
236 11
762 631
83 14
759 555
626 385
739 72
807 827
797 837
131 771
243 235
143 493
831 431
959 325
571 769
65 169
752 930
894 228
257 421
29 376
846 949
368 92
224 362
344 102
745 864
946 437
938 756
893 681
720 613
723 85
771 454
763 13
757 63
641 926
484 944
640 724
257 880
271 460
760 329
264 689
348 967
280 680
232 342
726 808
204 81
17 397
179 233
668 335
426 686
926 246
646 672
602 580
725 172
921 919
805 633
371 818
406 746
46 899
691 71
813 382
155 426
144 261
958 276
615 558
890 409
812 2
925 278
399 852
694 100
641 441
442 61
35 565
446 773
564 872
824 700
970 451
181 79
618 473
957 649
528 210
437 911
269 942
793 168
626 122
862 54
997 241
917 386
510 737
567 781
711 284
965 660
132 627
816 968
776 89
818 869
335 732
1 628
522 44
60 692
448 107
908 918
511 476
146 62
464 638
173 465
955 162
632 530
674 951
933 292
467 609
825 798
262 343
378 533
731 355
940 408
234 193
66 154
900 134
734 274
618 70
244 554
918 182
592 503
482 197
243 855
821 782
175 434
138 299
740 22
51 386
865 86
949 398
402 404
809 853
842 700
886 308
578 320
50 582
146 504
755 908
640 710
402 129
842 189
131 317
900 163
549 999
147 98
298 372
150 748
248 646
179 48
750 754
488 389
107 568
5 881
962 343
806 661
845 57
18 347
180 631
643 157
519 488
956 582
417 105
609 840
188 509
187 675
571 521
202 211
955 634
190 71
525 933
445 79
87 713
879 660
417 666
320 741
393 397
142 703
674 242
332 185
221 964
993 571
276 292
878 784
694 830
369 21
955 854
533 180
248 501
93 44
946 283
11 256
943 813
21 938
483 405
678 307
602 983
776 684
610 286
649 762
377 286
601 292
61 183
982 746
367 745
895 714
688 444
182 531
733 920
358 421
963 298
838 821
725 197
954 489
7 189
614 362
206 636
522 657
174 179
811 974
67 650
62 315
906 217
553 743
905 497
359 288
552 301
733 168
870 828
381 618
475 127
269 851
11 383
36 38
83 400
96 91
634 749
747 337
810 647
913 323
456 559
749 55
496 689
705 770
291 784
244 507
283 755
605 190
592 308
713 516
81 312
544 635
507 555
534 391
440 960
398 320
58 634
245 229
407 18
11 831
143 435
874 173
182 15
827 202
646 853
518 988
686 650
185 485
458 930
932 612
538 149
539 791
375 656
989 346
559 320
851 973
561 517
320 861
452 812
678 160
648 478
793 534
811 664
199 850
346 639
296 77
82 263
415 597
795 625
146 911
266 201
341 286
110 302
987 855
922 910
254 64
844 567
153 178
722 700
135 532
634 779
360 504
884 395
517 373
206 471
81 937
19 822
349 975
169 465
607 331
262 99
501 246
401 660
554 191
672 238
116 890
807 486
46 78
237 489
586 221
579 293
228 700
169 693
43 864
81 281
503 856
220 916
679 296
532 704
96 428
188 784
0 727
800 422
550 210
921 437
177 701
654 695
660 488
476 191
241 448
650 196
401 397
939 261
917 267
479 899
796 292
762 376
457 255
545 767
869 328
55 916
348 755
667 990
735 182
304 492
406 40
594 73
112 337
959 11
325 956
253 632
373 249
289 354
508 70
618 490
870 912
128 80
316 82
941 350
473 520
102 824
545 559
420 99
712 49
709 931
997 204
412 82
803 259
607 279
588 963
948 243
21 272
123 689
259 415
461 766
696 427
829 174
584 795
847 586
40 105
899 258
106 117
726 379
487 99
120 324
119 288
168 629
228 166
570 882
342 552
193 784
235 380
682 623
591 10
156 682
667 917
962 72
931 580
510 986
236 396
187 154
356 706
970 599
901 380
635 302
461 786
119 357
515 634
236 815
367 338
318 360
383 511
828 709
583 223
267 926
11 506
426 385
104 260
566 435
793 161
371 860
879 661
530 43
210 577
976 276
868 306
755 535
332 200
842 71
298 514
399 355
413 755
607 541
557 798
47 441
466 590
94 18
474 72
201 573
221 928
18 125
590 280
311 373
760 132
287 1
561 861
960 994
482 141
727 763
563 735
204 251
134 142
467 805
374 960
745 841
486 883
14 285
557 732
294 505
985 709
120 559
689 18
452 941
871 658
896 117
458 437
861 496
817 469
587 308
253 522
198 95
368 554
355 302
264 337
879 804
99 408
682 670
382 28
226 139
872 887
419 981
803 969
986 288
489 328
250 407
622 104
141 68
665 893
120 627
310 788
171 761
981 758
552 565
783 762
763 148
561 650
152 582
21 90
82 421
843 418
958 778
62 411
432 502
298 482
257 504
671 500
522 572
8 41
108 558
265 524
802 906
144 676
313 55
612 390
917 238
772 230
409 427
500 805
213 463
644 963
104 816
370 368
524 202
629 491
818 69
417 25
993 820
210 284
334 2
754 345
182 752
741 119
766 663
272 33
126 589
907 587
136 271
306 235
990 297
111 728
371 277
417 480
704 86
877 638
341 637
95 222
623 596
526 347
57 700
209 741
457 346
149 304
61 739
755 294
317 188
984 923
759 945
641 788
254 438
424 220
982 788
390 459
923 436
106 546
225 730
715 473
668 267
531 995
788 983
929 839
574 381
366 403
561 450
738 789
562 232
823 33
828 873
663 606
187 20
890 689
68 251
485 707
69 173
39 10
28 467
656 879
944 898
496 641
194 725
74 589
348 421
993 611
844 902
339 183
106 889
435 291
465 771
229 374
223 147
166 404
115 709
883 151
274 498
996 403
192 151
673 449
76 542
640 94
379 862
75 489
182 485
614 109
895 3
986 113
682 189
189 552
905 893
243 13
646 929
615 690
769 13
632 711
405 182
790 273
317 705
302 964
114 775
122 206
493 814
548 938
682 695
213 286
103 754
725 894
219 213
674 403
939 22
106 39
916 195
971 940
14 899
931 692
116 414
419 543
399 344
184 936
922 713
855 748
663 104
789 626
71 752
840 850
375 433
781 368
852 446
423 363
56 404
744 73
445 95
597 797
72 717
850 447
180 18
835 658
302 802
430 678
545 378
524 345
454 960
497 866
822 119
458 909
272 834
757 621
979 971
868 144
747 496
298 652
453 669
972 251
742 704
232 646
747 828
224 641
673 846
51 133
482 589
286 843
915 754
954 512
394 23
895 231
897 26
248 791
354 312
920 108
165 477
904 83
216 700
641 793
112 843
57 215
499 82
198 642
595 384
308 801
44 253
561 292
4 870
18 899
927 941
155 608
361 137
400 867
429 34
664 248
800 505
619 940
826 120
236 627
975 840
299 955
768 486
618 620
819 88
196 690
692 167
760 84
95 617
725 722
367 304
462 3
74 756
545 453
109 536
952 890
168 259
704 117
515 178
858 931
394 557
372 455
779 472
935 578
270 303
778 95
301 175
70 387
857 850
483 363
445 517
464 941
136 890
332 699
918 207
925 16
205 496
977 677
940 891
764 501
261 804
981 101
527 775
746 269
957 333
83 647
32 218
984 944
845 247
120 203
54 714
468 130
223 993
222 817
66 888
855 561
576 889
576 164
729 252
95 409
721 494
603 58
967 200
776 670
806 813
11 713
660 927
531 573
706 265
53 316
900 172
45 899
762 825
834 645
608 267
18 860
27 863
292 825
589 950
863 88
844 462
381 501
379 143
78 388
39 46
95 9
442 942
755 700
57 731
936 188
674 272
837 239
863 439
833 450
208 361
494 58
270 664
355 892
762 579
272 443
72 477
341 410
557 665
121 37
998 394
353 550
629 599
699 36
39 535
960 561
49 221
968 528
700 302
238 149
680 269
283 61
3 106
172 317
736 850
529 956
940 991
18 863
486 658
719 627
144 187
627 925
237 978
327 109
903 36
18 298
945 927
765 1
659 15
702 732
924 833
112 771
899 480
653 919
968 670
587 30
502 747
691 208
2 484
354 426
472 218
450 782
65 85
434 513
495 554
88 993
174 752
140 808
269 186
575 878
70 604
420 292
683 440
633 908
773 824
836 433
234 25
640 17
542 308
308 287
459 739
673 240
792 844
270 241
333 18
614 984
497 321
819 716
906 282
142 462
763 170
660 793
842 872
445 274
888 70
720 324
132 539
951 693
621 607
672 177
497 980
850 523
525 457
358 780
889 295
576 581
247 961
170 351
155 60
91 885
585 559
188 689
658 182
718 709
914 852
428 477
997 181
180 493
503 162
879 30
140 13
59 715
158 318
470 427
442 39
364 683
411 283
777 543
111 868
787 559
662 600
957 697
789 505
489 507
206 326
441 136
133 370
905 145
830 298
259 876
674 723
335 459
252 988
556 695
12 118
170 106
496 312
326 628
722 643
224 149
400 187
587 999
551 537
573 751
514 593
347 257
678 485
953 688
224 29
564 349
305 16
252 12
795 30
700 176
58 322
130 233
942 698
417 582
368 421
451 921
28 72
568 815
392 877
319 391
28 106
579 553
77 473
11 212
173 82
918 660
389 688
465 774
431 370
392 400
42 737
648 374
259 497
236 268
365 763
689 400
105 662
859 273
660 590
149 489
104 597
962 300
753 500
717 794
269 89
551 317
113 724
468 480
971 748
974 121
651 285
501 541
823 880
492 772
820 832
802 758
43 874
77 870
984 604
6 847
610 616
535 734
392 97
458 141
999 314
94 44
658 384
775 391
726 329
475 400
340 108
275 267
52 593
965 473
534 824
26 500
700 884
963 254
400 700
24 493
42 502
168 890
843 882
761 243
214 77
449 966
124 217
660 687
590 837
607 481
876 850
30 290
425 519
227 732
926 460
597 598
643 613
324 284
641 524
218 934
11 100
330 499
992 51
304 63
256 224
676 31
660 226
825 630
593 416
563 2
42 848
439 273
708 151
508 594
890 446
685 358
92 886
545 673
483 35
747 272
400 362
560 217
624 896
361 860
723 159
384 323
947 336
702 799
346 682
50 8
664 741
547 805
399 278
947 72
326 842
569 748
119 540
309 396
952 5
352 319
80 333
681 748
948 65
730 71
634 94
785 984
653 670
180 429
849 166
272 12
162 170
875 174
842 977
655 900
