1000
433 547
577 473
670 990
71 68
338 641
898 718
671 430
139 337
100 585
522 689
151 586
901 907
740 616
324 377
444 344
949 592
723 766
623 792
688 607
51 680
915 619
428 312
454 737
621 638
312 233
160 163
418 281
501 699
318 306
852 433
961 594
812 244
50 816
67 49
914 848
342 463
672 750
94 417
517 446
571 749
565 158
288 93
899 43
383 648
235 278
860 13
26 527
685 458
125 109
664 728
423 964
900 456
134 591
944 651
945 794
186 676
207 252
926 808
870 202
308 605
77 915
777 68
435 570
239 134
62 737
610 420
649 951
784 265
415 417
396 72
900 759
159 240
198 646
187 38
365 729
826 52
42 738
546 392
197 385
153 988
143 771
791 598
131 818
206 252
214 819
742 104
411 346
974 363
332 28
37 18
101 357
495 88
969 523
150 514
538 250
457 84
55 45
159 328
198 157
478 46
264 526
767 66
832 533
217 643
460 822
739 319
946 696
640 961
294 83
774 467
559 338
832 861
175 374
536 987
210 771
983 921
143 359
551 310
224 725
951 452
985 554
821 637
411 841
140 356
372 167
274 648
25 426
686 541
516 973
271 174
842 346
366 609
854 69
970 928
91 5
690 295
528 541
992 850
275 9
627 852
997 519
358 286
803 46
485 591
507 477
380 425
836 890
242 232
747 0
513 461
429 430
535 165
807 2
520 100
993 256
287 65
651 144
778 7
424 534
426 758
509 813
334 327
585 148
403 468
816 802
49 231
441 305
636 25
281 27
864 775
789 445
39 325
342 799
976 195
481 735
269 387
501 919
317 13
674 370
418 964
653 824
280 952
592 223
763 292
822 965
400 752
617 632
105 755
156 860
279 795
17 994
664 28
164 754
227 11
10 524
414 169
200 879
865 403
584 378
4 882
784 570
146 658
626 629
268 550
977 147
601 116
613 465
543 21
572 943
209 409
913 266
12 262
392 729
849 205
253 394
635 277
994 476
617 831
653 859
675 919
885 196
647 897
748 553
131 766
995 345
216 619
442 166
654 36
421 61
823 511
507 702
219 243
58 300
580 968
659 818
575 496
89 963
285 220
270 938
583 399
106 401
635 53
347 443
165 630
115 415
76 185
55 15
209 116
899 218
561 16
179 650
78 647
394 709
610 182
734 27
409 850
293 43
991 600
362 98
515 969
369 254
590 805
148 6
421 602
937 677
931 108
260 869
156 304
978 588
634 530
885 710
614 820
376 706
817 884
161 578
172 887
559 739
57 840
861 405
918 208
322 821
348 582
968 689
604 454
513 803
637 540
225 347
273 330
31 500
668 372
867 876
665 797
772 678
828 63
160 564
845 556
74 959
891 193
381 234
437 75
563 452
574 595
482 378
693 874
354 298
341 326
628 74
979 485
655 957
325 930
486 174
620 752
189 178
129 840
474 756
807 327
815 377
236 730
833 407
694 791
745 659
125 676
843 60
453 589
19 598
142 440
303 886
263 730
517 5
907 32
181 427
190 14
542 711
574 459
893 3
283 326
24 708
81 195
339 480
710 33
857 405
176 830
87 243
714 448
498 757
324 990
406 731
851 933
812 434
149 882
493 544
835 662
251 96
21 388
483 254
540 505
221 557
966 349
722 550
675 244
914 608
276 267
779 930
177 872
103 555
565 835
944 484
268 39
360 913
743 296
137 786
989 506
912 639
615 830
521 656
262 448
971 527
581 618
604 458
986 277
825 78
201 644
518 204
123 0
895 714
26 10
300 319
129 228
396 246
530 600
727 957
432 980
389 773
44 661
402 638
77 187
955 52
782 62
920 72
779 901
399 932
112 510
740 940
451 966
218 335
295 782
230 349
317 30
956 9
952 911
820 457
85 666
577 884
568 844
805 200
422 260
491 962
523 484
307 755
925 878
99 614
206 168
887 71
880 724
796 770
241 211
330 691
845 869
462 800
111 367
864 292
128 906
350 441
184 34
269 724
705 903
273 512
226 929
298 679
911 384
751 674
47 875
909 431
548 569
628 189
839 848
696 917
90 945
566 321
388 633
170 508
731 857
259 133
733 351
874 827
801 151
806 373
624 603
824 787
532 213
581 428
249 359
586 963
761 19
142 404
1 34
998 847
800 785
140 169
190 73
499 247
3 889
466 711
48 490
107 842
95 856
343 549
69 257
93 571
227 905
465 12
390 471
542 393
8 829
893 222
371 314
234 917
942 684
170 47
683 715
794 99
345 464
301 665
379 361
603 733
509 535
744 348
960 289
567 124
894 65
229 652
370 996
451 449
694 406
202 322
827 469
308 889
621 532
127 188
145 976
606 681
130 579
719 623
130 920
704 138
992 257
858 408
798 959
474 512
705 241
436 443
630 938
703 837
896 716
713 649
553 92
132 573
916 657
636 302
96 267
177 809
390 117
413 639
712 924
971 471
98 179
764 14
912 644
521 625
783 715
279 280
616 473
449 379
746 207
108 808
814 763
22 494
155 776
846 258
508 929
723 432
607 44
707 127
272 681
863 584
67 853
515 954
445 35
35 226
120 980
572 183
389 871
698 22
203 66
533 154
829 490
622 595
222 851
482 63
751 943
173 736
333 23
662 416
720 311
331 479
251 455
654 859
166 328
193 908
825 767
921 175
815 453
732 700
450 386
313 788
114 846
496 216
880 239
56 503
722 516
101 364
455 552
183 427
83 871
997 470
11 119
982 365
826 212
236 323
401 641
204 706
548 721
632 545
528 368
82 890
176 121
232 625
601 587
464 376
157 578
660 245
212 810
321 20
685 492
793 301
385 90
436 918
487 700
657 922
197 806
237 732
434 538
802 7
776 853
608 493
373 847
225 525
288 475
503 213
500 877
64 935
495 948
709 768
781 32
497 981
643 855
429 765
472 748
866 673
88 989
939 593
547 801
84 95
746 693
682 353
126 666
336 580
804 856
185 660
492 297
228 640
735 642
910 576
340 718
903 762
290 744
928 522
124 419
407 215
310 652
886 622
935 444
333 697
898 590
282 879
412 567
329 833
837 551
713 941
208 447
463 64
191 163
138 141
152 862
757 798
362 306
94 196
80 780
558 703
469 459
97 667
350 283
54 17
576 439
611 85
476 721
178 953
946 59
717 2
215 910
109 104
162 439
41 201
315 998
562 375
764 768
862 334
80 329
220 975
796 738
687 786
720 382
186 420
8 529
923 954
483 320
221 180
285 563
75 374
106 531
663 560
118 210
316 557
537 303
561 248
314 958
552 726
42 240
352 669
881 15
841 695
16 991
769 137
948 371
311 203
888 965
162 59
941 677
838 999
908 192
276 133
788 128
583 397
161 670
214 199
519 811
86 518
937 355
895 402
742 624
582 932
634 631
332 873
113 423
456 313
171 4
261 814
494 819
320 60
180 995
687 663
950 398
40 112
136 192
843 40
916 668
309 419
259 686
692 772
499 150
437 97
549 467
316 352
883 924
119 266
489 844
526 769
364 741
849 543
235 230
836 678
514 122
242 778
770 250
612 669
141 712
974 863
149 422
265 498
29 775
627 205
878 278
152 813
780 412
194 86
967 754
58 111
375 925
717 54
683 536
984 795
391 904
299 486
294 247
599 667
217 774
488 568
810 760
481 962
793 368
987 305
922 387
671 702
656 688
877 188
934 894
981 475
690 274
489 76
395 331
120 393
341 358
38 502
564 431
115 560
23 81
118 642
284 927
286 972
275 384
479 923
909 611
817 123
673 488
936 105
440 304
762 282
122 153
255 984
468 256
357 450
397 171
258 534
575 902
728 435
787 988
701 386
645 756
424 613
1 255
697 958
785 905
790 982
191 182
20 618
79 89
986 246
996 725
296 949
224 896
745 872
529 734
985 555
753 902
743 672
146 29
18 438
335 940
56 629
31 291
248 531
892 716
554 92
596 750
37 446
749 933
544 626
117 753
566 438
881 975
253 875
758 297
999 504
783 956
249 897
558 804
351 61
164 290
511 839
461 799
539 631
398 309
287 562
602 612
354 102
870 41
107 719
605 759
646 823
707 524
506 233
272 698
781 154
270 410
307 950
229 505
355 271
366 811
344 291
33 866
939 110
82 883
650 245
510 934
682 491
525 102
691 679
167 727
834 868
599 470
692 299
410 400
172 478
931 363
967 293
953 380
6 865
147 369
57 361
609 50
114 680
593 302
194 238
947 573
867 834
382 726
381 977
761 73
466 404
168 447
199 597
132 993
876 323
211 888
87 828
831 947
395 79
442 838
704 765
36 45
497 661
30 927
318 970
891 264
868 655
942 360
546 223
460 113
620 926
261 545
936 144
121 103
587 70
155 684
487 777
353 110
854 139
51 972
539 289
145 979
504 983
792 615
337 219
589 462
356 237
873 960
701 136
579 973
906 645
263 597
238 892
231 858
367 596
789 594
184 708
173 135
741 760
339 606
472 773
855 699
315 181
747 408
809 413
695 537
790 414
955 91
556 569
502 24
736 658
416 480
520 391
158 383
126 978
477 48
343 70
904 425
135 336
633 797
340 588
705 184
529 672
665 913
604 461
439 966
595 880
475 398
399 95
782 523
978 68
691 552
840 628
437 258
828 689
163 958
721 819
404 634
907 593
827 686
924 293
597 157
159 260
435 69
586 618
260 587
599 347
844 418
788 232
118 915
705 428
800 30
885 432
682 591
887 115
455 490
534 208
550 168
245 229
423 694
408 165
874 431
162 480
71 285
953 836
262 254
267 74
636 387
220 444
221 943
290 337
326 541
804 112
280 831
430 863
727 670
753 376
50 412
465 6
883 608
754 244
597 449
731 461
199 263
755 280
435 845
243 514
257 63
948 993
229 54
627 893
2 804
596 246
447 532
734 770
322 70
126 114
292 891
34 658
902 256
725 153
52 297
67 693
51 219
412 470
259 356
838 857
273 612
945 385
837 304
48 528
852 580
796 999
433 984
472 37
600 195
760 192
421 374
553 246
447 930
516 27
311 502
849 685
43 747
764 743
609 393
351 521
487 805
830 30
645 464
22 98
966 987
85 43
554 776
692 515
52 813
906 84
297 495
225 981
320 136
375 257
816 380
968 395
334 612
303 91
744 758
973 836
938 196
895 784
4 795
569 537
273 798
458 481
172 678
701 535
194 120
427 345
895 859
319 928
851 783
377 428
443 629
28 648
55 516
831 250
638 557
218 793
477 530
712 985
641 109
971 164
979 475
138 203
147 970
782 931
105 38
343 436
430 492
127 368
21 466
925 196
486 151
53 839
523 24
921 756
591 406
222 115
275 5
938 193
418 700
720 363
661 772
227 677
534 894
944 740
908 990
681 307
190 232
498 74
494 643
844 326
215 962
881 32
819 996
751 890
401 609
312 183
270 253
426 450
354 267
605 506
769 479
290 304
687 866
332 73
724 462
442 873
370 83
756 306
327 598
980 865
263 993
361 40
407 823
323 471
230 137
372 496
328 78
972 139
927 473
7 929
584 765
277 792
658 70
560 286
72 228
247 1
479 189
253 547
335 962
190 446
350 338
707 41
268 561
634 219
790 778
624 157
982 811
935 989
649 47
706 789
977 557
856 888
200 620
235 544
51 860
205 633
79 415
579 997
504 381
119 331
519 818
1 774
675 992
236 138
577 54
746 274
803 374
929 496
696 71
872 485
843 762
41 603
228 56
673 243
700 630
928 7
785 285
132 933
301 671
984 342
878 169
176 589
296 24
649 713
248 366
223 647
640 876
354 281
741 19
826 575
877 350
278 411
730 403
237 611
122 309
251 757
521 987
697 867
85 484
738 716
191 968
397 170
978 235
546 69
55 971
395 476
992 606
775 94
108 950
744 438
500 117
639 739
367 833
718 551
92 599
655 313
657 719
656 889
182 212
896 410
375 186
994 429
704 598
540 488
988 726
140 417
9 719
250 917
829 644
227 602
569 680
183 384
77 974
809 867
12 329
839 147
975 828
57 310
729 121
693 808
860 635
943 376
116 912
298 231
289 67
578 505
454 89
57 814
694 120
659 628
65 339
467 26
842 391
317 429
413 160
767 140
601 46
144 944
563 695
877 666
16 484
594 349
386 856
684 346
238 937
689 913
954 750
318 113
432 733
103 865
234 892
558 585
573 469
139 510
314 169
763 476
459 198
42 736
323 957
446 885
825 455
284 955
567 602
261 482
787 93
874 585
652 863
677 471
667 765
916 362
868 87
405 570
998 708
594 759
179 291
277 346
0 387
846 288
546 220
951 247
217 603
786 642
717 522
109 394
646 684
724 636
351 200
809 884
23 627
826 933
829 780
463 564
59 749
512 474
586 703
734 449
44 126
845 61
893 101
840 567
815 119
806 224
75 437
143 42
821 696
345 61
736 899
498 711
155 851
49 881
411 760
456 133
672 237
663 414
589 370
876 571
489 616
652 433
364 426
761 533
382 278
470 499
604 757
542 766
855 963
330 622
166 94
640 313
802 864
613 939
751 720
206 735
76 275
941 936
681 542
321 207
775 501
358 239
726 898
49 791
709 494
425 340
854 732
690 279
77 9
490 283
487 389
670 565
956 710
510 583
420 491
16 750
299 187
590 559
524 488
847 552
17 451
625 181
215 266
145 177
159 846
495 352
691 79
940 289
505 698
941 946
820 548
615 864
91 873
467 174
128 869
264 160
728 842
180 173
204 798
853 422
15 20
947 172
480 165
152 332
792 78
97 36
807 391
360 396
651 413
452 493
182 389
861 400
425 491
202 777
382 727
778 125
639 507
265 576
625 559
486 203
543 170
841 497
445 80
619 436
188 434
643 371
226 143
954 808
191 608
812 524
264 244
177 618
715 983
150 740
365 300
344 520
631 593
520 101
858 110
319 947
923 903
657 440
501 329
321 622
566 675
236 381
886 64
353 555
63 549
536 561
107 526
302 25
193 574
955 573
261 926
97 66
998 932
610 572
0 36
671 843
26 810
642 708
291 214
392 202
605 32
258 529
226 576
50 135
6 647
890 664
424 10
668 702
632 171
420 239
404 564
686 512
715 919
918 365
327 402
887 660
961 342
213 772
213 358
463 531
538 473
749 503
424 539
849 211
747 13
180 360
714 994
651 318
704 551
927 709
683 607
848 817
558 669
995 336
148 111
508 469
335 989
982 553
656 209
217 685
84 554
975 298
134 991
799 623
562 269
949 632
633 624
755 766
875 11
4 957
637 580
460 508
538 65
645 503
325 629
35 73
322 976
114 123
409 310
439 818
717 403
316 690
270 276
794 859
511 530
106 349
214 712
372 960
125 730
309 930
483 141
123 871
956 252
100 444
507 39
565 902
566 716
952 134
25 478
451 256
991 527
600 733
368 406
702 660
234 825
17 548
606 3
162 88
11 145
950 348
90 31
999 154
56 674
748 659
369 379
743 920
662 979
268 333
592 324
796 405
341 965
184 847
853 192
540 135
862 390
456 146
544 383
422 879
274 483
100 900
884 830
588 990
768 129
901 595
676 207
543 626
68 701
882 445
729 249
981 188
89 714
163 31
525 848
176 880
83 581
80 201
121 545
886 225
241 549
738 509
208 90
294 347
62 858
911 378
238 440
118 301
338 245
964 742
64 457
317 812
688 149
767 76
769 834
768 621
14 133
316 189
974 745
805 453
99 970
129 249
221 838
178 621
786 986
820 29
518 242
810 674
911 53
964 545
997 910
292 963
240 87
86 336
753 514
396 104
130 961
314 582
198 82
579 186
776 896
519 934
779 355
441 813
96 459
454 723
305 872
493 131
556 460
596 891
60 287
969 803
334 824
132 485
868 614
154 452
211 995
357 401
178 453
248 241
255 517
914 209
284 187
562 206
752 331
122 665
897 356
81 443
679 522
366 161
646 703
857 181
815 397
575 835
837 33
541 308
269 112
980 904
664 653
259 10
582 116
82 790
779 240
905 124
781 806
468 914
781 912
302 438
882 373
784 299
419 367
472 128
410 149
98 15
96 287
942 610
584 35
663 388
311 614
637 45
972 286
262 899
477 833
295 37
985 127
855 195
568 60
62 572
385 402
571 103
948 937
167 363
560 377
761 254
378 151
742 201
679 210
870 687
613 620
533 242
99 834
692 777
271 506
8 272
680 822
869 464
688 448
764 22
156 414
871 850
908 489
39 794
5 515
478 307
977 398
827 179
983 348
909 619
379 88
973 427
388 746
111 102
531 807
648 417
770 967
854 92
577 355
144 817
588 441
416 832
28 197
791 783
148 130
14 732
394 611
156 592
450 797
578 281
581 676
295 725
271 142
921 38
852 799
904 752
171 21
205 185
337 199
266 153
959 623
18 12
466 328
142 946
525 131
152 615
976 650
294 673
252 288
415 58
23 951
320 371
721 362
353 136
635 482
104 630
816 93
773 185
916 168
40 167
528 771
75 821
875 407
801 108
934 305
555 722
536 380
550 158
423 48
113 408
823 892
66 773
710 771
910 969
72 340
900 925
282 517
155 392
352 707
879 457
47 590
626 866
789 283
894 164
175 835
373 905
518 343
713 568
988 359
986 883
631 204
2 754
706 532
919 462
587 570
918 539
13 748
699 504
124 364
763 434
537 161
458 81
801 958
324 666
216 965
511 942
762 141
909 224
616 862
359 3
898 166
758 780
737 513
448 325
822 419
699 312
27 251
223 945
870 785
218 745
306 296
878 230
697 265
682 481
949 924
341 574
210 654
617 107
117 737
556 86
137 212
174 940
728 698
509 499
897 315
526 105
409 500
330 357
718 386
617 547
102 58
255 811
110 662
935 421
369 474
711 416
535 915
502 889
644 513
400 667
34 996
308 393
384 465
276 653
797 492
787 106
233 960
668 861
952 731
216 390
678 95
293 197
175 841
917 150
282 906
759 907
399 888
802 231
303 527
33 497
468 959
344 795
735 18
814 315
654 722
222 923
939 158
800 661
936 46
922 683
45 850
695 300
333 59
920 788
29 339
903 641
932 926
824 723
442 650
44 194
279 655
967 601
607 361
669 563
931 272
953 431
19 146
638 173
233 20
8 793
383 922
739 583
741 901
