1000
764 335
731 61
57 480
554 880
191 41
176 647
216 230
835 270
830 160
27 698
453 508
295 345
628 3
326 692
899 215
886 667
28 945
597 592
694 912
30 657
634 9
796 76
599 517
740 821
194 343
190 320
202 931
156 336
76 221
48 59
73 75
685 347
715 987
828 479
540 649
893 143
308 618
329 860
618 987
92 663
495 845
350 93
411 979
508 402
896 173
450 14
139 118
483 326
226 18
453 884
317 514
524 254
918 274
823 573
423 854
991 331
178 290
23 992
68 589
21 37
382 428
904 932
54 779
567 974
952 927
450 296
359 336
89 661
702 981
786 64
268 782
441 186
399 949
657 794
76 786
755 809
917 212
421 591
496 588
398 161
558 682
28 90
707 569
146 246
4 755
210 311
331 930
176 954
540 395
909 602
129 792
677 136
530 418
876 688
281 873
378 97
173 916
511 347
477 801
818 556
703 614
429 536
775 233
552 246
388 222
178 864
335 962
324 823
289 490
531 990
495 217
766 601
811 493
224 115
724 902
320 349
980 903
975 787
240 263
947 336
465 242
700 167
363 959
923 556
348 124
396 719
949 51
779 364
756 849
773 371
525 640
735 48
339 548
590 713
521 527
860 443
582 984
760 282
11 46
838 197
98 550
244 535
148 590
687 741
748 828
491 661
215 751
802 896
24 223
21 28
942 854
998 518
657 717
708 669
981 245
217 408
457 106
42 622
578 358
789 492
562 0
699 28
348 560
691 590
213 945
440 946
284 28
697 664
890 178
9 193
581 97
682 522
816 896
752 291
695 623
111 707
671 77
236 836
474 521
233 833
166 17
273 316
424 392
540 732
418 524
395 770
30 343
767 622
574 963
778 594
485 773
40 396
471 427
358 120
286 298
758 534
993 604
239 131
465 87
860 239
656 527
826 543
329 966
28 228
628 970
42 631
562 949
875 150
60 989
442 178
18 478
313 460
95 807
396 640
452 860
480 206
516 935
546 808
803 754
714 166
437 997
848 841
619 559
107 294
639 963
165 229
902 833
788 522
956 660
144 249
730 325
809 988
440 302
720 995
606 400
45 838
579 272
183 539
854 441
893 392
145 376
842 704
957 53
331 584
783 539
860 237
321 335
214 169
895 328
634 297
294 30
102 880
585 1
463 948
251 457
964 629
967 291
290 493
960 167
444 782
198 247
167 426
767 900
933 645
542 372
743 109
692 216
362 809
609 487
937 461
335 926
398 620
252 360
789 781
681 122
204 830
313 65
637 244
321 151
351 182
74 588
451 769
23 797
919 187
690 906
824 900
649 467
268 116
579 598
706 67
143 220
252 590
542 939
49 22
494 730
67 202
694 218
89 125
834 880
971 554
172 489
83 816
327 335
788 356
85 835
499 556
27 254
287 7
807 342
812 672
152 92
13 561
897 593
479 962
974 907
458 600
654 11
304 749
269 970
514 342
256 696
895 780
361 396
561 464
628 375
136 134
300 656
686 495
466 412
902 728
332 373
497 819
11 389
248 294
883 405
242 291
715 7
957 661
298 736
486 489
624 43
406 584
882 42
723 380
571 121
176 392
136 968
457 430
255 438
69 367
736 666
529 452
972 794
709 363
85 422
838 837
987 340
551 190
393 802
198 261
795 789
435 353
777 294
680 659
661 202
918 871
222 589
715 859
772 813
394 391
519 97
294 925
479 346
868 15
527 70
943 987
785 332
697 989
892 659
299 539
869 650
274 886
159 932
315 790
348 603
600 337
182 155
465 275
410 701
757 699
475 837
165 548
894 875
656 838
358 914
363 940
872 193
951 508
372 108
574 969
386 888
359 991
234 392
30 962
916 374
459 814
135 92
987 280
842 800
175 266
776 721
247 603
887 394
850 396
396 244
471 433
548 291
395 132
533 747
311 383
716 878
643 770
738 194
837 608
656 104
669 978
42 357
720 957
366 882
580 844
717 272
930 878
846 364
808 432
344 898
710 996
674 482
549 756
656 105
223 151
802 648
436 770
745 681
133 778
177 321
396 66
270 528
183 587
701 365
222 164
982 409
488 856
188 187
10 624
326 479
723 311
658 299
494 244
527 362
232 73
693 355
452 137
585 329
778 960
928 956
505 932
38 615
23 326
179 751
913 13
147 951
922 391
649 314
636 961
79 105
449 319
82 600
932 202
461 858
173 322
592 205
941 188
756 342
819 960
778 189
875 911
955 18
467 592
211 149
231 339
178 982
807 387
876 513
302 320
894 157
424 39
825 314
646 5
956 678
163 223
977 674
502 431
304 404
399 750
31 101
396 892
768 744
866 657
872 84
37 166
46 123
791 196
507 681
590 77
12 555
679 56
827 789
454 987
762 276
855 386
207 472
670 305
347 268
895 957
220 487
507 270
50 820
326 778
23 413
34 543
635 125
705 144
886 607
548 390
665 247
702 879
498 559
708 921
162 928
646 558
144 979
495 430
588 372
650 921
570 232
220 663
509 33
218 835
404 618
921 196
326 708
896 740
584 27
668 246
507 73
203 586
997 153
572 914
828 789
13 862
509 349
589 506
340 384
462 117
161 452
532 729
548 857
454 243
227 775
139 446
669 867
842 952
456 938
55 91
661 656
149 895
144 601
459 540
953 264
96 923
317 606
848 976
314 545
164 899
382 547
185 417
992 776
73 523
235 302
415 775
501 726
450 805
741 853
452 595
772 267
719 201
372 965
697 826
593 655
847 320
177 865
704 625
488 678
879 369
801 983
44 870
787 467
139 790
660 258
583 805
673 730
632 482
200 861
280 924
861 213
807 47
114 401
937 354
307 23
553 200
172 292
966 22
355 397
899 433
452 72
521 903
727 274
660 613
945 611
466 344
802 676
698 759
852 883
140 312
915 910
642 166
170 888
741 317
323 455
873 273
467 333
308 683
489 577
271 320
176 950
7 844
445 632
910 646
371 63
967 2
504 601
225 486
443 958
174 576
284 20
382 16
861 38
27 656
649 548
928 403
335 412
760 914
503 494
895 875
874 649
653 667
548 391
236 961
605 627
30 507
430 41
13 951
841 381
707 630
532 136
354 616
732 290
75 543
382 689
35 994
899 575
265 419
754 987
454 841
26 242
879 252
150 437
501 629
276 17
684 166
514 510
774 151
977 840
481 16
792 323
403 158
124 447
479 636
905 489
830 526
622 838
863 164
186 535
44 745
962 563
835 145
834 185
75 515
904 674
599 490
321 100
590 712
289 346
996 425
746 339
207 859
195 603
801 302
254 583
933 322
82 188
800 121
453 449
253 662
331 590
11 618
827 283
97 826
161 822
454 21
943 138
305 648
812 358
603 979
267 293
420 394
493 532
845 934
834 701
960 596
342 10
239 382
320 233
208 960
334 543
199 751
697 255
214 981
164 139
706 117
187 877
76 834
397 12
243 557
310 520
320 58
681 969
401 167
284 566
965 509
76 962
247 544
903 641
217 994
753 668
924 765
439 922
279 844
115 830
498 475
260 91
920 175
929 165
103 795
256 395
682 509
206 284
81 44
141 770
548 908
46 456
181 144
960 470
502 951
582 696
881 892
435 28
538 718
306 94
699 593
139 303
618 657
711 268
711 180
541 301
602 901
419 592
14 742
818 99
55 527
509 76
370 671
734 313
703 623
407 873
973 99
326 212
950 86
736 126
428 605
638 732
82 998
794 209
26 985
610 913
931 940
799 707
711 119
410 69
313 815
513 736
338 139
295 493
326 347
294 15
626 966
589 330
112 791
429 928
442 56
917 377
931 906
128 395
944 917
291 241
495 732
753 858
168 295
889 722
966 936
652 110
119 739
414 818
226 412
629 69
141 93
426 175
97 818
71 75
94 466
435 832
586 454
62 434
835 405
606 311
62 449
899 202
621 838
371 80
171 513
851 842
948 540
542 500
884 885
533 113
568 85
524 761
896 476
292 329
708 990
303 240
993 58
785 28
288 261
382 962
893 705
192 539
412 154
539 396
52 326
829 636
12 154
794 351
184 441
259 233
318 683
109 11
886 830
703 268
906 416
127 316
725 995
657 562
686 842
649 25
656 468
718 935
835 19
534 541
979 23
806 3
346 61
817 783
466 78
368 713
453 644
379 294
991 907
565 624
402 484
331 996
29 615
308 453
347 8
656 36
73 768
718 469
784 95
359 9
876 810
50 118
683 891
737 805
48 962
816 576
953 278
253 753
932 540
27 914
906 514
267 271
649 753
732 876
534 68
999 606
931 793
740 323
718 1
953 919
140 272
888 115
826 110
928 270
308 763
88 876
617 80
451 391
799 412
520 330
880 831
473 555
734 775
830 142
804 186
309 235
154 675
893 617
564 62
509 651
220 273
612 948
101 595
128 98
769 633
386 733
352 617
115 602
341 33
27 285
533 584
365 257
986 500
512 918
537 278
697 130
501 839
222 628
173 876
32 816
886 548
843 597
250 323
219 746
591 810
238 224
779 965
823 111
701 808
722 411
798 777
202 962
419 6
265 771
732 396
984 277
448 222
262 392
385 330
834 600
338 341
219 644
9 975
357 734
884 380
589 796
754 210
885 284
614 272
668 491
82 826
165 241
818 999
515 117
447 515
998 236
170 176
456 564
61 864
120 310
887 847
493 132
512 871
846 533
199 89
760 501
42 935
569 940
719 88
226 835
546 760
635 823
925 924
126 584
558 34
667 346
221 308
844 781
288 407
670 84
191 217
578 106
172 471
773 645
123 205
717 411
891 76
506 96
408 537
222 142
508 772
448 497
485 599
631 383
576 507
979 927
827 877
474 933
801 367
716 514
26 914
628 409
300 608
254 497
41 271
847 866
615 386
572 582
705 926
600 394
470 731
829 475
368 803
231 429
960 877
425 147
481 742
213 753
278 190
379 153
157 723
183 165
636 739
599 74
254 791
551 215
732 246
474 84
620 188
601 262
620 84
204 943
580 570
385 799
543 318
391 887
559 430
774 593
879 221
300 820
550 391
230 780
327 971
145 612
823 143
776 165
41 647
810 149
654 68
50 59
429 396
41 980
140 897
132 1
169 645
333 71
853 748
77 338
913 694
665 634
840 125
986 563
272 338
823 429
605 191
662 362
311 300
987 596
229 74
428 980
279 221
784 311
704 303
331 581
219 37
100 230
651 415
835 45
923 474
202 705
523 263
982 475
518 10
952 489
355 432
991 150
889 467
496 948
82 847
112 706
769 300
935 730
148 898
74 574
751 249
153 666
418 407
858 911
128 13
285 538
925 996
604 475
548 540
648 59
463 556
190 469
233 462
361 156
640 641
858 325
595 598
997 276
606 738
497 905
180 132
596 712
390 44
608 19
867 912
102 663
116 581
813 353
618 743
300 202
929 915
886 78
184 178
525 764
599 741
872 996
864 407
831 635
889 408
113 366
190 300
646 625
203 661
207 681
392 97
760 15
273 542
515 12
967 3
833 622
762 403
722 311
35 832
997 402
296 447
962 246
216 541
988 544
809 284
178 373
749 561
366 400
388 849
267 477
173 255
118 742
896 189
337 429
225 221
912 203
310 979
424 791
66 92
313 392
478 465
759 887
989 221
157 153
434 395
780 492
916 953
354 695
201 829
906 551
569 26
416 638
764 577
266 925
859 15
956 963
675 152
758 777
574 922
659 433
183 733
560 238
701 897
496 396
368 857
626 446
956 509
691 970
854 429
119 445
327 949
602 210
427 256
690 170
363 482
855 801
137 328
486 464
162 940
385 222
92 732
768 6
793 194
185 115
777 311
965 221
544 443
501 306
124 414
206 17
920 334
958 311
636 654
395 767
13 68
377 932
683 480
749 35
85 37
798 805
558 528
779 905
434 83
154 64
277 365
581 35
320 961
643 481
757 35
858 596
197 691
999 102
866 836
530 114
159 439
255 194
488 116
402 870
392 676
624 882
764 429
361 102
892 453
605 572
415 121
732 460
361 336
819 941
194 762
927 259
332 851
393 160
495 356
849 697
280 663
245 374
461 946
899 632
514 346
377 731
881 335
890 110
736 515
962 725
70 651
948 358
451 814
150 124
656 798
965 711
416 549
236 35
10 465
16 9
613 642
512 673
815 556
57 555
340 39
188 645
778 821
739 660
352 411
858 489
454 301
386 806
615 662
535 338
761 670
422 609
171 165
929 888
356 696
34 849
188 377
449 651
99 561
630 902
688 220
246 552
342 122
92 17
62 520
335 964
504 600
239 988
35 559
377 176
657 164
724 620
346 81
73 535
486 351
794 522
518 166
652 86
114 763
452 411
816 81
435 202
442 374
233 214
397 472
818 243
347 328
856 972
598 407
544 369
476 863
818 843
193 157
364 787
804 267
850 934
79 519
899 490
213 813
563 143
895 575
188 402
905 975
959 13
594 917
671 674
969 914
53 568
140 664
497 842
286 781
384 772
374 447
760 663
13 113
845 829
214 359
985 422
964 223
552 125
368 904
263 675
33 856
706 427
135 31
658 139
389 654
75 459
705 695
563 639
842 610
190 951
297 55
866 822
847 103
848 444
832 513
454 198
929 181
394 36
163 722
484 310
146 965
577 408
650 935
800 953
458 165
438 212
970 829
557 228
454 802
905 823
582 570
790 284
38 6
821 462
103 641
36 68
282 760
535 134
778 350
433 111
532 713
506 680
865 989
157 823
166 545
440 429
810 618
675 709
304 164
607 391
178 970
907 507
507 312
229 564
40 675
776 887
962 679
451 510
91 299
483 398
972 417
757 777
940 976
413 922
730 628
47 167
233 452
252 36
538 26
944 341
931 377
780 393
368 257
291 854
690 748
426 209
258 855
598 616
233 795
756 320
794 525
26 744
870 11
560 968
571 764
551 133
990 812
182 683
188 140
718 747
710 922
139 138
852 682
201 87
577 39
421 866
449 702
380 619
457 689
445 260
856 404
250 520
829 219
374 934
496 94
234 4
431 693
360 961
524 729
727 817
193 721
908 801
380 832
759 109
685 231
592 141
829 188
978 580
996 774
704 441
15 531
901 718
757 623
928 313
238 667
498 234
311 227
20 740
44 910
774 318
650 365
707 308
89 590
58 611
421 347
429 906
699 498
416 515
910 795
466 768
649 980
35 429
222 372
684 818
270 868
483 446
145 994
140 789
954 906
875 145
654 188
351 155
507 429
653 998
996 858
530 255
534 282
107 407
699 364
983 837
981 172
282 438
395 824
189 755
35 221
272 300
780 812
613 70
70 383
668 224
58 913
432 209
349 780
823 994
97 973
722 547
567 565
501 672
830 531
563 603
856 798
780 627
485 123
536 535
645 345
596 515
68 95
175 657
431 899
544 35
835 436
320 938
887 940
213 454
500 351
586 613
861 960
247 616
452 186
89 224
835 300
58 849
319 190
503 230
263 309
289 931
140 457
95 786
375 177
326 487
620 420
322 383
454 334
208 203
864 152
34 344
70 283
384 365
885 893
135 738
651 942
72 313
262 849
517 580
835 343
10 654
829 396
371 356
402 335
275 340
338 299
286 573
681 469
209 650
445 562
776 765
613 912
752 919
556 108
667 939
862 386
455 961
274 600
703 613
632 943
231 333
317 722
966 798
151 927
898 630
41 899
813 221
254 189
583 389
286 539
895 797
200 213
955 766
144 75
25 644
860 858
327 873
28 139
93 839
240 479
54 948
995 315
580 782
325 46
873 273
851 894
597 708
387 141
139 520
431 376
833 129
391 302
68 81
125 992
698 165
451 297
423 781
558 187
546 293
23 513
599 625
647 770
69 28
563 480
290 257
743 529
7 708
192 694
869 912
578 735
292 883
129 727
29 284
253 34
995 811
900 252
591 983
374 75
237 634
358 796
232 726
767 33
12 960
600 321
524 693
827 747
902 264
719 295
711 179
889 578
282 80
771 657
750 162
737 281
792 131
310 32
732 576
732 251
828 697
54 5
310 231
330 674
760 541
226 621
65 195
956 976
930 527
171 292
841 375
891 349
450 102
314 388
837 90
477 0
576 237
380 105
487 558
51 855
100 714
807 56
101 769
147 669
262 96
780 59
952 669
220 174
576 446
274 788
855 512
561 652
834 539
519 262
502 515
757 437
356 172
624 12
224 447
632 56
678 891
594 934
511 994
49 36
294 544
855 899
93 632
323 682
72 967
427 580
838 978
261 591
970 20
406 313
999 2
513 139
903 960
856 599
248 133
12 399
728 412
211 974
687 477
947 646
380 8
803 282
950 249
799 313
244 659
566 578
476 310
766 676
70 410
382 951
651 452
213 909
629 130
235 250
41 902
521 915
472 606
375 436
553 827
298 457
829 444
196 745
887 188
309 945
889 953
128 995
209 825
324 957
325 728
401 790
832 67
104 313
754 489
145 324
99 937
563 978
833 726
719 812
24 934
98 121
82 159
851 402
211 85
505 632
970 575
585 40
41 351
321 526
514 242
941 365
783 84
240 58
37 629
936 146
378 58
80 637
65 122
482 732
720 556
645 713
555 772
734 581
167 150
461 618
498 777
972 127
677 577
274 268
675 975
422 760
127 477
655 339
682 34
392 255
102 494
842 846
757 540
218 274
738 577
329 56
748 27
135 633
654 899
781 625
515 775
160 48
754 348
254 441
405 4
764 596
715 252
453 224
386 596
168 912
158 776
261 710
678 30
622 22
651 35
830 381
21 492
674 97
161 692
481 792
772 202
849 829
657 336
745 932
675 14
561 265
254 65
63 114
249 111
74 878
874 561
387 780
429 392
984 211
157 136
213 700
52 854
758 565
499 449
760 496
893 402
451 949
53 231
474 993
829 59
43 453
305 394
386 587
495 921
327 157
228 743
899 124
74 833
132 780
930 178
515 473
977 726
180 768
639 808
281 49
579 771
752 876
626 584
887 856
597 699
612 880
161 832
370 40
738 307
599 618
174 178
70 655
316 910
129 269
746 484
931 18
384 119
357 617
524 890
588 300
171 154
419 285
949 78
356 74
468 826
929 502
651 742
270 288
919 677
516 19
60 213
111 888
815 89
286 320
554 612
185 197
287 270
785 805
918 516
878 686
