1000
872 593
593 40
404 593
593 477
373 593
299 593
552 593
593 549
593 770
504 593
593 233
283 593
593 439
305 593
593 861
248 593
593 206
593 969
986 593
63 593
507 593
593 592
593 801
593 832
16 593
155 593
593 249
282 593
584 593
593 76
593 528
90 593
589 593
199 593
593 397
871 593
593 854
593 273
499 593
593 688
655 593
593 195
593 654
593 642
593 315
265 593
593 686
399 593
680 593
332 593
992 593
836 593
593 41
593 740
525 593
841 593
312 593
938 593
593 72
158 593
593 739
593 880
593 815
646 593
223 593
756 593
167 593
593 302
117 593
593 617
762 593
198 593
402 593
593 662
432 593
593 757
371 593
699 593
443 593
593 645
472 593
593 512
498 593
833 593
593 17
141 593
570 593
630 593
593 1
593 838
593 883
388 593
593 674
214 593
593 47
593 244
593 868
587 593
629 593
293 593
593 37
314 593
593 559
593 394
593 827
593 456
454 593
317 593
593 583
593 714
593 818
593 890
593 416
547 593
621 593
593 689
593 945
593 720
593 651
593 295
593 864
990 593
593 522
162 593
485 593
593 753
593 943
715 593
398 593
593 659
593 327
593 949
593 323
221 593
593 362
593 165
411 593
593 334
593 639
140 593
593 560
593 256
403 593
593 904
325 593
593 24
959 593
533 593
593 543
593 61
425 593
593 687
608 593
721 593
921 593
593 384
212 593
702 593
593 465
188 593
311 593
593 291
593 280
494 593
593 501
573 593
829 593
205 593
232 593
641 593
593 261
449 593
593 632
593 614
593 882
660 593
663 593
260 593
151 593
624 593
593 391
11 593
593 863
742 593
593 754
593 386
593 346
593 764
457 593
885 593
816 593
593 340
26 593
281 593
593 907
92 593
843 593
359 593
568 593
730 593
844 593
668 593
101 593
593 744
593 733
593 170
593 258
51 593
593 60
593 39
71 593
609 593
581 593
821 593
89 593
593 566
379 593
593 270
297 593
901 593
593 193
271 593
434 593
326 593
618 593
593 716
342 593
150 593
469 593
478 593
593 619
274 593
593 789
869 593
593 578
534 593
593 539
418 593
830 593
805 593
593 354
962 593
593 298
867 593
168 593
625 593
881 593
593 765
998 593
593 856
593 845
593 440
251 593
319 593
86 593
675 593
774 593
957 593
593 804
245 593
926 593
75 593
134 593
735 593
718 593
874 593
285 593
593 508
593 262
471 593
593 879
593 106
593 318
991 593
530 593
794 593
593 981
593 316
593 156
132 593
593 88
593 993
593 396
593 286
593 800
593 520
593 301
593 703
593 886
593 848
681 593
152 593
593 125
593 887
593 773
593 996
692 593
593 550
593 147
593 980
812 593
987 593
593 516
597 593
761 593
593 506
615 593
25 593
593 54
586 593
171 593
593 546
593 495
649 593
593 287
795 593
593 661
593 149
593 427
593 894
610 593
116 593
593 567
696 593
797 593
593 2
14 593
252 593
593 124
593 865
593 679
488 593
593 799
734 593
593 983
593 806
593 712
593 555
602 593
888 593
593 951
968 593
593 361
247 593
593 414
353 593
526 593
644 593
430 593
593 67
172 593
593 240
593 514
593 70
593 713
593 9
905 593
23 593
593 513
593 321
392 593
622 593
128 593
895 593
593 49
593 932
569 593
69 593
500 593
468 593
593 623
631 593
593 640
866 593
593 963
175 593
593 637
909 593
593 204
593 365
446 593
593 535
593 207
995 593
593 975
960 593
593 85
593 153
595 593
912 593
984 593
593 431
82 593
190 593
941 593
228 593
627 593
593 288
229 593
593 183
851 593
593 862
104 593
593 910
191 593
751 593
375 593
593 197
726 593
593 56
518 593
593 292
593 303
970 593
236 593
593 166
80 593
593 521
593 410
593 187
593 393
217 593
336 593
445 593
337 593
676 593
3 593
593 329
593 482
593 591
593 965
593 670
105 593
927 593
648 593
562 593
593 356
593 148
357 593
593 389
593 612
360 593
593 954
48 593
4 593
593 324
593 758
53 593
320 593
593 284
593 626
272 593
593 269
593 822
793 593
98 593
593 483
593 997
593 372
593 426
145 593
174 593
769 593
593 33
470 593
81 593
65 593
593 343
593 870
255 593
593 650
593 700
593 922
857 593
593 36
289 593
598 593
593 467
339 593
120 593
782 593
593 383
593 502
850 593
917 593
593 278
582 593
593 510
908 593
988 593
766 593
304 593
523 593
593 422
593 437
479 593
752 593
593 417
542 593
956 593
557 593
593 590
118 593
593 777
593 855
593 768
267 593
593 889
593 275
772 593
593 438
593 902
593 527
64 593
563 593
0 593
593 225
593 667
593 666
463 593
593 235
593 377
462 593
363 593
914 593
575 593
593 999
593 341
593 79
732 593
593 966
517 593
593 129
593 300
466 593
593 94
593 737
593 93
126 593
593 946
973 593
593 107
180 593
593 277
979 593
717 593
593 268
593 184
100 593
707 593
776 593
376 593
746 593
593 46
45 593
593 115
253 593
588 593
593 678
593 259
937 593
593 58
593 982
593 406
99 593
593 808
593 925
87 593
333 593
593 7
593 290
95 593
231 593
593 780
593 29
593 96
593 930
593 787
924 593
593 682
10 593
790 593
755 593
307 593
593 613
593 779
593 164
322 593
593 657
593 209
593 897
111 593
380 593
177 593
593 994
593 541
13 593
593 859
852 593
345 593
593 215
593 44
593 515
580 593
544 593
503 593
892 593
381 593
593 276
146 593
6 593
593 424
593 8
593 729
593 840
593 878
873 593
633 593
858 593
593 725
603 593
593 536
593 955
593 505
593 616
593 250
192 593
605 593
169 593
928 593
593 218
593 509
453 593
59 593
350 593
593 876
593 846
664 593
55 593
43 593
593 842
593 519
593 545
593 884
593 108
593 814
593 127
593 5
460 593
704 593
593 561
593 481
593 464
593 313
593 574
593 745
593 875
593 891
593 896
593 420
593 671
607 593
593 224
593 181
144 593
593 382
593 415
967 593
977 593
448 593
635 593
593 807
593 594
593 694
593 564
593 576
593 349
593 28
593 920
593 511
241 593
810 593
593 133
548 593
593 409
593 364
593 50
593 496
593 685
813 593
551 593
593 775
308 593
593 15
738 593
593 785
186 593
593 31
923 593
593 636
593 665
593 442
749 593
20 593
693 593
230 593
77 593
944 593
918 593
103 593
593 413
593 953
728 593
690 593
593 723
593 30
593 91
486 593
593 436
593 711
708 593
593 114
824 593
593 919
911 593
643 593
593 556
593 306
593 771
778 593
226 593
727 593
695 593
593 263
593 834
593 138
593 189
593 18
593 558
989 593
652 593
593 722
593 831
750 593
593 985
451 593
593 638
593 142
593 452
211 593
102 593
593 976
208 593
367 593
593 819
593 220
593 820
201 593
593 634
279 593
724 593
950 593
593 952
593 673
593 216
593 358
823 593
593 21
491 593
400 593
137 593
200 593
593 599
347 593
219 593
239 593
593 243
593 811
593 554
593 458
294 593
593 939
593 656
747 593
593 73
593 828
593 839
593 487
173 593
160 593
611 593
837 593
706 593
593 401
593 788
593 784
475 593
593 370
593 683
143 593
348 593
593 246
593 176
781 593
593 131
593 83
344 593
593 203
593 600
593 529
497 593
593 387
593 447
484 593
182 593
493 593
474 593
593 62
593 405
900 593
763 593
593 390
593 421
68 593
374 593
593 136
593 78
593 34
593 66
593 378
593 571
593 194
947 593
653 593
593 577
593 540
593 335
792 593
524 593
948 593
593 743
264 593
942 593
159 593
227 593
593 877
113 593
593 935
423 593
435 593
593 929
593 428
741 593
480 593
476 593
234 593
593 565
593 802
593 154
593 368
593 961
593 12
971 593
593 338
593 429
620 593
593 185
593 767
786 593
593 903
593 222
672 593
898 593
849 593
27 593
701 593
593 130
593 719
593 974
213 593
593 553
796 593
296 593
593 906
593 658
593 628
647 593
593 817
593 109
593 444
825 593
593 691
593 709
238 593
593 684
257 593
97 593
355 593
593 705
593 899
266 593
593 760
669 593
351 593
22 593
593 860
593 237
593 202
593 369
593 936
112 593
593 835
593 847
593 135
84 593
19 593
972 593
593 803
593 677
593 532
593 412
593 419
593 385
933 593
593 450
759 593
441 593
489 593
593 940
42 593
408 593
593 161
601 593
593 736
593 791
52 593
826 593
593 978
593 731
35 593
593 604
915 593
459 593
585 593
593 352
593 473
455 593
139 593
593 964
593 331
593 74
593 121
490 593
853 593
593 783
593 395
698 593
538 593
593 178
57 593
309 593
596 593
593 157
531 593
958 593
809 593
119 593
593 572
606 593
122 593
593 407
697 593
798 593
32 593
931 593
163 593
492 593
593 433
179 593
593 242
210 593
593 123
913 593
593 328
593 38
593 110
593 254
893 593
593 916
593 461
366 593
748 593
537 593
330 593
593 196
710 593
593 934
310 593
579 593
44 8
269 401
526 71
785 989
444 495
362 164
706 719
509 81
752 682
693 473
403 719
753 288
140 174
896 941
987 953
940 537
278 460
124 813
227 997
697 468
454 459
867 281
844 839
57 798
114 86
263 305
945 870
137 890
497 347
14 925
270 969
695 656
922 975
746 607
317 112
492 771
258 109
839 742
272 975
61 638
459 827
200 310
489 445
626 874
536 326
637 52
540 182
71 709
230 771
323 554
26 645
970 329
663 387
651 128
916 936
785 371
160 296
162 307
54 449
565 865
649 820
76 361
77 291
303 276
85 989
804 246
950 662
928 777
19 209
997 75
941 110
967 866
782 603
983 165
514 389
54 711
764 937
491 262
128 248
624 848
405 353
164 342
258 284
674 507
148 60
32 771
284 275
310 551
487 297
828 424
502 2
294 544
474 393
633 131
716 458
990 614
768 918
751 233
622 130
805 191
114 816
422 724
574 55
934 822
731 41
480 608
654 3
360 944
968 749
959 780
867 437
302 384
19 510
83 973
710 67
213 207
722 595
281 488
710 112
905 209
561 842
900 503
687 456
204 902
411 216
307 281
346 47
633 732
635 164
439 801
112 207
559 93
12 488
640 277
185 955
80 264
117 808
716 672
740 313
18 563
771 491
879 64
205 964
880 307
403 51
882 871
281 804
338 372
611 65
446 716
703 625
637 279
598 458
463 752
7 513
885 624
956 370
396 11
704 519
655 766
154 564
667 142
684 671
27 328
43 781
187 343
984 944
791 824
724 849
664 563
717 927
82 373
856 696
746 574
180 271
975 242
7 606
518 773
165 717
956 272
216 278
759 943
189 834
380 324
968 494
307 902
209 552
839 499
978 62
877 498
966 510
104 814
44 2
521 209
662 850
546 397
741 876
521 703
773 212
670 835
474 336
677 609
314 663
671 903
634 281
946 859
132 600
109 726
774 478
735 817
942 772
377 752
563 634
785 122
882 472
590 262
912 689
383 285
369 281
341 740
975 619
573 794
956 951
353 214
824 491
979 237
285 524
261 736
972 831
701 602
607 319
164 87
234 946
101 896
475 984
860 420
875 188
65 769
105 750
752 6
843 429
456 975
50 141
986 875
908 94
197 784
274 427
291 370
833 560
722 315
477 64
915 65
761 473
940 378
888 572
525 399
325 9
543 277
50 562
884 946
417 992
875 194
33 726
176 443
977 428
643 209
992 481
9 437
334 445
923 618
547 758
203 730
334 421
752 225
257 174
539 530
570 66
913 307
337 436
269 826
837 517
701 980
334 320
78 551
542 41
521 241
388 842
704 31
98 174
282 313
928 994
456 123
908 539
494 956
262 385
622 904
139 24
607 671
135 926
42 504
869 935
972 742
558 974
245 227
874 300
593 272
93 906
586 902
983 514
523 292
245 34
567 592
19 331
109 646
272 357
602 217
678 173
345 124
448 646
725 592
88 261
415 368
952 352
202 310
208 550
678 95
931 495
126 534
846 525
827 383
145 626
562 69
631 868
108 458
236 516
355 345
522 602
537 72
755 715
755 52
810 894
897 623
1 872
723 889
839 907
667 12
865 760
506 435
320 134
568 82
178 258
248 803
68 912
364 958
698 460
28 83
628 179
298 972
344 997
457 751
321 878
495 642
629 60
381 225
269 534
966 443
693 578
636 739
965 70
129 272
100 845
694 616
249 658
417 458
911 887
378 243
91 327
639 180
739 72
710 506
430 2
136 776
858 707
155 251
319 120
858 797
312 612
567 613
464 566
717 250
937 117
408 355
49 867
160 293
585 783
221 335
983 232
485 685
751 719
822 410
841 890
284 988
596 680
140 193
627 963
50 729
535 170
230 363
378 644
175 263
927 773
828 890
658 205
784 939
666 832
574 470
155 582
36 930
576 48
604 851
318 752
206 758
588 896
485 76
993 778
910 976
482 920
789 811
260 960
426 871
503 912
877 198
176 962
56 745
366 904
580 71
957 990
951 705
102 956
78 748
158 466
832 779
512 800
672 455
270 55
813 539
823 734
252 203
829 312
361 833
487 102
802 847
887 272
517 226
865 217
46 362
610 568
402 746
461 383
271 374
596 38
946 614
778 736
555 50
905 274
220 214
100 902
594 320
330 716
645 576
737 238
351 648
544 869
221 495
396 825
267 117
263 959
517 983
860 198
481 303
622 729
899 288
765 52
15 899
279 631
865 263
602 306
710 473
162 441
696 437
652 165
815 446
525 944
428 240
668 372
805 779
535 737
885 327
40 930
1 626
53 477
954 942
872 976
794 488
837 260
566 866
865 851
649 574
953 30
747 950
332 989
438 439
912 797
416 922
373 229
134 310
505 211
172 790
653 862
722 729
718 717
460 591
296 205
372 860
221 352
704 896
811 403
857 226
386 610
413 519
822 372
20 768
912 109
593 74
816 945
836 755
647 117
681 831
449 309
738 713
525 443
151 300
350 963
132 73
965 134
719 979
825 122
44 263
818 348
4 485
283 278
265 491
392 656
743 944
84 132
152 258
541 429
261 872
288 299
179 815
153 65
280 948
428 892
796 938
553 662
724 917
517 677
261 7
966 160
349 796
629 818
619 920
540 421
547 983
692 87
810 476
139 914
387 181
266 622
228 55
929 401
6 725
596 41
186 635
143 792
866 966
667 620
787 862
59 109
279 61
623 564
327 156
392 442
42 75
902 746
168 318
467 345
94 407
830 647
114 281
80 932
995 280
13 497
382 474
147 635
458 71
423 288
815 132
418 400
815 440
144 546
478 59
146 92
127 32
391 970
607 686
289 249
678 568
63 310
514 954
645 860
414 926
409 500
417 320
405 629
742 43
157 926
531 152
706 432
296 800
150 641
487 888
222 532
425 598
29 104
109 215
799 840
672 809
436 854
515 506
704 395
165 819
838 744
65 665
527 890
122 943
472 770
450 246
402 918
116 900
975 14
336 117
124 19
76 398
646 930
285 546
97 972
821 365
676 837
828 645
946 364
65 368
523 198
629 694
912 316
197 520
630 714
784 511
529 342
902 752
398 921
726 790
165 434
734 589
554 776
52 1
809 909
102 750
281 165
710 665
967 891
82 56
204 174
74 177
782 402
451 708
117 32
431 279
719 983
160 699
27 153
963 902
954 288
928 148
786 103
453 266
937 45
220 376
982 88
383 462
24 800
828 436
583 593
641 99
194 795
170 652
802 215
218 784
866 823
961 102
412 347
802 763
415 486
697 889
235 6
133 838
971 284
22 813
189 549
972 807
998 472
221 940
913 460
727 746
24 864
271 717
401 940
858 79
811 601
403 618
25 633
996 966
215 409
949 804
16 248
871 244
608 818
434 946
26 171
488 443
827 196
353 365
7 901
630 506
165 622
728 219
394 347
938 663
242 304
433 92
150 505
109 742
173 617
134 113
528 168
660 473
307 392
669 607
92 557
991 821
559 372
863 149
279 827
838 24
102 795
579 272
278 785
949 17
607 829
192 506
668 89
200 564
547 505
290 652
516 479
298 223
497 68
865 966
436 183
835 494
516 710
456 309
886 421
771 488
60 231
439 532
962 924
917 477
612 359
44 881
570 413
429 576
111 200
381 863
663 873
122 224
30 199
653 823
71 64
201 397
324 146
678 58
958 632
125 406
872 210
941 56
597 43
976 340
916 346
189 635
571 860
556 372
812 688
103 992
538 592
652 391
460 37
115 510
197 52
21 279
370 973
855 178
909 545
867 947
765 569
501 910
895 59
721 165
663 375
465 152
466 251
725 577
742 893
46 550
762 156
60 561
404 419
23 735
930 167
552 548
258 799
272 966
812 788
35 279
702 345
443 532
440 493
981 736
828 185
584 346
503 286
516 883
205 766
839 890
120 354
806 512
573 166
700 962
22 96
112 581
402 466
977 974
788 273
356 445
653 107
286 163
118 887
550 712
943 861
47 704
71 190
675 625
770 287
690 443
619 661
631 255
645 248
533 898
514 279
296 720
902 999
771 311
683 837
866 3
525 894
733 568
370 536
281 164
161 771
451 296
483 70
301 795
576 775
75 417
65 119
776 705
492 657
239 999
878 61
352 125
436 295
170 852
118 869
652 308
767 108
320 902
387 401
985 261
514 484
23 680
379 484
898 938
974 956
158 280
853 648
713 930
121 556
783 770
812 573
587 954
629 853
650 740
452 4
717 90
818 752
574 896
919 909
511 169
378 39
549 662
913 506
495 599
621 578
377 679
456 76
575 876
401 281
828 615
331 187
754 835
5 367
775 783
932 656
77 447
333 477
101 322
400 710
313 383
537 157
673 151
339 71
114 885
575 211
143 1
495 81
10 250
109 268
358 981
117 508
605 0
798 722
566 756
33 757
435 138
318 419
611 814
352 253
159 713
972 62
975 596
691 922
933 532
189 659
61 367
601 195
371 490
522 471
247 479
361 390
507 317
496 32
563 184
25 956
106 157
951 805
730 966
605 822
297 728
719 889
742 277
108 259
384 189
132 256
1 793
742 469
953 39
488 742
92 510
473 254
