1000
934 596
596 198
596 856
707 596
824 596
894 596
57 596
596 48
596 239
966 596
528 596
596 752
733 596
596 134
596 458
596 651
751 596
596 852
956 596
596 343
596 868
782 596
596 723
596 223
396 596
596 488
30 596
466 596
596 182
596 255
596 690
400 596
42 596
154 596
596 418
286 596
596 132
596 225
596 171
596 918
387 596
596 368
596 703
32 596
596 898
596 560
596 478
596 311
855 596
111 596
602 596
596 40
822 596
596 929
596 155
596 169
596 72
596 231
596 122
678 596
623 596
596 556
866 596
307 596
596 236
596 216
542 596
596 663
324 596
596 64
596 950
571 596
596 483
562 596
238 596
596 470
628 596
5 596
869 596
596 379
596 699
612 596
165 596
596 373
596 978
816 596
596 130
133 596
596 181
806 596
596 446
298 596
778 596
596 609
320 596
867 596
76 596
596 773
969 596
596 395
596 919
596 85
596 994
596 440
451 596
857 596
596 321
957 596
596 386
463 596
692 596
603 596
342 596
151 596
596 189
206 596
596 607
596 480
462 596
426 596
596 112
90 596
596 92
596 11
596 777
596 65
172 596
531 596
596 41
24 596
596 272
413 596
596 721
770 596
392 596
596 731
168 596
158 596
588 596
241 596
596 599
541 596
596 769
596 993
596 176
596 479
596 726
596 289
596 616
509 596
596 871
596 56
596 987
596 120
341 596
557 596
916 596
96 596
282 596
139 596
335 596
596 232
412 596
365 596
546 596
596 553
951 596
798 596
596 211
359 596
346 596
624 596
228 596
230 596
596 837
570 596
596 793
596 883
926 596
596 521
596 499
317 596
53 596
173 596
263 596
460 596
596 903
580 596
744 596
596 492
217 596
596 453
596 146
38 596
596 945
523 596
596 904
465 596
596 381
21 596
763 596
922 596
821 596
949 596
768 596
305 596
170 596
841 596
740 596
833 596
812 596
530 596
596 371
775 596
596 735
596 118
647 596
348 596
596 828
596 771
355 596
73 596
137 596
619 596
596 767
596 563
596 644
975 596
596 270
227 596
312 596
596 13
596 593
577 596
596 579
328 596
322 596
596 37
596 605
596 794
917 596
276 596
610 596
596 743
596 779
811 596
435 596
596 901
877 596
484 596
596 881
737 596
401 596
968 596
596 636
629 596
754 596
895 596
596 403
718 596
35 596
596 434
302 596
339 596
596 749
50 596
244 596
329 596
596 638
596 591
873 596
7 596
28 596
596 964
882 596
596 660
596 693
598 596
596 902
700 596
596 874
596 823
186 596
596 656
596 645
596 897
281 596
0 596
876 596
596 618
518 596
522 596
427 596
185 596
596 677
596 222
291 596
697 596
596 159
596 666
309 596
911 596
596 448
976 596
596 104
197 596
875 596
377 596
802 596
374 596
646 596
247 596
70 596
596 190
596 515
288 596
596 110
354 596
114 596
423 596
39 596
596 933
912 596
596 265
284 596
310 596
596 846
596 237
715 596
674 596
126 596
596 761
596 791
278 596
997 596
596 256
362 596
596 417
991 596
482 596
437 596
596 986
596 221
596 684
795 596
215 596
596 369
596 175
758 596
596 353
596 705
336 596
596 246
596 487
596 461
682 596
596 283
801 596
596 3
432 596
596 589
167 596
596 727
596 921
596 421
672 596
596 202
596 226
501 596
596 83
596 913
596 765
675 596
469 596
394 596
596 772
596 514
552 596
513 596
808 596
596 681
597 596
596 326
17 596
596 799
596 163
596 314
596 587
380 596
254 596
805 596
596 191
596 527
809 596
622 596
534 596
596 989
716 596
49 596
389 596
596 351
596 796
596 896
596 357
261 596
596 388
596 776
393 596
596 332
596 27
425 596
695 596
596 361
299 596
596 658
990 596
596 941
596 604
596 854
596 639
596 936
596 972
596 503
596 459
596 995
596 290
581 596
596 109
292 596
498 596
596 835
596 101
653 596
596 497
905 596
125 596
596 486
596 900
815 596
596 641
596 832
51 596
264 596
25 596
596 102
596 750
596 554
596 9
250 596
596 144
558 596
52 596
596 652
596 831
410 596
892 596
596 746
853 596
596 870
422 596
596 259
596 701
596 683
331 596
257 596
596 330
63 596
596 293
596 863
55 596
596 194
19 596
596 567
596 97
596 797
983 596
820 596
77 596
596 722
596 268
596 62
596 932
596 590
596 564
561 596
596 566
704 596
538 596
596 475
792 596
596 819
725 596
596 67
596 889
419 596
334 596
665 596
596 29
712 596
783 596
131 596
667 596
596 906
195 596
640 596
596 455
596 615
382 596
626 596
596 717
596 830
872 596
504 596
313 596
249 596
596 415
303 596
58 596
596 844
596 947
596 471
596 861
596 407
977 596
508 596
80 596
596 998
596 650
780 596
668 596
399 596
596 36
596 506
880 596
827 596
383 596
596 370
358 596
890 596
676 596
596 367
79 596
433 596
596 788
596 729
734 596
596 405
375 596
596 586
745 596
596 138
596 631
635 596
596 940
596 642
229 596
596 349
490 596
596 849
596 826
669 596
596 491
596 209
548 596
596 931
596 438
596 66
706 596
679 596
596 47
123 596
596 99
686 596
596 910
429 596
596 608
787 596
747 596
596 22
481 596
596 316
224 596
596 450
596 345
970 596
596 786
620 596
800 596
596 755
596 477
555 596
233 596
596 74
596 739
596 61
596 850
790 596
366 596
23 596
935 596
963 596
893 596
397 596
596 136
529 596
113 596
464 596
266 596
596 119
596 338
596 595
235 596
596 649
476 596
596 537
596 142
596 673
596 431
596 736
596 267
596 925
596 520
596 742
88 596
643 596
105 596
141 596
596 583
756 596
967 596
166 596
596 116
839 596
212 596
596 810
596 411
596 43
596 442
200 596
378 596
596 851
505 596
243 596
2 596
178 596
596 148
596 611
784 596
500 596
574 596
258 596
596 363
596 275
937 596
6 596
596 621
899 596
596 68
596 952
406 596
596 277
596 15
596 161
124 596
915 596
208 596
452 596
600 596
596 730
127 596
814 596
596 376
596 980
511 596
319 596
596 285
596 550
596 183
691 596
140 596
596 296
596 992
596 408
596 340
596 493
18 596
69 596
596 201
596 350
596 409
596 781
391 596
596 654
596 485
596 164
982 596
596 585
596 687
596 269
199 596
596 71
596 287
214 596
813 596
398 596
60 596
596 439
596 702
436 596
540 596
596 468
596 979
519 596
135 596
971 596
596 817
617 596
596 14
596 304
596 347
596 670
582 596
596 741
596 103
596 632
958 596
774 596
106 596
150 596
179 596
965 596
253 596
836 596
532 596
625 596
596 689
938 596
596 760
596 59
596 89
759 596
596 724
655 596
596 364
596 152
596 91
596 149
596 544
596 447
596 390
573 596
858 596
596 974
95 596
596 633
596 10
596 984
596 273
685 596
596 143
738 596
596 757
753 596
596 262
596 441
115 596
888 596
596 664
596 512
596 543
596 192
596 308
596 306
962 596
596 196
596 177
596 454
129 596
711 596
909 596
659 596
75 596
596 323
596 205
596 87
494 596
766 596
596 414
859 596
575 596
596 524
596 8
572 596
596 930
596 601
596 1
596 352
596 762
955 596
596 117
596 804
596 732
420 596
596 526
596 516
220 596
596 337
596 714
315 596
86 596
596 207
596 719
596 157
596 865
713 596
943 596
121 596
596 569
596 606
372 596
907 596
885 596
688 596
416 596
838 596
944 596
4 596
879 596
551 596
596 16
279 596
946 596
204 596
596 680
559 596
596 496
300 596
596 545
443 596
596 533
596 884
596 630
923 596
596 203
596 234
829 596
596 402
627 596
596 536
46 596
449 596
596 20
596 108
596 218
596 188
128 596
596 614
596 924
927 596
294 596
914 596
596 45
592 596
596 325
596 549
596 33
596 98
694 596
180 596
960 596
671 596
280 596
596 242
596 594
584 596
596 959
147 596
596 34
596 834
145 596
456 596
596 698
596 495
596 728
596 785
596 26
843 596
596 384
764 596
596 404
84 596
596 430
596 93
961 596
467 596
81 596
174 596
596 344
596 162
596 193
94 596
596 445
333 596
596 576
596 301
596 356
596 634
596 807
596 942
596 657
596 473
547 596
596 696
596 578
213 596
596 360
596 424
860 596
596 251
596 245
596 887
596 457
219 596
260 596
596 803
271 596
385 596
596 240
596 662
985 596
596 847
596 886
568 596
973 596
596 517
596 295
187 596
596 54
596 107
596 78
999 596
444 596
153 596
596 82
596 156
840 596
596 648
596 948
596 474
596 507
596 489
596 708
939 596
274 596
596 327
596 160
596 864
928 596
596 31
818 596
565 596
596 252
596 535
596 525
789 596
596 184
596 510
596 920
596 878
596 210
596 748
596 472
710 596
954 596
613 596
862 596
297 596
428 596
996 596
596 908
842 596
596 988
596 953
12 596
981 596
596 100
502 596
44 596
661 596
596 318
848 596
596 891
596 825
709 596
596 539
596 720
596 845
596 248
637 596
838 785
152 883
189 784
917 92
541 691
902 913
749 304
794 542
361 271
38 146
2 805
675 179
559 382
405 580
582 669
599 829
605 463
502 852
75 530
155 243
148 277
782 150
911 404
700 938
150 884
744 188
52 752
714 257
104 419
713 785
531 569
9 51
172 439
864 529
923 386
191 832
380 893
259 441
218 160
417 428
27 900
198 811
553 96
585 694
135 337
769 543
49 43
590 253
951 210
545 183
614 368
68 888
297 318
433 294
369 688
447 36
326 871
325 686
237 561
151 763
290 148
220 917
978 482
981 297
911 289
195 449
673 974
396 197
259 638
944 532
68 389
424 136
908 791
594 957
513 828
690 298
287 979
372 107
772 603
486 57
625 408
338 434
221 493
323 326
792 801
16 42
874 373
522 112
833 722
177 426
650 116
122 684
456 34
935 571
497 868
167 806
731 477
136 592
335 791
367 310
479 659
807 535
350 429
181 632
775 896
302 980
788 875
249 531
765 718
413 554
666 541
157 350
452 507
715 761
138 625
993 203
859 408
250 953
108 412
796 673
415 248
418 735
874 56
906 817
540 274
694 427
314 934
44 773
309 729
469 894
576 373
232 762
145 113
555 608
955 657
865 826
348 773
577 60
754 552
548 713
670 156
10 329
367 685
318 85
87 344
358 664
362 261
717 65
193 90
267 153
304 124
660 12
839 890
651 271
324 810
892 523
702 294
905 816
835 635
966 934
378 836
239 636
393 361
560 476
439 663
529 519
202 192
245 314
52 815
647 692
697 551
399 760
48 191
873 997
499 305
215 750
257 846
4 543
822 209
752 368
342 624
634 64
829 821
395 416
775 471
345 544
149 727
656 506
936 769
470 461
227 777
183 722
115 483
963 370
711 876
841 126
952 789
353 476
498 11
491 423
197 978
583 431
379 867
7 857
570 158
273 77
942 199
961 539
872 948
830 84
639 39
803 866
828 372
448 401
29 661
813 964
496 227
364 727
624 723
846 977
41 967
941 3
28 706
221 463
462 231
277 879
916 184
480 460
518 704
995 613
26 344
947 371
15 851
627 950
517 493
0 672
275 860
133 347
662 163
598 93
526 455
964 387
965 46
12 260
391 638
99 798
731 78
84 273
311 96
40 125
72 922
844 941
29 25
449 63
804 815
830 60
553 527
565 920
187 410
602 456
623 589
693 83
121 393
704 674
256 679
982 5
703 161
936 100
117 774
949 501
473 41
330 420
644 904
58 831
983 385
194 14
302 666
102 633
809 157
296 937
735 730
142 745
950 146
550 404
685 267
140 418
46 422
620 185
269 823
540 503
171 33
80 780
812 558
687 556
744 74
336 106
32 360
159 222
734 680
211 86
306 796
601 278
498 641
166 300
282 575
240 515
360 925
154 85
247 984
760 504
285 469
544 444
327 301
633 54
475 578
839 239
405 768
891 320
355 538
338 451
517 758
36 951
861 516
699 494
272 434
66 581
266 333
989 891
160 955
658 675
45 204
990 230
701 631
276 601
912 430
240 610
520 880
873 374
972 757
127 473
740 809
82 840
795 947
870 753
834 818
189 580
214 969
914 736
547 9
825 491
481 292
649 484
956 500
855 539
103 623
268 140
909 174
848 67
716 7
51 977
386 359
645 334
970 504
678 512
671 854
649 900
207 433
857 399
639 918
508 767
903 564
492 681
842 91
82 615
724 863
870 866
643 43
786 640
550 590
813 213
119 844
186 366
365 682
322 90
753 572
49 876
980 15
313 54
944 648
501 920
931 984
991 114
751 738
929 776
938 579
290 957
262 690
289 927
618 532
179 970
629 93
708 739
559 960
987 848
311 652
927 826
67 445
4 101
858 754
64 81
420 806
118 263
883 58
437 131
952 83
161 742
528 766
34 207
506 375
464 363
330 759
216 323
92 14
457 737
728 233
143 436
620 19
106 703
849 986
299 587
416 647
877 472
202 521
567 490
737 215
655 226
466 185
930 402
282 988
591 81
383 209
489 536
549 279
619 284
925 301
923 398
788 281
688 229
343 414
855 607
878 495
214 740
264 328
13 94
37 166
2 557
388 288
933 709
21 342
799 845
782 640
859 409
805 860
272 843
66 270
567 689
646 968
251 849
126 817
230 71
862 945
912 236
631 524
642 994
576 720
70 820
992 79
145 568
428 198
8 963
199 803
73 20
346 701
212 435
286 430
973 746
281 680
400 808
536 878
958 593
369 759
390 462
206 80
698 173
13 709
660 836
142 137
654 465
421 349
887 892
919 741
822 246
315 987
451 969
237 730
37 889
236 151
700 845
238 756
997 30
467 787
573 676
563 852
676 618
962 308
568 577
907 111
856 32
466 578
226 436
965 128
662 260
588 381
394 59
50 974
915 706
606 165
926 319
245 341
645 956
512 123
73 228
91 22
533 331
643 20
410 922
881 990
842 366
863 234
593 89
461 634
382 152
315 698
450 871
5 325
534 395
710 17
332 254
595 321
495 930
991 605
75 776
238 781
787 975
11 474
802 864
602 604
432 551
402 432
114 897
453 948
738 255
17 61
535 459
6 429
435 994
278 223
286 736
687 641
383 872
317 241
487 850
484 109
339 97
120 946
597 500
460 723
184 592
222 612
119 807
452 203
699 768
208 721
537 175
525 252
586 595
0 879
457 981
971 47
309 716
116 190
597 176
204 453
718 255
670 134
370 779
513 712
397 298
320 725
526 691
682 904
284 442
411 149
546 348
261 1
840 783
65 234
77 726
644 390
335 385
280 62
847 397
110 414
283 253
206 132
229 603
128 937
217 208
562 319
388 772
356 721
497 547
663 905
802 254
481 359
646 288
422 454
811 265
799 47
764 823
665 574
122 617
25 747
392 658
196 23
632 976
258 124
438 28
141 468
492 684
667 88
557 838
820 167
300 450
244 98
263 814
478 627
70 921
99 62
283 182
249 313
35 499
162 696
913 827
655 235
566 137
608 38
377 421
69 355
250 919
333 223
582 574
487 628
902 693
886 789
349 24
616 538
381 953
105 50
719 296
832 665
188 959
440 308
677 514
856 834
187 104
967 441
129 999
170 588
889 276
425 295
521 610
777 180
696 954
943 118
442 496
327 376
875 53
890 790
69 162
42 210
352 954
225 186
55 968
797 147
881 747
514 636
616 129
133 303
979 728
485 564
339 293
195 447
212 901
604 707
242 103
174 312
306 347
211 507
683 455
837 446
138 705
910 909
266 95
898 40
291 746
176 793
424 287
340 443
78 510
458 56
125 565
637 903
617 973
97 459
471 351
53 352
105 256
985 200
612 219
334 264
252 877
885 598
983 784
384 792
609 156
869 365
679 505
579 572
933 16
629 745
949 164
833 407
778 614
888 525
423 130
534 622
710 801
861 242
312 231
485 446
626 76
940 708
219 224
516 940
503 926
882 377
44 328
558 488
571 945
86 425
79 413
910 340
331 178
39 779
403 131
479 637
190 205
961 448
135 445
362 812
939 935
717 816
233 868
443 169
440 533
112 474
825 742
396 818
692 354
548 401
363 337
378 677
999 24
869 406
483 630
587 851
464 147
180 790
761 958
470 695
824 509
285 357
765 862
732 295
181 554
437 596
743 847
305 528
132 546
715 192
750 562
749 26
530 724
756 764
853 887
265 196
865 427
798 403
946 928
346 897
329 515
168 594
549 74
837 391
850 374
705 35
621 31
733 10
552 591
707 120
279 943
831 322
596 141
668 656
581 100
235 886
486 939
695 748
324 560
650 537
130 885
321 635
672 895
545 482
57 21
175 139
998 475
835 942
748 689
291 628
8 251
712 511
63 959
786 110
307 275
648 213
246 108
508 599
412 394
758 678
901 804
415 671
771 895
893 767
583 354
177 932
652 960
971 379
269 316
683 898
59 584
915 248
380 819
218 426
914 417
867 292
771 228
932 343
303 510
489 661
966 182
985 924
89 858
409 3
170 921
94 518
566 115
995 398
48 153
800 164
626 882
523 797
674 169
575 770
225 561
563 720
763 389
613 908
711 781
681 884
61 975
6 392
163 899
375 76
268 741
505 894
609 762
316 669
468 127
667 611
178 1
72 280
739 853
98 766
770 454
988 19
274 931
201 144
134 732
488 357
345 899
310 194
982 522
527 630
376 358
353 121
158 589
102 173
232 172
243 586
341 88
406 755
996 165
33 144
293 793
570 734
843 71
270 524
216 719
600 384
810 606
171 725
143 351
556 795
364 996
307 928
200 916
258 962
480 477
929 23
621 101
419 555
659 159
201 247
808 918
107 821
896 778
686 444
411 622
702 668
854 783
726 653
400 332
217 220
244 611
794 113
155 733
800 654
30 154
924 993
615 502
542 371
986 494
356 906
407 465
139 224
729 573
998 472
600 989
584 755
519 111
299 819
569 697
520 490
241 18
743 205
757 467
751 438
714 976
45 55
907 193
123 22
95 458
841 511
262 657
336 619
168 880
431 317
972 109
509 651
27 585
117 814
642 87
992 653
824 664
18 478
607 780
774 827
