1000
331 742
331 349
93 331
331 313
858 331
186 331
331 79
963 331
331 655
794 331
331 708
331 617
331 825
816 331
331 972
331 433
331 386
151 331
331 65
26 331
331 507
331 827
874 331
331 763
754 331
331 326
542 331
317 331
411 331
843 331
331 581
499 331
331 294
731 331
350 331
331 377
331 716
331 776
889 331
331 758
150 331
331 900
331 142
332 331
539 331
589 331
331 228
331 988
331 479
401 331
351 331
621 331
331 435
461 331
51 331
331 543
295 331
331 205
832 331
331 740
331 159
288 331
309 331
331 419
291 331
10 331
331 301
153 331
331 775
438 331
12 331
331 492
331 83
614 331
331 462
331 671
762 331
331 98
185 331
331 310
865 331
188 331
571 331
331 459
331 622
200 331
551 331
331 848
331 996
331 396
178 331
113 331
196 331
847 331
652 331
7 331
362 331
936 331
917 331
193 331
331 242
374 331
743 331
820 331
331 162
331 627
331 105
331 226
241 331
734 331
331 363
331 739
331 760
331 410
331 882
331 838
22 331
387 331
331 688
32 331
331 355
331 899
331 890
331 230
331 513
455 331
901 331
293 331
331 224
331 706
331 725
594 331
331 168
331 925
331 238
331 383
331 40
91 331
331 881
331 95
154 331
331 646
331 576
147 331
331 653
331 529
121 331
583 331
160 331
331 444
221 331
817 331
331 497
331 197
331 165
704 331
510 331
761 331
331 902
331 603
331 277
331 974
180 331
939 331
331 585
269 331
985 331
331 781
176 331
331 926
710 331
595 331
404 331
331 649
331 316
331 38
331 587
331 100
331 2
470 331
331 204
331 522
955 331
814 331
331 793
982 331
331 69
331 626
137 331
454 331
331 598
331 811
512 331
331 823
991 331
331 787
696 331
331 371
548 331
331 971
331 28
331 473
331 862
331 830
468 331
331 391
24 331
331 287
331 867
878 331
246 331
331 969
546 331
596 331
597 331
331 701
331 806
111 331
612 331
491 331
331 267
42 331
639 331
331 257
314 331
467 331
331 777
331 713
664 331
541 331
331 457
434 331
331 521
331 379
331 84
331 845
331 439
662 331
331 914
738 331
331 402
331 915
720 331
331 538
331 206
171 331
430 331
331 249
331 530
883 331
259 331
431 331
331 169
623 331
663 331
302 331
683 331
218 331
850 331
331 631
496 331
948 331
331 928
441 331
672 331
331 651
331 559
644 331
331 11
342 331
488 331
422 331
331 308
331 946
331 632
606 331
331 895
331 400
531 331
331 412
829 331
591 331
331 796
331 46
831 331
331 907
331 686
331 490
853 331
331 413
766 331
250 331
331 231
962 331
331 138
331 187
709 331
331 222
331 841
331 30
493 331
331 537
690 331
331 183
719 331
331 966
125 331
331 516
765 331
133 331
331 437
718 331
700 331
331 637
331 970
274 331
307 331
750 331
331 729
331 73
331 189
331 586
331 789
318 331
331 661
331 60
331 152
618 331
965 331
17 331
331 790
59 331
331 64
868 331
331 347
978 331
331 145
369 331
544 331
331 609
506 331
773 331
184 331
977 331
384 331
871 331
331 373
331 87
201 331
331 155
331 837
500 331
331 556
331 728
331 774
699 331
229 331
331 101
574 331
331 353
331 322
634 331
616 331
950 331
331 511
952 331
331 284
331 248
96 331
364 331
67 331
331 4
676 331
922 331
599 331
687 331
331 240
331 896
331 876
331 561
331 504
486 331
280 331
324 331
619 331
331 394
331 356
365 331
331 967
392 331
331 851
331 311
331 195
426 331
331 502
164 331
282 331
8 331
331 415
957 331
331 815
331 172
331 235
331 918
331 495
331 276
334 331
331 630
545 331
331 536
331 445
331 43
983 331
736 331
331 905
331 755
786 331
573 331
331 306
331 894
519 331
331 18
691 331
331 75
331 116
555 331
331 166
331 92
938 331
144 331
331 360
331 483
432 331
68 331
331 804
177 331
331 578
107 331
951 331
331 657
812 331
638 331
331 949
278 331
54 331
102 331
331 534
244 331
797 331
331 673
331 395
72 331
849 331
331 608
331 689
331 999
880 331
331 136
331 157
331 912
331 791
331 520
805 331
331 524
331 191
331 330
331 128
989 331
66 331
119 331
331 518
219 331
34 331
321 331
305 331
331 223
331 923
756 331
331 352
331 498
331 677
331 508
836 331
41 331
331 450
331 920
331 48
341 331
331 870
331 875
577 331
397 331
707 331
80 331
980 331
331 527
331 818
331 855
659 331
331 679
331 993
717 331
331 263
935 331
331 703
331 785
331 340
601 331
331 554
122 331
331 471
331 968
331 123
331 208
331 110
427 331
331 579
331 660
237 331
456 331
331 62
331 337
331 779
331 757
331 319
799 331
331 126
378 331
329 331
331 861
540 331
331 973
509 331
425 331
331 296
523 331
255 331
442 331
9 331
746 331
674 331
331 129
331 108
331 570
647 331
331 357
331 798
803 331
964 331
472 331
56 331
331 161
331 702
331 884
328 331
76 331
36 331
558 331
179 331
887 331
77 331
331 892
331 408
331 714
339 331
819 331
331 210
331 834
331 549
482 331
207 331
458 331
331 299
331 37
211 331
602 331
958 331
6 331
380 331
338 331
331 89
331 526
331 335
451 331
331 86
331 466
331 828
331 741
749 331
292 331
331 840
331 635
331 730
258 331
331 453
149 331
888 331
331 705
331 945
325 331
331 446
331 132
331 605
331 807
711 331
460 331
409 331
331 712
331 429
331 934
331 44
331 727
217 331
721 331
331 265
331 800
331 737
331 567
331 127
343 331
331 937
930 331
481 331
167 331
620 331
331 134
99 331
331 70
648 331
331 944
331 140
552 331
423 331
331 869
680 331
61 331
331 908
298 331
173 331
375 331
331 290
398 331
331 130
331 406
517 331
331 385
331 156
416 331
331 106
331 695
331 733
613 331
19 331
331 323
331 572
199 331
678 331
557 331
331 771
361 331
562 331
331 802
331 489
331 979
331 449
103 331
331 891
143 331
331 747
331 333
656 331
331 297
13 331
331 182
331 767
893 331
645 331
826 331
610 331
331 560
976 331
331 547
331 833
942 331
283 331
331 752
372 331
94 331
654 331
584 331
331 463
443 331
358 331
866 331
331 285
877 331
331 715
370 331
120 331
331 212
331 109
331 792
331 31
331 693
782 331
271 331
331 252
331 854
331 986
954 331
47 331
115 331
53 331
331 141
694 331
863 331
564 331
331 808
611 331
331 666
331 726
331 428
243 331
947 331
175 331
813 331
995 331
331 452
697 331
684 331
588 331
3 331
331 236
667 331
879 331
331 941
658 331
331 320
331 21
331 245
485 331
331 345
448 331
759 331
300 331
331 25
331 933
873 331
331 984
331 85
331 911
146 331
163 331
331 909
331 528
331 732
16 331
628 331
331 148
393 331
331 266
39 331
331 447
331 904
331 58
331 118
331 74
475 331
331 227
331 535
331 994
331 582
331 910
20 331
331 625
669 331
414 331
569 331
331 748
566 331
279 331
376 331
487 331
390 331
331 49
304 331
906 331
331 844
735 331
348 331
331 810
650 331
593 331
331 751
331 253
636 331
331 97
987 331
331 440
331 839
331 494
331 745
331 503
331 961
331 14
331 315
331 615
331 990
331 170
81 331
331 629
331 45
331 0
331 857
465 331
331 842
424 331
822 331
331 27
331 795
331 367
331 670
331 698
331 29
209 331
331 33
929 331
975 331
764 331
331 215
331 1
331 685
784 331
331 192
331 233
919 331
331 135
331 131
331 886
477 331
897 331
331 682
273 331
254 331
331 35
331 997
251 331
532 331
331 772
501 331
913 331
331 23
769 331
331 52
88 331
405 331
388 331
331 783
203 331
420 331
331 992
809 331
331 643
533 331
859 331
418 331
331 382
331 57
331 788
359 331
568 331
484 331
331 194
213 331
262 331
514 331
124 331
331 346
331 959
331 220
190 331
331 281
641 331
846 331
480 331
268 331
331 112
515 331
331 801
331 344
331 852
331 624
239 331
331 525
331 234
260 331
331 139
943 331
331 312
474 331
50 331
953 331
331 903
331 885
270 331
331 722
553 331
5 331
331 407
331 550
821 331
158 331
824 331
331 921
331 580
331 464
331 403
331 633
916 331
665 331
604 331
768 331
331 436
104 331
331 181
331 940
399 331
331 336
417 331
331 272
331 590
331 114
331 261
214 331
331 932
331 232
331 960
354 331
225 331
286 331
303 331
898 331
331 117
600 331
723 331
331 668
90 331
331 724
331 592
389 331
331 607
331 956
476 331
331 860
331 216
681 331
256 331
331 198
331 478
331 63
331 642
565 331
421 331
202 331
331 368
780 331
366 331
247 331
331 640
174 331
675 331
331 744
331 78
770 331
778 331
331 289
927 331
469 331
55 331
331 575
331 753
275 331
327 331
924 331
331 505
331 856
331 864
71 331
264 331
872 331
331 381
331 931
563 331
692 331
15 331
331 82
835 331
331 998
331 981
917 172
917 732
328 917
917 330
374 917
312 917
949 917
917 880
917 811
708 917
489 917
779 917
917 874
917 32
783 917
917 161
551 917
754 917
381 917
917 951
917 655
23 917
917 337
574 917
917 506
362 917
776 917
917 870
235 917
850 917
163 917
917 396
917 451
917 405
694 917
917 956
738 917
917 97
493 917
917 619
917 715
917 118
917 595
917 126
279 917
917 647
604 917
484 917
917 207
839 917
917 154
917 180
734 917
917 953
68 917
917 552
917 827
917 82
917 196
750 917
917 177
924 917
917 512
360 917
297 917
54 917
411 917
917 302
594 917
917 292
63 917
935 917
917 534
917 613
917 959
917 983
191 917
116 917
917 263
653 917
917 943
917 192
836 917
988 917
899 917
917 246
917 649
149 917
917 590
83 917
917 7
437 917
917 4
491 917
365 917
110 917
342 917
917 421
429 917
373 917
274 917
828 917
974 917
519 917
917 713
837 917
434 917
485 917
687 917
508 917
917 95
749 917
917 605
917 829
917 791
917 313
917 802
456 917
917 941
917 642
648 917
917 537
361 917
450 917
469 917
917 822
229 917
917 251
917 320
227 917
852 917
917 449
917 25
917 259
917 576
19 917
917 270
917 622
917 550
824 917
917 339
897 917
917 965
5 917
121 917
917 683
917 623
435 917
917 56
244 917
561 917
812 917
917 928
917 321
457 917
159 917
917 591
917 707
917 9
917 665
917 13
917 937
917 94
861 917
917 26
144 917
917 722
917 603
224 917
179 917
917 888
917 834
231 917
917 699
917 571
535 917
77 917
917 247
917 767
917 997
730 917
672 917
420 917
917 350
917 354
917 788
858 917
916 917
930 917
917 222
917 992
639 917
917 547
917 970
305 917
454 917
917 448
917 743
917 863
296 917
917 507
917 33
917 458
917 540
917 392
917 67
917 853
477 917
917 223
87 917
917 123
917 967
917 124
30 917
917 174
917 514
917 276
143 917
917 513
887 917
917 990
917 728
650 917
917 464
917 300
917 453
917 644
910 917
917 186
958 917
917 394
917 771
917 516
917 495
525 917
817 917
917 156
917 940
446 917
630 917
917 787
917 994
599 917
413 917
275 917
917 139
917 830
138 917
917 410
917 833
825 917
753 917
917 233
917 848
917 64
565 917
151 917
601 917
917 946
539 917
891 917
917 386
917 135
20 917
723 917
917 761
626 917
917 927
917 467
917 962
917 486
84 917
917 2
318 917
917 461
616 917
682 917
248 917
917 148
917 43
794 917
479 917
567 917
917 790
917 372
917 423
969 917
214 917
917 188
917 115
917 100
208 917
563 917
917 615
917 698
190 917
301 917
917 727
660 917
917 807
51 917
1 917
917 799
99 917
635 917
881 917
243 917
439 917
922 917
917 624
215 917
438 917
917 399
917 427
917 629
917 932
917 36
917 286
917 74
854 917
917 331
703 917
977 917
511 917
109 917
24 917
917 380
917 440
917 963
518 917
917 818
917 755
917 349
917 913
917 445
917 823
845 917
917 502
368 917
917 878
917 211
917 282
952 917
766 917
917 522
919 917
917 971
165 917
917 757
917 821
515 917
917 798
500 917
706 917
917 774
917 481
657 917
588 917
917 538
917 216
375 917
917 480
917 237
917 34
917 503
521 917
917 294
917 45
436 917
917 786
917 403
917 918
917 819
815 917
242 917
793 917
740 917
917 964
917 332
691 917
917 280
841 917
474 917
917 290
917 146
483 917
917 195
685 917
917 929
917 285
92 917
66 917
917 232
917 632
917 475
668 917
917 101
917 670
278 917
917 726
548 917
917 810
41 917
917 254
675 917
978 917
409 917
917 628
308 917
917 676
88 917
917 96
917 378
917 335
917 303
8 917
50 917
867 917
917 53
896 917
917 982
917 252
917 388
714 917
347 917
917 745
553 917
406 917
541 917
917 262
917 419
193 917
711 917
113 917
106 917
917 581
520 917
947 917
917 38
777 917
917 72
917 261
917 341
401 917
917 542
228 917
942 917
499 917
65 917
866 917
557 917
917 472
748 917
917 319
917 157
917 545
917 114
917 198
892 917
917 634
666 917
238 917
529 917
938 917
917 993
917 945
917 865
558 917
917 908
917 102
31 917
911 917
355 917
492 917
35 917
640 917
917 934
367 917
579 917
720 917
700 917
917 733
917 617
917 15
917 718
281 917
316 917
917 763
645 917
917 789
487 917
917 127
917 816
917 856
917 369
424 917
241 917
917 737
917 621
133 917
128 917
917 357
366 917
917 425
37 917
664 917
917 781
721 917
48 917
917 661
917 862
917 739
134 917
917 299
917 140
917 549
917 968
696 917
847 917
917 183
690 917
731 917
197 917
917 902
820 917
917 762
917 120
917 125
826 917
917 253
917 813
917 920
917 283
917 651
917 202
917 81
107 917
917 692
917 729
917 184
917 59
907 917
917 442
917 656
917 166
21 917
917 893
917 517
334 917
917 768
917 344
383 917
759 917
917 689
917 797
527 917
917 284
917 936
917 782
917 764
917 654
917 364
917 808
987 917
620 917
221 917
917 185
917 155
602 917
917 400
773 917
684 917
377 917
917 528
926 917
325 917
203 917
346 917
917 3
416 917
917 536
917 662
497 917
917 317
917 61
304 917
917 504
917 236
917 488
173 917
40 917
917 494
543 917
917 415
917 680
609 917
917 906
447 917
498 917
338 917
917 371
701 917
917 473
917 443
917 234
218 917
917 478
618 917
220 917
555 917
917 688
709 917
917 315
917 585
468 917
957 917
980 917
917 981
917 533
917 804
917 716
917 904
844 917
917 532
917 679
717 917
47 917
917 702
917 663
917 736
917 14
917 747
917 62
872 917
917 751
765 917
917 667
169 917
610 917
985 917
917 205
917 586
917 646
153 917
917 407
917 546
917 851
917 265
917 857
885 917
531 917
465 917
917 240
806 917
917 466
917 444
917 258
336 917
758 917
842 917
49 917
917 108
70 917
562 917
298 917
917 309
132 917
509 917
145 917
199 917
917 75
917 393
268 917
917 625
917 219
917 323
948 917
217 917
917 385
917 606
917 322
917 111
271 917
60 917
917 984
917 428
912 917
122 917
840 917
580 917
917 73
838 917
917 895
69 917
917 775
917 391
744 917
382 917
572 917
230 917
79 917
917 921
917 78
71 917
462 917
206 917
917 901
187 917
137 917
917 871
306 917
917 889
22 917
877 917
917 103
996 917
289 917
917 58
917 855
917 925
979 917
917 584
917 6
27 917
272 917
917 310
917 85
917 931
917 16
741 917
917 873
387 917
370 917
917 746
917 950
917 295
917 404
76 917
917 57
917 976
189 917
917 638
917 93
352 917
917 129
917 422
225 917
917 846
917 256
917 973
669 917
917 955
989 917
917 505
496 917
917 879
627 917
917 554
917 91
441 917
917 158
917 705
917 570
182 917
869 917
917 408
917 10
917 575
917 573
884 917
917 800
147 917
200 917
482 917
917 119
917 582
917 288
917 204
510 917
917 130
917 327
917 756
28 917
886 917
917 795
255 917
917 592
772 917
917 152
524 917
917 260
307 917
917 267
778 917
917 209
597 917
150 917
12 917
636 917
917 402
917 345
917 324
917 490
917 612
917 560
917 883
917 426
917 430
389 917
917 697
395 917
917 785
917 725
583 917
961 917
363 917
412 917
226 917
917 501
954 917
249 917
864 917
917 600
719 917
356 917
476 917
882 917
390 917
917 633
898 917
917 104
972 917
917 358
859 917
566 917
343 917
131 917
39 917
917 239
245 917
917 329
917 167
414 917
596 917
966 917
917 80
917 631
917 792
181 917
250 917
900 917
917 637
652 917
917 914
917 659
52 917
917 784
917 674
917 780
917 681
917 523
359 917
287 917
999 917
915 917
831 917
917 578
917 556
917 526
917 379
917 530
917 452
678 917
710 917
917 333
752 917
559 917
178 917
460 917
160 917
894 917
917 212
564 917
917 986
89 917
470 917
162 917
917 724
917 796
917 695
917 432
917 459
917 417
463 917
917 418
917 117
257 917
917 266
917 471
917 291
376 917
917 29
917 340
917 433
917 875
917 201
995 917
917 611
917 264
351 917
269 917
455 917
905 917
917 42
658 917
608 917
917 194
933 917
55 917
909 917
917 677
917 835
917 593
917 326
171 917
384 917
136 917
917 90
917 769
917 17
917 44
917 142
607 917
917 849
917 814
0 917
170 917
704 917
397 917
311 917
960 917
712 917
917 11
917 975
917 860
293 917
917 141
917 98
917 693
917 589
46 917
917 801
917 832
917 686
917 587
770 917
890 917
917 735
614 917
568 917
398 917
991 917
598 917
876 917
213 917
176 917
917 18
917 805
843 917
917 868
917 809
917 86
577 917
431 917
348 917
917 277
917 803
917 544
917 903
917 643
917 944
917 671
210 917
917 168
917 673
175 917
353 917
273 917
917 939
917 164
923 917
314 917
917 569
641 917
112 917
742 917
917 998
105 917
917 760
